485355018.8613 0.4364039 -0.4634494 1.196392
485355051.8738 0.4360999 -0.4598441 1.197782
485355085.9828 0.4361318 -0.4585943 1.19789
485355118.8725 0.4361781 -0.4579814 1.198065
485355151.8567 0.4362656 -0.4570045 1.198403
485355185.9329 0.4363032 -0.4570628 1.198405
485355218.8641 0.4372126 -0.4768385 1.195264
485355251.8704 0.4371804 -0.4781218 1.194968
485355285.9466 0.4373328 -0.4684779 1.197376
485355318.8634 0.4371866 -0.471779 1.19687
485355351.8566 0.4366275 -0.4508665 1.198565
485355385.9439 0.4366175 -0.4509138 1.198562
485355418.8927 0.4374342 -0.4769183 1.194857
485355451.8592 0.4368851 -0.4653069 1.197075
485355485.9375 0.4369821 -0.4641832 1.197281
485355518.8695 0.4370553 -0.4637994 1.197479
485355551.8705 0.4371187 -0.4630137 1.198013
485355585.9483 0.4370832 -0.4624296 1.19806
485355618.8787 0.4365265 -0.4472738 1.199939
485355651.8649 0.4365313 -0.4443413 1.201055
485355685.946 0.4362419 -0.4443052 1.200829
485355718.8579 0.4362075 -0.4442914 1.200786
485355751.87 0.4362666 -0.4482235 1.199827
485355785.9388 0.4362973 -0.4488586 1.199894
485355818.856 0.4364913 -0.4508298 1.1998
485355851.8558 0.4365175 -0.4512174 1.199944
485355885.9275 0.4382907 -0.4930276 1.196635
485355918.9326 0.4385547 -0.476182 1.199372
485355951.9138 0.4375067 -0.4516934 1.200821
485355985.9305 0.4375313 -0.4520936 1.201065
485356018.8625 0.4375513 -0.4524202 1.201264
485356051.8541 0.4375484 -0.4528494 1.201275
485356085.9352 0.4375255 -0.4528287 1.201367
485356118.852 0.4377081 -0.4950383 1.195829
485356151.8505 0.4378961 -0.4742495 1.200689
485356185.9292 0.4387027 -0.4916106 1.193852
485356218.8555 0.4373124 -0.4659784 1.2
485356251.8671 0.4373761 -0.4657633 1.19996
485356285.9335 0.4385643 -0.4920776 1.191457
485356318.8655 0.4385206 -0.4925938 1.192072
485356351.8636 0.4384851 -0.4927477 1.192223
485356385.9418 0.4385423 -0.4954755 1.191563
485356418.8923 0.4382026 -0.4757987 1.19716
485356451.865 0.4380882 -0.4727982 1.198475
485356485.9379 0.438156 -0.4715301 1.199121
485356518.8679 0.4380995 -0.4705726 1.199436
485356551.8684 0.4383076 -0.4856627 1.196085
485356585.9299 0.438277 -0.486103 1.195921
485356618.8853 0.4386484 -0.4730916 1.197696
485356651.8924 0.4388911 -0.4690586 1.197904
485356685.951 0.4389176 -0.4663406 1.198726
485356718.9064 0.438942 -0.4632668 1.1989
485356751.8679 0.4390554 -0.4530219 1.199912
485356785.9462 0.4390855 -0.4633387 1.198413
485356818.854 0.4397752 -0.4672453 1.196981
485356851.8611 0.4399646 -0.443687 1.199122
485356885.9328 0.4399035 -0.4397121 1.198768
485356918.8734 0.4401618 -0.4374797 1.197917
485356951.8789 0.4401995 -0.4370199 1.196818
485356985.9728 0.4400957 -0.4368876 1.197015
485357018.8716 0.4399696 -0.4585215 1.195917
485357051.8549 0.4397678 -0.4585434 1.195739
485357085.9311 0.4396667 -0.458664 1.195815
485357118.8586 0.4395047 -0.4586072 1.195566
485357151.8752 0.4395109 -0.4585688 1.195555
485357185.9596 0.4414846 -0.4198926 1.194564
485357218.8579 0.4394207 -0.4605435 1.195342
485357251.8519 0.4394186 -0.4604118 1.195354
485357285.9429 0.4385829 -0.4066364 1.201584
485357318.854 0.4385504 -0.4066696 1.201497
485357351.8566 0.4385255 -0.4065589 1.201394
485357385.9381 0.4384388 -0.4067226 1.201769
485357418.8574 0.4394186 -0.459266 1.194306
485357451.895 0.4375829 -0.4086088 1.203539
485357485.9268 0.437656 -0.4084402 1.202585
485357518.8638 0.4376405 -0.4084178 1.202611
485357551.8565 0.4375882 -0.4084146 1.20212
485357585.945 0.4375882 -0.4084208 1.202112
485357618.8495 0.4378007 -0.4080696 1.201214
485357651.8604 0.4378853 -0.4079351 1.200927
485357685.9518 0.4380521 -0.4077617 1.200648
485357718.8649 0.4402754 -0.457047 1.192142
485357751.8515 0.4411072 -0.4054421 1.189825
485357785.9409 0.4403523 -0.4062349 1.192761
485357818.8885 0.440264 -0.4060759 1.193107
485357851.8792 0.4401324 -0.4061218 1.19339
485357885.9455 0.4397925 -0.4060259 1.19423
485357918.8644 0.4397083 -0.4058597 1.194405
485357951.8502 0.4396321 -0.405692 1.194564
485357985.935 0.4394401 -0.4057681 1.195109
485358018.8633 0.4394684 -0.4058135 1.195364
485358051.8446 0.4394926 -0.4057868 1.195582
485358085.9274 0.4393411 -0.4055967 1.195354
485358118.8483 0.4392294 -0.4053963 1.19553
485358151.8464 0.4402068 -0.4560075 1.193956
485358185.9362 0.4402071 -0.4559706 1.193959
485358218.8637 0.4390926 -0.4046685 1.198651
485358251.8462 0.4390646 -0.4046121 1.198614
485358285.924 0.4390377 -0.4046 1.198588
485358318.8503 0.4390135 -0.4044514 1.198537
485358351.8517 0.4389743 -0.4044085 1.198541
485358385.9299 0.438973 -0.4044036 1.198542
485358418.8685 0.438932 -0.4043588 1.19851
485358451.8551 0.4389247 -0.4043437 1.198492
485358485.9453 0.4389015 -0.4045713 1.19857
485358518.8617 0.438867 -0.4045615 1.198755
485358551.8537 0.4388852 -0.4045767 1.198777
485358585.9233 0.4401927 -0.4556315 1.193918
485358618.8524 0.438347 -0.4044184 1.199634
485358651.8571 0.4383471 -0.4044572 1.199604
485358685.9193 0.4383469 -0.4044943 1.199635
485358718.8501 0.4385005 -0.404619 1.199985
485358751.8499 0.4385062 -0.4046073 1.199979
485358785.924 0.438505 -0.4046077 1.199977
485358818.8618 0.4384831 -0.4045599 1.199998
485358851.8587 0.4385464 -0.4046941 1.19992
485358885.9328 0.4386008 -0.4047663 1.199907
485358918.8472 0.4385942 -0.4047572 1.199874
485358951.842 0.4385363 -0.4047799 1.20003
485358985.9252 0.4385163 -0.4046943 1.199967
485359018.8469 0.4385047 -0.4046867 1.19993
485359051.8479 0.4385014 -0.4046655 1.199924
485359085.936 0.4384966 -0.4046338 1.199883
485359118.8442 0.4384944 -0.404623 1.199879
485359151.8715 0.4384973 -0.4046034 1.199845
485359185.9271 0.4384685 -0.4045954 1.199747
485359218.8509 0.4384599 -0.4045798 1.199767
485359251.8523 0.4384555 -0.4045838 1.199679
485359285.9253 0.4384624 -0.4045309 1.199587
485359318.8413 0.4384678 -0.4045222 1.199588
485359351.8546 0.4384594 -0.4044974 1.199589
485359385.9349 0.4384319 -0.4046541 1.199807
485359418.8476 0.4383974 -0.404726 1.19984
485359451.8642 0.4384131 -0.4047325 1.199903
485359485.9309 0.4387165 -0.4059701 1.202009
485359518.8962 0.4386937 -0.4060509 1.202154
485359551.8385 0.4387816 -0.405721 1.201811
485359585.9311 0.4409447 -0.4564021 1.196992
485359618.859 0.4388316 -0.4026751 1.202577
485359651.8485 0.438868 -0.4026293 1.202613
485359685.9329 0.4411295 -0.4554913 1.19599
485359718.8546 0.4411539 -0.4560651 1.195543
485359751.84 0.4380666 -0.4046358 1.207469
485359785.9212 0.4411391 -0.4562254 1.196486
485359818.8404 0.4410791 -0.4560978 1.196491
485359851.8451 0.4410013 -0.4560925 1.196596
485359885.9201 0.437574 -0.4090958 1.205495
485359918.8587 0.4397148 -0.4565638 1.199503
485359951.8436 0.439717 -0.4565006 1.198892
485359985.9141 0.439733 -0.4565223 1.198772
485360018.8424 0.4397027 -0.4565006 1.198444
485360051.8417 0.4397177 -0.4564897 1.198401
485360085.92 0.4397819 -0.4564328 1.198151
485360118.85 0.4397931 -0.4564457 1.198157
485360151.8542 0.4397978 -0.4564743 1.198078
485360185.9181 0.439958 -0.4564757 1.198117
485360218.8436 0.4385826 -0.4039121 1.202573
485360251.847 0.44528 -0.413186 1.200312
485360285.9298 0.4453493 -0.4132513 1.200043
485360318.8474 0.4458677 -0.4138238 1.200126
485360351.8435 0.4479267 -0.4141936 1.199205
485360385.9316 0.4501592 -0.4138682 1.198307
485360418.8447 0.4652862 -0.3999133 1.203454
485360451.8362 0.4664209 -0.4009573 1.202727
485360485.912 0.5255505 -0.3327638 1.20664
485360518.849 0.5156147 -0.3225843 1.202232
485360551.8434 0.5172568 -0.2970164 1.192755
485360585.9179 0.5222774 -0.2797035 1.186985
485360618.8532 0.5300992 -0.2462901 1.17879
485360651.846 0.5302615 -0.2359726 1.174481
485360685.9485 0.5253108 -0.2318309 1.174626
485360718.8423 0.5039506 -0.2224986 1.17158
485360751.8355 0.5003716 -0.2191224 1.174543
485360785.9302 0.5164273 -0.1617057 1.179665
485360818.8523 0.5066985 -0.1459411 1.181425
485360851.855 0.4687666 -0.1753846 1.151217
485360885.9579 0.4935333 -0.1224482 1.177727
485360918.8422 0.4894686 -0.1094481 1.135996
485360951.8539 0.4925895 -0.1003212 1.138479
485360985.9248 0.4932694 -0.0956687 1.139586
485361018.8547 0.4948142 -0.09399043 1.140256
485361051.8434 0.4944975 -0.09371331 1.14108
485361085.9106 0.4798826 -0.1279862 1.133247
485361118.8442 0.5064315 -0.1087565 1.194034
485361151.8711 0.4765591 -0.1614727 1.157387
485361185.9177 0.4735264 -0.1787162 1.158744
485361218.8505 0.4783743 -0.1916365 1.182547
485361251.8408 0.4841452 -0.2051224 1.183499
485361285.9191 0.4942382 -0.2092086 1.183385
485361318.8441 0.5253225 -0.2043968 1.172886
485361351.8373 0.5278887 -0.2146662 1.169092
485361385.9332 0.5333084 -0.2271188 1.164888
485361418.8373 0.5323921 -0.235229 1.169304
485361451.8391 0.5263749 -0.2432556 1.172283
485361485.912 0.524029 -0.2528765 1.171769
485361518.8362 0.5196558 -0.2679301 1.171106
485361551.8504 0.5151304 -0.2768485 1.172914
485361585.9167 0.5068697 -0.2847416 1.179003
485361618.8389 0.5017576 -0.2907242 1.184303
485361651.8522 0.4609227 -0.3611315 1.194296
485361685.914 0.4604129 -0.3648072 1.193619
485361718.8325 0.4600525 -0.369738 1.193217
485361751.8396 0.459572 -0.3716684 1.192932
485361785.9265 0.4594039 -0.3726332 1.192789
485361818.8318 0.4598732 -0.3731988 1.19209
485361851.8414 0.4595516 -0.3737702 1.192371
485361885.9189 0.4614291 -0.3328828 1.201747
485361918.8492 0.4557037 -0.3756526 1.192414
485361951.8461 0.4609305 -0.3343666 1.202234
485361985.9227 0.4544263 -0.3775058 1.191324
485362018.8642 0.454495 -0.3777778 1.191247
485362051.8434 0.4546142 -0.3810917 1.191706
485362085.9171 0.4543726 -0.3812843 1.192629
485362118.8528 0.4539751 -0.3814431 1.193249
485362151.8501 0.4536849 -0.3814516 1.193415
485362185.9222 0.453452 -0.3814804 1.194386
485362218.8431 0.4533284 -0.3815223 1.194588
485362251.8454 0.4564608 -0.3355965 1.206166
485362285.9244 0.4514496 -0.3818094 1.197109
485362318.8528 0.4515428 -0.3816426 1.196942
485362351.8344 0.4515359 -0.381854 1.196859
485362385.9164 0.4514842 -0.3819576 1.196715
485362418.8414 0.4514244 -0.3820118 1.196741
485362451.8362 0.4513291 -0.3821698 1.196734
485362485.9202 0.4511965 -0.3822699 1.196725
485362518.8309 0.4510543 -0.3823991 1.196857
485362551.8598 0.4509825 -0.3826767 1.196901
485362586.0411 0.4508733 -0.3829501 1.196791
485362618.8508 0.4507197 -0.3832791 1.196617
485362651.8505 0.4504405 -0.3833619 1.196659
485362685.9239 0.4501075 -0.3836314 1.196896
485362718.8456 0.449925 -0.3837557 1.196725
485362751.8454 0.4498121 -0.384117 1.196797
485362785.9097 0.4497952 -0.3841652 1.196997
485362818.8404 0.4498195 -0.3841226 1.197012
485363118.8401 0.4503253 -0.3850301 1.201688
485363151.8378 0.4492032 -0.3841145 1.196008
485363185.9087 0.4491751 -0.3841533 1.196058
485363218.8358 0.4499739 -0.3848724 1.200269
485363251.8285 0.4487522 -0.3842898 1.196936
485363285.9162 0.4487577 -0.3843206 1.196967
485363318.8302 0.4487521 -0.3842853 1.197021
485363351.8431 0.4496205 -0.3846893 1.199767
485363385.9069 0.4494402 -0.38424 1.197006
485363418.8336 0.4494481 -0.384253 1.197016
485363451.8284 0.4494556 -0.3842292 1.19701
485363485.9129 0.4494457 -0.3842324 1.197032
485363518.8326 0.4494634 -0.3842313 1.19705
485363551.8307 0.4494751 -0.3843299 1.197059
485363585.9175 0.4506859 -0.3851395 1.202136
485363618.8401 0.4492505 -0.3844184 1.197875
485363651.8374 0.4508938 -0.3851489 1.202003
485363685.9222 0.4499684 -0.3842408 1.196306
485363718.8386 0.4499778 -0.3843521 1.196332
485363751.8388 0.4499839 -0.3844323 1.19635
485363785.9175 0.4499745 -0.3844777 1.196344
485363818.8351 0.4499789 -0.3845582 1.196327
485363851.8307 0.4499721 -0.3845753 1.196338
485363885.9041 0.4499774 -0.3845666 1.196355
485363918.8529 0.4499612 -0.3846172 1.196352
485363951.8268 0.4499463 -0.3846332 1.196325
485363985.9071 0.4499168 -0.384748 1.196501
485364018.8305 0.4510177 -0.3855329 1.201105
485364051.8253 0.4495814 -0.3850497 1.197603
485364085.9229 0.4495792 -0.3851004 1.197522
485364118.8294 0.4496089 -0.3851766 1.197427
485364151.8579 0.4495851 -0.3852789 1.197376
