485405118.7046 0.4399814 -0.4003717 1.177981
485405151.6986 0.4400424 -0.4083259 1.179168
485405185.7666 0.4394599 -0.3986272 1.178726
485405218.69 0.4395223 -0.3954285 1.178335
485405251.6918 0.4392564 -0.3933356 1.1781
485405285.7766 0.4393341 -0.3926996 1.178105
485405318.6873 0.4394404 -0.3922924 1.177922
485405618.7091 0.4402707 -0.4122834 1.178662
485405651.7064 0.4401866 -0.4142405 1.179767
485405685.781 0.4397353 -0.4036672 1.179021
485405718.6921 0.4395546 -0.408405 1.179619
485405751.693 0.4397831 -0.4023226 1.178059
485405785.7697 0.4398222 -0.4089397 1.178755
485405818.6955 0.4391918 -0.4011677 1.178132
485405851.7051 0.4390012 -0.4075502 1.178793
485405885.7702 0.4390379 -0.4055843 1.178852
485405918.6957 0.4391594 -0.4013941 1.178076
485405951.6893 0.4398082 -0.408513 1.178422
485405985.7692 0.4394526 -0.4032592 1.177371
485406018.6958 0.4391715 -0.4095596 1.177947
485406051.696 0.4389136 -0.4028549 1.177661
485406085.7886 0.4388585 -0.402175 1.17783
485406118.7034 0.439309 -0.4083654 1.178241
485406151.704 0.4397161 -0.4041042 1.177341
485406185.7752 0.4397656 -0.4018167 1.177091
485406218.6921 0.4395452 -0.4008289 1.17696
485406251.6926 0.4395674 -0.3997971 1.176846
485406285.7598 0.4394429 -0.3987498 1.176605
485406318.6873 0.438697 -0.4077735 1.176793
485406351.6866 0.4388523 -0.4030941 1.176605
485406385.7612 0.438821 -0.4005049 1.176509
485406418.7018 0.4389249 -0.3991832 1.176295
485406451.7291 0.4394613 -0.4089105 1.17705
485406485.7655 0.4429834 -0.4284926 1.17575
485406518.6995 0.4398026 -0.403601 1.17605
485406551.7001 0.4398355 -0.4075182 1.175509
485406585.7599 0.439579 -0.4031391 1.175416
485406618.7026 0.4392608 -0.4021932 1.175969
485406651.7097 0.4394246 -0.4007053 1.175663
485406685.7757 0.4397994 -0.4081925 1.176573
485406718.7426 0.439842 -0.4040008 1.176456
485406751.6848 0.4399503 -0.4023473 1.176402
485406785.761 0.4399095 -0.4009624 1.176032
485406818.6972 0.4399175 -0.3990622 1.17606
485406851.6858 0.4398675 -0.3984763 1.176072
485406885.7711 0.4398961 -0.3980892 1.176167
485406918.6985 0.4400151 -0.4105441 1.178063
485406951.6987 0.440181 -0.4073452 1.178074
485406985.7761 0.4403092 -0.411214 1.177786
485407018.6901 0.4396673 -0.4051718 1.176882
485407051.7095 0.4399421 -0.4090434 1.176382
485407085.7796 0.4397963 -0.4046384 1.176608
485407118.7067 0.4399781 -0.4025454 1.176516
485407151.681 0.4398845 -0.4009673 1.176628
485407185.7555 0.4398934 -0.3998269 1.176706
485407218.688 0.4398755 -0.3994089 1.176563
485407251.6877 0.4576628 -0.4519762 1.173005
485407285.7713 0.4405887 -0.4198041 1.174027
485407318.698 0.4403943 -0.4072717 1.174602
485407351.6977 0.4401733 -0.4111633 1.176462
485407385.7608 0.4400035 -0.4125805 1.176561
485407418.6887 0.4402145 -0.4133218 1.176246
485407451.6901 0.4403057 -0.4052729 1.176214
485407485.7605 0.4404173 -0.4012944 1.17565
485407518.6963 0.4407164 -0.3998657 1.17557
485407551.6919 0.4404097 -0.397787 1.175696
485407585.755 0.4407028 -0.3974039 1.17574
485407618.6849 0.4410949 -0.3972588 1.175594
485407651.6822 0.4427107 -0.4051304 1.174207
485407685.7559 0.4427397 -0.4064859 1.174688
485407718.6843 0.4427249 -0.4042518 1.174788
485407751.6815 0.4428004 -0.4059619 1.175211
485407785.7692 0.4429261 -0.4070983 1.175492
485407818.6988 0.4428096 -0.4074243 1.175725
485407851.6953 0.4434286 -0.409395 1.175393
485407885.8298 0.443796 -0.4111983 1.17533
485407918.6842 0.443835 -0.4114009 1.175448
485407951.6831 0.4438069 -0.4120544 1.175893
485407985.7614 0.4435191 -0.4022672 1.177312
485408018.6885 0.4432821 -0.3999925 1.177695
485408051.6923 0.442709 -0.3983523 1.177776
485408085.773 0.4427343 -0.3981959 1.177739
485408118.6857 0.4426092 -0.398162 1.177812
485408151.6933 0.4423189 -0.3977589 1.177746
485408185.7535 0.4422634 -0.3975952 1.177828
485408218.6884 0.4421271 -0.3976739 1.177974
485408251.6824 0.4420405 -0.3975931 1.178031
485408285.7656 0.4418711 -0.3970701 1.178144
485408318.6881 0.4418389 -0.3968234 1.178212
485408351.6813 0.4458136 -0.4089054 1.174068
485408385.7711 0.4466462 -0.4120919 1.174568
485408418.6903 0.4606189 -0.4521163 1.176246
485408451.6811 0.4569078 -0.4324902 1.18054
485408485.7622 0.4474392 -0.4541904 1.179959
485408518.6778 0.5052443 -0.3324746 1.177458
485408551.6767 0.5162606 -0.3226027 1.169003
485408585.7673 0.5304043 -0.3044352 1.15754
485408618.6849 0.5239813 -0.2915533 1.155428
485408651.6851 0.554138 -0.2673055 1.141553
485408685.7559 0.5045199 -0.2750575 1.151772
485408718.6982 0.5113876 -0.2546071 1.139795
485408751.6959 0.5067604 -0.2399106 1.142343
485408785.7795 0.4929217 -0.2254696 1.144578
485408818.6857 0.487615 -0.2027722 1.15627
485408851.6817 0.4766929 -0.1823121 1.119649
485408885.7522 0.4702604 -0.1769195 1.10502
485408918.6838 0.4752068 -0.1533896 1.115745
485408951.6798 0.4821058 -0.1164986 1.162011
485408985.7766 0.4733587 -0.1305453 1.080635
485409018.6926 0.4731693 -0.1297963 1.080539
485409051.6845 0.4733469 -0.1293574 1.08054
485409085.7554 0.4750676 -0.1267015 1.081726
485409118.6845 0.4758485 -0.1364587 1.109353
485409151.6855 0.5053897 -0.1249517 1.184925
485409185.8262 0.5023824 -0.1362886 1.169676
485409218.6933 0.4810072 -0.1839729 1.12764
485409251.6906 0.4936919 -0.1911698 1.170337
485409285.7623 0.490003 -0.214161 1.164451
485409318.6857 0.4938506 -0.220065 1.165072
485409351.6772 0.5059249 -0.2376043 1.162818
485409385.7489 0.5207683 -0.2425726 1.157567
485409418.6838 0.5108897 -0.2720451 1.163501
485409451.695 0.5110499 -0.272585 1.163712
485409485.7626 0.5258499 -0.2668018 1.170782
485409518.6774 0.5143375 -0.2747228 1.169925
485409551.6841 0.5123791 -0.2800041 1.170904
485409585.7541 0.4726492 -0.347939 1.177255
485409618.6775 0.4735805 -0.3539309 1.175917
485409651.6929 0.4578055 -0.4372725 1.210202
485409685.7683 0.4642367 -0.3812457 1.192238
485409718.6781 0.4639415 -0.3832487 1.192066
485409751.6885 0.4620025 -0.3930496 1.195564
485409785.7614 0.4608254 -0.3902625 1.195603
485409818.6832 0.4603764 -0.3909239 1.195224
485409851.6846 0.459175 -0.3903674 1.192
485409885.7965 0.4528723 -0.3890467 1.183212
485409918.7022 0.4498807 -0.3898793 1.183123
485409951.6819 0.4519669 -0.3919523 1.185599
485409985.7614 0.4523031 -0.3927157 1.184413
485410018.6827 0.4523976 -0.3944881 1.183877
485410051.6742 0.4494047 -0.3949279 1.184016
485410085.7574 0.4489622 -0.3945689 1.18295
485410118.6812 0.4481453 -0.3947593 1.182433
485410151.6724 0.4467613 -0.395385 1.182173
485410185.7481 0.4478531 -0.3945551 1.18267
485410218.6756 0.4480966 -0.3939037 1.182818
485410251.6791 0.4481924 -0.3944227 1.182778
485410285.752 0.4461748 -0.3937535 1.181726
485410318.6898 0.4449517 -0.3941348 1.180982
485410351.671 0.4441779 -0.3949207 1.180846
485410385.7485 0.443414 -0.394948 1.180597
485410418.6838 0.4428998 -0.3951379 1.180663
485410451.6745 0.4424334 -0.3951515 1.180699
485410485.756 0.441909 -0.3951007 1.180634
485410518.6848 0.4413943 -0.3952981 1.180889
485410551.6808 0.4452637 -0.3967597 1.186717
485410585.7509 0.4468811 -0.3972662 1.189249
485410618.6693 0.4460449 -0.3974636 1.191867
485410651.6703 0.4456415 -0.3962147 1.192301
485410685.751 0.4391049 -0.3940914 1.183652
485410718.6814 0.4391746 -0.39241 1.183766
485410751.6729 0.4424978 -0.3927376 1.188087
485410785.7586 0.4420207 -0.3928853 1.188768
485410818.6758 0.4394054 -0.3914518 1.185166
485410851.6862 0.4392166 -0.3916473 1.184773
485410885.833 0.4391504 -0.3913396 1.184592
485410918.6788 0.4389285 -0.3912771 1.184549
485410951.6815 0.4406665 -0.3918461 1.18673
485410985.7503 0.4419337 -0.3921435 1.187545
485411018.6687 0.4391231 -0.3925423 1.186507
485411051.6677 0.4398114 -0.3932075 1.187088
485411085.7628 0.4384347 -0.3938236 1.186084
485411118.6734 0.4362289 -0.3942826 1.188259
485411151.6773 0.4361227 -0.3945381 1.187817
485411185.7744 0.4360406 -0.39505 1.187576
485411218.6806 0.4336924 -0.3942864 1.183197
485411251.6762 0.4336253 -0.3942238 1.182711
485411285.7651 0.4336034 -0.3944244 1.183187
485411318.6713 0.4335608 -0.3943966 1.183004
485411351.6715 0.4401256 -0.4232834 1.181924
485411385.7633 0.4401832 -0.4232722 1.181833
485411418.678 0.440187 -0.4232529 1.181835
485411451.6696 0.4401573 -0.4231989 1.181802
485411485.7421 0.4401771 -0.4231614 1.181726
485411518.6774 0.4403003 -0.4231802 1.181685
485411551.6714 0.4402228 -0.4067484 1.182445
485411585.7476 0.4403364 -0.4105774 1.181761
485411618.6804 0.4398851 -0.4028903 1.182258
485411651.6744 0.4395596 -0.4003573 1.182433
485411685.7625 0.4394254 -0.3992153 1.182673
485411718.6752 0.4391227 -0.397762 1.183079
485411751.6811 0.4391388 -0.4078366 1.180798
485411785.7458 0.4393559 -0.4120048 1.180277
485411818.675 0.4385616 -0.4035551 1.182234
485411851.6743 0.438374 -0.4013184 1.182824
485411885.7423 0.4379174 -0.398607 1.183574
485411918.6928 0.437693 -0.3980064 1.183737
485411951.7472 0.4387404 -0.4092177 1.18148
485411985.7515 0.4386616 -0.4120108 1.181127
485412018.6798 0.4381487 -0.403104 1.182348
485412051.6792 0.4391626 -0.4114588 1.181373
485412085.7476 0.4392706 -0.413944 1.180839
485412118.6833 0.4394262 -0.4155317 1.180507
485412151.6691 0.439568 -0.4166051 1.180283
485412185.7469 0.4394747 -0.417563 1.180375
485412218.6744 0.4395271 -0.4183482 1.180199
485412251.6811 0.4395654 -0.4188959 1.180071
485412285.745 0.439553 -0.4191599 1.180064
485412318.6803 0.4395052 -0.4194255 1.180057
485412351.6846 0.4394977 -0.4196083 1.179827
485412385.7542 0.439465 -0.4197554 1.179835
485412418.6723 0.4394392 -0.4200846 1.179766
485412451.67 0.4394909 -0.4203604 1.17978
485412485.7474 0.4395247 -0.4204878 1.179739
485412518.6683 0.439531 -0.4206227 1.1797
485412551.6923 0.4394886 -0.4207281 1.179665
485412585.7603 0.4396588 -0.4244355 1.179734
485412618.664 0.4396625 -0.4244331 1.179722
485412651.6748 0.4396799 -0.4244176 1.179704
485412685.7502 0.439651 -0.4242757 1.179666
485412718.667 0.4396692 -0.4242511 1.179673
485412751.6647 0.4396774 -0.4242255 1.179612
485412785.7376 0.43964 -0.4241447 1.179535
485412818.6799 0.439598 -0.4240662 1.179512
485412851.6706 0.4369217 -0.4054486 1.18167
485412885.7452 0.4392644 -0.4211071 1.180691
485412918.6809 0.4393488 -0.4212901 1.18049
485412951.6634 0.4393155 -0.4212824 1.180437
485412985.7495 0.4393244 -0.4213171 1.180424
485413018.6724 0.4392797 -0.4213738 1.180407
485413051.6689 0.4393156 -0.4215461 1.180381
485413085.7476 0.4393176 -0.4215786 1.18037
485413118.671 0.4393476 -0.4216295 1.180247
485413151.6604 0.439349 -0.4216487 1.180212
485413185.7843 0.439359 -0.4216875 1.180171
485413218.7151 0.4376833 -0.4075492 1.181692
485413251.6922 0.4381073 -0.4117515 1.181195
