485428685.7276 0.4423236 -0.3976659 1.188112
485428718.6145 0.4450369 -0.4104733 1.186496
485428751.6282 0.4441803 -0.4043338 1.187686
485428785.6884 0.4453656 -0.4116811 1.187719
485428818.6339 0.4439791 -0.4048795 1.188153
485428851.6181 0.4439559 -0.4034779 1.188438
485428885.7037 0.4439737 -0.402538 1.188773
485428918.6242 0.4435497 -0.4000476 1.189469
485428951.6363 0.4433919 -0.3986249 1.189537
485428985.692 0.4434349 -0.3985294 1.189551
485429018.6191 0.4433663 -0.3983722 1.189559
485429051.6147 0.4431558 -0.3984006 1.18949
485429085.7053 0.4430748 -0.3983764 1.189389
485429118.6295 0.4431441 -0.3983907 1.189443
485429151.6157 0.4432156 -0.3984751 1.189562
485429185.6886 0.4433 -0.3985215 1.189602
485429218.6309 0.4431062 -0.3985927 1.189604
485429251.6142 0.4431148 -0.3986126 1.189566
485429285.6867 0.4431022 -0.3985406 1.189659
485429318.6109 0.449552 -0.4293588 1.187329
485429351.6185 0.4495294 -0.4291118 1.187431
485429385.6926 0.4443502 -0.4011922 1.188527
485429418.6189 0.4444077 -0.4004874 1.188685
485429451.6104 0.4442795 -0.3992329 1.188872
485429485.6936 0.4447317 -0.4086539 1.186688
485429518.6109 0.4442896 -0.4036786 1.188015
485429551.6069 0.4440586 -0.4006334 1.188473
485429585.7016 0.4438943 -0.3992096 1.18888
485429618.6254 0.4439576 -0.3990274 1.189012
485429651.6108 0.4439209 -0.3984899 1.188998
485429685.7609 0.4438299 -0.398331 1.189132
485429718.6136 0.4437427 -0.3982559 1.189069
485429751.6113 0.4460661 -0.4120927 1.187883
485429785.6855 0.4448029 -0.4031514 1.189564
485429818.6191 0.4447157 -0.4024014 1.189479
485429851.6123 0.4443962 -0.4005115 1.189942
485429885.6857 0.4442095 -0.3989199 1.190104
485429918.6074 0.4462098 -0.4110537 1.18895
485429951.615 0.4465428 -0.4132835 1.188491
485429985.6895 0.4460829 -0.408342 1.188914
485430018.6146 0.4452604 -0.4038137 1.188905
485430051.6057 0.4466499 -0.4128557 1.18758
485430085.6872 0.4453046 -0.4045838 1.188513
485430118.6652 0.4453503 -0.4031251 1.18874
485430151.626 0.4453473 -0.4025475 1.188858
485430185.7687 0.444988 -0.4004471 1.189065
485430218.6867 0.4449936 -0.4002497 1.189184
485430251.6183 0.4447419 -0.3993933 1.189274
485430285.6954 0.4444599 -0.3985576 1.189353
485430318.606 0.4444919 -0.3985157 1.189481
485430351.6041 0.4445449 -0.3984855 1.189535
485430385.6787 0.4465495 -0.4112622 1.18864
485430418.6082 0.4460364 -0.4067921 1.189
485430451.6059 0.4459877 -0.4046742 1.189798
485430485.6834 0.4454573 -0.401611 1.189572
485430518.61 0.4454688 -0.401101 1.189599
485430551.6081 0.4463426 -0.410218 1.188822
485430585.6971 0.4466287 -0.4131338 1.188331
485430618.609 0.4451776 -0.4033774 1.189447
485430651.6227 0.4452623 -0.4025109 1.18937
485430685.7067 0.4517266 -0.4331701 1.184932
485430718.6091 0.4453994 -0.4013759 1.18889
485430751.6105 0.4468161 -0.4116603 1.187487
485430785.6814 0.448356 -0.4164527 1.185317
485430818.606 0.4470869 -0.4081325 1.188025
485430851.6029 0.4466007 -0.4052005 1.188229
485430885.691 0.4465333 -0.4020374 1.1879
485430918.6185 0.4492309 -0.4137511 1.184917
485430951.6076 0.4492421 -0.4157715 1.183859
485430985.6817 0.448598 -0.41615 1.184106
485431018.6088 0.4459677 -0.3989881 1.185773
485431051.6357 0.446046 -0.3981933 1.186047
485431085.6802 0.4524904 -0.4359589 1.183196
485431118.6127 0.4519169 -0.4327437 1.182349
485431151.605 0.4425925 -0.3971369 1.186015
485431185.7219 0.4500046 -0.4199319 1.181878
485431218.621 0.4482354 -0.4045664 1.184683
485431251.6212 0.4478678 -0.4012524 1.18552
485431285.6925 0.4475518 -0.4005687 1.186115
485431318.6265 0.4474642 -0.3998456 1.18621
485431351.6115 0.4472194 -0.3983545 1.186288
485431385.6824 0.4469391 -0.3983231 1.186323
485431418.6045 0.4467705 -0.3982905 1.186106
485431451.6026 0.4453393 -0.397918 1.185692
485431485.683 0.4453375 -0.3979181 1.185736
485431518.6187 0.4446756 -0.4071285 1.187988
485431551.6049 0.4454097 -0.4109478 1.185222
485431585.7574 0.4450268 -0.4126259 1.185155
485431618.6045 0.4449526 -0.4139603 1.184946
485431651.6079 0.4447557 -0.4146363 1.185173
485431685.6862 0.4414944 -0.399882 1.18944
485431718.6383 0.4430628 -0.4095294 1.18828
485431751.6282 0.4433417 -0.4135521 1.188694
485431785.7011 0.4482149 -0.4323348 1.191105
485431818.6031 0.4477824 -0.4301267 1.189916
485431851.6107 0.44789 -0.4315633 1.187914
485431885.6779 0.4478364 -0.4305491 1.187455
485431918.6115 0.448583 -0.4312872 1.188754
485431951.6092 0.4810531 -0.3817213 1.16721
485431985.6801 0.5189143 -0.317397 1.176543
485432018.6051 0.5186759 -0.3065699 1.17133
485432051.5979 0.5324001 -0.2838567 1.158909
485432085.6761 0.5170588 -0.2738191 1.159088
485432118.6176 0.504582 -0.2629268 1.157139
485432151.6017 0.479739 -0.2489955 1.15539
485432185.6857 0.4767824 -0.2092024 1.167721
485432218.6276 0.4603357 -0.1890371 1.153605
485432251.6175 0.4640423 -0.1546254 1.153818
485432285.6814 0.4515772 -0.1396939 1.16813
485432318.6015 0.4392681 -0.1131392 1.138599
485432351.6054 0.4279431 -0.1167148 1.071708
485432385.6984 0.4306224 -0.1082074 1.075065
485432418.6012 0.4294182 -0.1016399 1.076198
485432451.6117 0.4290251 -0.1001176 1.076397
485432485.6735 0.4288385 -0.09971073 1.077057
485432518.6043 0.4256812 -0.1043487 1.080143
485432551.6081 0.4259344 -0.1155976 1.086125
485432585.6757 0.458279 -0.1340584 1.161729
485432618.6196 0.4632453 -0.1408599 1.146918
485432651.6021 0.4473716 -0.1837587 1.143615
485432685.6898 0.4635311 -0.196033 1.159554
485432718.6079 0.4747635 -0.2202159 1.153697
485432751.6035 0.4836808 -0.2403547 1.162154
485432785.6777 0.4908922 -0.247285 1.164804
485432818.6044 0.4976178 -0.2585573 1.162146
485432851.6111 0.5034511 -0.2646801 1.161895
485432885.6844 0.5050315 -0.2705588 1.163857
485432918.5996 0.5069364 -0.2755382 1.167594
485432951.6018 0.4747646 -0.343628 1.171567
485432985.6916 0.4741516 -0.3485319 1.173795
485433018.6104 0.4574783 -0.4333937 1.195667
485433051.6209 0.4590981 -0.4358035 1.201241
485433085.6897 0.4601172 -0.4392403 1.199534
485433118.6094 0.4616858 -0.4365335 1.198506
485433151.6161 0.4625309 -0.4348456 1.198113
485433185.6763 0.4626627 -0.4356421 1.202677
485433218.6091 0.4627583 -0.4354903 1.204124
485433251.606 0.4626343 -0.4354743 1.204347
485433285.6908 0.4625066 -0.4353964 1.204346
485433318.597 0.4623235 -0.4341736 1.200896
485433351.5939 0.4616082 -0.4303365 1.202166
485433385.6902 0.461082 -0.4303124 1.201984
485433418.6037 0.4598723 -0.4303221 1.201231
485433451.6158 0.4587548 -0.4299967 1.197412
485433485.6735 0.4577349 -0.4294194 1.194488
485433518.5944 0.4565793 -0.4287559 1.191063
485433551.6738 0.4561531 -0.4284833 1.187579
485433585.6687 0.4559711 -0.4282822 1.183891
485433618.6024 0.4559274 -0.4282735 1.182307
485433651.6054 0.4552978 -0.4278397 1.180087
485433685.6829 0.4524478 -0.4484774 1.175119
485433718.6001 0.4557478 -0.4303544 1.171917
485433751.5999 0.4558612 -0.4304236 1.171922
485433785.6707 0.4557207 -0.4301839 1.172006
485433818.6126 0.4564928 -0.4296853 1.172141
485433851.609 0.4564916 -0.4295377 1.172253
485433885.6836 0.4564515 -0.4293209 1.172466
485433918.614 0.4565153 -0.4293174 1.172485
485433951.6072 0.4564739 -0.4284262 1.172981
485433985.676 0.4568573 -0.4287888 1.173308
485434018.617 0.4568398 -0.4287598 1.173328
485434051.5954 0.4571704 -0.4288535 1.173684
485434085.6749 0.4569101 -0.4286608 1.173792
485434118.5971 0.4566824 -0.428473 1.173886
485434151.5985 0.4567204 -0.4283286 1.174108
485434185.6673 0.4565637 -0.4270955 1.174407
485434218.5956 0.4565102 -0.4267029 1.17455
485434251.6023 0.4564537 -0.4261237 1.174599
485434285.6662 0.4563219 -0.4260646 1.174621
485434318.5999 0.4562014 -0.4258812 1.174646
485434351.6066 0.4561614 -0.4255086 1.174677
485434385.6832 0.4522995 -0.3851551 1.181722
485434418.6078 0.4526564 -0.3882471 1.187026
485434451.5932 0.4473539 -0.3878752 1.181754
485434485.6981 0.4472541 -0.3886729 1.181549
485434518.6125 0.450689 -0.3907495 1.185945
485434551.6127 0.4510165 -0.3914212 1.185912
485434585.6843 0.4458943 -0.3899821 1.1804
485434618.6028 0.4459356 -0.3922551 1.187061
485434651.6715 0.4460455 -0.3925068 1.187057
485434685.7568 0.4461888 -0.3925357 1.186968
485434718.5944 0.4463552 -0.3927303 1.187591
485434751.6035 0.4471339 -0.3929589 1.187737
485434785.6851 0.4472551 -0.3930449 1.187927
485434818.5925 0.4473941 -0.3931098 1.18788
485434851.5934 0.4507163 -0.393193 1.186568
485434885.6713 0.4501269 -0.3932422 1.186665
485434918.6164 0.4498156 -0.3935527 1.188447
485434951.5924 0.4496644 -0.3936797 1.188947
485434985.6756 0.4498429 -0.3939653 1.188836
485435018.5928 0.4496278 -0.3940783 1.189296
485435051.588 0.4473803 -0.3929742 1.184778
485435085.6794 0.446934 -0.3926597 1.183888
485435118.5971 0.4475484 -0.3933538 1.186428
485435151.6054 0.4450407 -0.3925698 1.183578
485435185.6751 0.4468752 -0.3940124 1.189128
485435218.6136 0.4472263 -0.3938713 1.18893
485435251.5916 0.4476998 -0.3940251 1.188928
485435285.6785 0.4463662 -0.3936224 1.186341
485435318.5875 0.4450222 -0.3934755 1.185217
