485453451.5271 0.4454262 -0.4980383 1.192316
485453485.6173 0.4452963 -0.4978515 1.192251
485453518.5308 0.4451371 -0.498273 1.192101
485453551.5301 0.4452037 -0.4986408 1.192552
485453585.6092 0.4456029 -0.4985579 1.19214
485453618.5433 0.4457212 -0.4987495 1.192167
485453651.5324 0.4457564 -0.4989019 1.1923
485453685.6242 0.4458539 -0.4987364 1.192526
485453718.5504 0.4453085 -0.4985481 1.192206
485453751.5329 0.4452885 -0.4985314 1.19324
485453785.621 0.4452252 -0.4989508 1.194013
485453818.5518 0.4450769 -0.4991028 1.194225
485453851.5507 0.4452311 -0.4991813 1.193851
485453885.6085 0.4454142 -0.4993204 1.194337
485453918.5364 0.4454051 -0.4993916 1.194338
485453951.5333 0.4453955 -0.4993486 1.19372
485453985.6099 0.4453202 -0.4993689 1.193668
485454018.5365 0.4456073 -0.4991276 1.19354
485454051.5367 0.4456539 -0.4992374 1.193624
485454085.6215 0.445666 -0.4993272 1.193729
485454118.5437 0.4390723 -0.4517249 1.191326
485454151.5434 0.4453378 -0.4997793 1.193541
485454185.6283 0.4452513 -0.499771 1.193589
485454218.55 0.4454038 -0.499798 1.193764
485454251.5292 0.4451722 -0.4997365 1.193357
485454285.612 0.4450988 -0.4994514 1.194325
485454318.5292 0.4452303 -0.4992663 1.194284
485454351.5331 0.4448998 -0.4995183 1.194955
485454385.6142 0.4448709 -0.4996426 1.194918
485454418.5434 0.4386957 -0.4539516 1.191836
485454451.5534 0.4445919 -0.5002484 1.195207
485454485.6119 0.4445583 -0.5002993 1.195109
485454518.5361 0.4383144 -0.4562158 1.190965
485454551.5281 0.4441075 -0.4985635 1.193916
485454585.6191 0.4381434 -0.4552227 1.190594
485454618.5297 0.4432573 -0.5011822 1.195866
485454651.5496 0.4380572 -0.4538869 1.191514
485454685.6283 0.4429768 -0.5014758 1.195075
485454718.5356 0.4378163 -0.4548075 1.191468
485454751.5473 0.4378164 -0.4548981 1.191318
485454785.6038 0.4387871 -0.4418294 1.192304
485454818.5329 0.4378689 -0.4537027 1.191223
485454851.5528 0.4475241 -0.4579862 1.196689
485454885.6052 0.4441186 -0.4889107 1.194092
485454918.536 0.4434001 -0.4952374 1.194191
485454951.5357 0.4433396 -0.4952413 1.193962
485454985.6074 0.4434019 -0.4953014 1.194152
485455018.5267 0.4436931 -0.4984915 1.195442
485455051.5396 0.4433438 -0.4981042 1.194378
485455085.6129 0.4431281 -0.4989713 1.19438
485455118.5494 0.4373508 -0.4536284 1.19215
485455151.5406 0.4433217 -0.4960991 1.194609
485455185.627 0.4432935 -0.4960738 1.194551
485455218.5402 0.4429586 -0.4985992 1.194456
485455251.528 0.4428643 -0.499773 1.194353
485455285.6017 0.4428106 -0.4998509 1.194514
485455318.5329 0.4427662 -0.5001652 1.194911
485455351.536 0.4457043 -0.4744428 1.196244
485455385.6434 0.4443243 -0.4847514 1.195992
485455418.5405 0.4427955 -0.500283 1.195218
485455451.5394 0.4426453 -0.4998669 1.19507
485455485.5976 0.4368279 -0.4535847 1.192755
485455518.5238 0.4423141 -0.5014656 1.195903
485455551.54 0.4422919 -0.5016714 1.196338
485455585.6125 0.4366898 -0.4531654 1.193062
485455618.5334 0.4422499 -0.4976389 1.19711
485455651.527 0.4364708 -0.454534 1.192962
485455685.6024 0.4369864 -0.4550625 1.193455
485455718.5328 0.4372042 -0.4551141 1.193226
485455751.5292 0.436928 -0.4556056 1.194541
485455785.6128 0.4369067 -0.4557396 1.195319
485455818.5362 0.4367371 -0.4555479 1.195251
485455851.5257 0.4393231 -0.5061145 1.198052
485455885.6134 0.439085 -0.5061031 1.198229
485455918.5388 0.436157 -0.4527719 1.194793
485455951.5238 0.4382842 -0.466377 1.201069
485455985.6288 0.4351789 -0.450185 1.195024
485456018.5287 0.4353378 -0.4503781 1.194955
485456051.5412 0.4347463 -0.4683785 1.192274
485456085.6084 0.4357427 -0.4534023 1.192123
485456118.5388 0.4353913 -0.4688497 1.190366
485456151.5266 0.4362522 -0.4549603 1.185996
485456185.604 0.4443037 -0.4170223 1.186338
485456218.5266 0.4452274 -0.4145111 1.180665
485456251.5309 0.4588523 -0.4221885 1.1913
485456285.5972 0.4613753 -0.4091778 1.189811
485456318.519 0.481768 -0.3584156 1.180022
485456351.522 0.4826618 -0.3462107 1.17713
485456385.599 0.4919757 -0.303646 1.166142
485456418.52 0.502063 -0.2641165 1.166128
485456451.5341 0.5005994 -0.2505035 1.166591
485456485.5976 0.4915481 -0.2353122 1.162541
485456518.5345 0.4710323 -0.2089039 1.142119
485456551.5248 0.4591941 -0.1820539 1.118733
485456585.5924 0.4783711 -0.1314953 1.152411
485456618.5211 0.4799876 -0.1110023 1.169964
485456651.525 0.4607419 -0.1023457 1.089703
485456685.6069 0.4605622 -0.09462196 1.083128
485456718.5233 0.4624622 -0.07989255 1.080316
485456751.5182 0.4624026 -0.074251 1.081176
485456785.5952 0.4620769 -0.07269936 1.080959
485456818.5227 0.461179 -0.07424994 1.079969
485456851.5278 0.4593205 -0.08136572 1.083495
485456885.6011 0.4707537 -0.09435103 1.112754
485456918.5286 0.4868968 -0.1132029 1.160599
485456951.5554 0.4604273 -0.1718434 1.118822
485456985.6017 0.5026315 -0.1637022 1.155953
485457018.5456 0.5109433 -0.1985514 1.146823
485457051.5289 0.5020715 -0.240008 1.154814
485457085.6076 0.5065767 -0.2433469 1.154315
485457118.517 0.5146049 -0.2665979 1.147565
485457151.5307 0.5238436 -0.2869559 1.142835
485457185.602 0.5271038 -0.3140008 1.139451
485457218.5184 0.5220147 -0.3300611 1.150117
485457251.521 0.5193275 -0.3401193 1.153876
485457285.6067 0.4851931 -0.3890957 1.177937
485457318.5338 0.4848779 -0.390991 1.178947
485457351.5257 0.4850616 -0.3913231 1.179939
485457385.6159 0.4852304 -0.3927518 1.181548
485457418.5265 0.4774266 -0.4364283 1.186288
485457451.5246 0.4771387 -0.4367056 1.18623
485457485.607 0.4769832 -0.4367688 1.186252
485457518.5267 0.4768264 -0.436799 1.186272
485457551.5293 0.4761745 -0.437498 1.186596
485457585.5944 0.4755438 -0.4384315 1.186744
485457618.5182 0.4751529 -0.4387727 1.18663
485457651.5328 0.4745286 -0.4400723 1.186789
485457685.6086 0.4743004 -0.4402865 1.187033
485457718.5213 0.4739017 -0.4409535 1.187356
485457751.5494 0.4735647 -0.4415463 1.187751
485457785.589 0.4732181 -0.4420197 1.188205
485457818.5161 0.4725629 -0.4431505 1.188583
485457851.5159 0.4720522 -0.4442242 1.188578
485457885.5933 0.4628095 -0.4839327 1.188433
485457918.5315 0.4651091 -0.4644618 1.188505
485457951.5279 0.462396 -0.4788634 1.189332
485457985.6329 0.4621952 -0.4781099 1.189461
485458018.5226 0.461352 -0.4782276 1.189956
485458051.5191 0.4602222 -0.4821651 1.190509
485458085.5977 0.4595626 -0.4821093 1.190443
485458118.5396 0.4586412 -0.481967 1.190076
485458151.5237 0.4580495 -0.4820317 1.189982
485458185.5958 0.4574418 -0.4817135 1.189943
485458218.5217 0.4569058 -0.4802627 1.189907
485458251.5223 0.4566609 -0.478664 1.190113
485458285.5952 0.4563709 -0.4777703 1.190261
485458318.5251 0.4560729 -0.4772176 1.190186
485458351.5315 0.4554572 -0.4773699 1.190341
485458385.5962 0.456165 -0.4603722 1.191996
485458418.5241 0.4559719 -0.4588575 1.192053
485458451.5205 0.4557807 -0.4584407 1.191975
485458485.5922 0.4555762 -0.458084 1.191818
485458518.5226 0.4556675 -0.4559798 1.1921
485458551.5289 0.4554471 -0.4558102 1.191948
485458585.5887 0.4553364 -0.4559699 1.191889
485458618.526 0.4552203 -0.4558807 1.191697
485458651.5098 0.4534149 -0.475954 1.189269
485458685.5835 0.4535472 -0.4752176 1.189122
485458718.5131 0.4541128 -0.4705831 1.189533
485458751.5247 0.4535303 -0.4746394 1.18896
485458785.6017 0.4533326 -0.4748451 1.188947
485458818.5329 0.4530716 -0.4750732 1.188639
485458851.5163 0.4529007 -0.4752439 1.188568
485458885.6003 0.452826 -0.4752117 1.188502
485458918.5294 0.4527648 -0.475275 1.188496
485458951.5304 0.4527261 -0.4752648 1.188598
485458985.5877 0.4526771 -0.4752433 1.188633
485459018.5123 0.4525837 -0.4752253 1.18864
485459051.5162 0.4525082 -0.475172 1.188668
485459085.5883 0.4524525 -0.4751563 1.188674
485459118.5088 0.4523129 -0.475128 1.188754
485459151.5389 0.4522223 -0.4751026 1.188797
485459185.6016 0.4521465 -0.4750817 1.188754
485459218.5225 0.4521138 -0.4750715 1.188773
