485479951.4828 0.4360984 -0.4610889 1.199092
485479985.5228 0.4360935 -0.4606893 1.199123
485480018.452 0.4360873 -0.4598844 1.199288
485480051.462 0.4361224 -0.4595875 1.199376
485480085.5427 0.4361452 -0.459437 1.199379
485480118.4427 0.4361778 -0.4590966 1.199465
485480151.4441 0.4362106 -0.458961 1.199516
485480185.5182 0.4362684 -0.4588325 1.199565
485480218.4794 0.4377794 -0.4778388 1.197582
485480251.4467 0.4379851 -0.4687831 1.199201
485480285.5315 0.4381616 -0.4662412 1.200159
485480318.4508 0.4385032 -0.4797407 1.199225
485480351.4481 0.438286 -0.4832959 1.198732
485480385.5305 0.4381837 -0.4849697 1.198472
485480418.4514 0.4380833 -0.4873449 1.198217
485480451.4557 0.4367569 -0.4662967 1.200913
485480485.5298 0.4372538 -0.4794211 1.199072
485480518.4462 0.4372961 -0.4812258 1.199113
485480551.4567 0.4374839 -0.483305 1.198947
485480585.5288 0.4377938 -0.4660012 1.201537
485480618.4439 0.4379252 -0.479431 1.199358
485480651.4486 0.4375641 -0.4659063 1.200931
485480685.5285 0.4376145 -0.4626888 1.201804
485480718.449 0.4412532 -0.4693953 1.188856
485480751.4533 0.4389527 -0.4657912 1.194849
485480785.5196 0.4441251 -0.5066027 1.198252
485480818.4443 0.4392077 -0.489219 1.19928
485480851.4539 0.4391371 -0.4893188 1.199167
485480885.5231 0.4380243 -0.4656659 1.202039
485480918.4493 0.4375253 -0.4573851 1.202192
485480951.4442 0.4240549 -0.4421434 1.202039
485480985.5208 0.4377639 -0.4536106 1.203356
485481018.4466 0.4377461 -0.4535566 1.20332
485481051.4439 0.4385234 -0.4741307 1.201376
485481085.5263 0.4385153 -0.475458 1.2012
485481118.4493 0.43789 -0.4667511 1.202508
485481151.4383 0.4381137 -0.4743091 1.201643
485481185.5113 0.4438197 -0.4816888 1.199908
485481218.4511 0.4387136 -0.4914483 1.198292
485481251.4697 0.4391038 -0.4851315 1.198769
485481285.5258 0.4443171 -0.4847925 1.199432
485481318.4438 0.4375216 -0.4555969 1.201389
485481351.4584 0.4375347 -0.4557061 1.201497
485481385.5099 0.4375213 -0.4556901 1.201469
485481418.4522 0.437515 -0.4556693 1.201491
485481451.4606 0.4375361 -0.4557504 1.201528
485481485.5159 0.4380392 -0.4828643 1.198432
485481518.4507 0.4377428 -0.4668622 1.201219
485481551.4439 0.437688 -0.4639689 1.201732
485481585.5189 0.4376127 -0.462322 1.201848
485481618.4497 0.4381661 -0.4705365 1.20042
485481651.4367 0.437952 -0.4650074 1.201069
485481685.5162 0.4383803 -0.4808215 1.198957
485481718.4351 0.4378017 -0.4671294 1.200742
485481751.4418 0.4376616 -0.4635185 1.200918
485481785.5118 0.4375942 -0.4619469 1.200829
485481818.4426 0.437582 -0.4605539 1.201088
485481851.437 0.4376765 -0.4602912 1.20127
485481885.5173 0.4388695 -0.4786604 1.199678
485481918.4374 0.4385327 -0.4857587 1.198636
485481951.4454 0.4385907 -0.4866589 1.198457
485481985.5183 0.4386848 -0.4878571 1.198581
485482018.454 0.4387595 -0.4883276 1.198647
485482051.448 0.4382508 -0.4644636 1.200538
485482085.5267 0.4386148 -0.4778268 1.199889
485482118.5121 0.4383296 -0.4662301 1.200611
485482151.4441 0.4414878 -0.4803842 1.186565
485482185.5269 0.440631 -0.4850659 1.189876
485482218.433 0.4397219 -0.4646673 1.198108
485482251.443 0.4436565 -0.5089501 1.196603
485482285.5295 0.4438331 -0.5076309 1.196893
485482318.4356 0.439459 -0.4939272 1.196319
485482351.4432 0.4437052 -0.5089369 1.197478
485482385.5128 0.4390494 -0.4839103 1.197427
485482418.4337 0.4447992 -0.4833848 1.203326
485482451.4397 0.4437816 -0.5090966 1.200865
485482485.5097 0.4405597 -0.5028514 1.200074
485482518.4356 0.4428918 -0.4713453 1.202398
485482551.439 0.442757 -0.4825316 1.20092
485482585.5119 0.443837 -0.4885059 1.199309
485482618.4435 0.4462713 -0.4892955 1.197612
485482651.4388 0.4424598 -0.4548082 1.18703
485482685.5125 0.4431213 -0.4541403 1.180767
485482718.4326 0.4664298 -0.4307612 1.188361
485482751.4447 0.4699473 -0.4157452 1.187007
485482785.5143 0.490417 -0.3606299 1.179973
485482818.4467 0.4896728 -0.3473724 1.174819
485482851.4411 0.4846623 -0.3272463 1.162588
485482885.5165 0.4761932 -0.3104744 1.160221
485482918.4535 0.4590204 -0.2846856 1.157626
485482951.4429 0.4830801 -0.2168779 1.150073
485482985.5097 0.4693913 -0.2109477 1.138056
485483018.429 0.4467642 -0.1885301 1.099421
485483051.4591 0.4466714 -0.1738084 1.091778
485483085.5218 0.4506792 -0.1577753 1.090582
485483118.43 0.4483044 -0.1213176 1.098557
485483151.4634 0.4479812 -0.1180035 1.099325
485483185.5232 0.4465522 -0.1142107 1.10083
485483218.4519 0.4447085 -0.1122931 1.100087
485483251.4373 0.4435597 -0.1118398 1.099858
485483285.5229 0.4356335 -0.1205963 1.091292
485483318.4414 0.4338904 -0.1298546 1.09376
485483351.4411 0.4379299 -0.1558376 1.090146
485483385.5095 0.4305523 -0.1834439 1.099811
485483418.4296 0.4640515 -0.1865378 1.152196
485483451.4442 0.466076 -0.1980656 1.150746
485483485.5122 0.4729725 -0.2265893 1.152468
485483518.4351 0.4805581 -0.2413987 1.160361
485483551.4312 0.4697647 -0.2938507 1.174412
485483585.5329 0.4746858 -0.2960269 1.174062
485483618.4435 0.4776721 -0.3126089 1.174181
485483651.449 0.4772862 -0.3343996 1.178088
485483685.5039 0.4737714 -0.3593737 1.182249
485483718.4322 0.4697918 -0.3802068 1.18204
485483751.4475 0.4693775 -0.3882751 1.185672
485483785.5217 0.4619237 -0.4176878 1.196932
485483818.4282 0.4612819 -0.4192328 1.194255
485483851.4354 0.4577729 -0.4375085 1.193306
485483885.505 0.4566583 -0.4454102 1.194392
485483918.437 0.4559902 -0.4488778 1.194344
485483951.4355 0.4575814 -0.4512886 1.196936
485483985.5167 0.4573987 -0.4532876 1.198134
485484018.4392 0.4545517 -0.4559413 1.204197
485484051.4406 0.4535426 -0.4584064 1.2038
485484085.5119 0.4514366 -0.4639386 1.203902
485484118.4279 0.4512292 -0.4652849 1.203825
485484151.4355 0.451241 -0.4659719 1.203031
485484185.5059 0.451272 -0.4666041 1.202394
485484218.4433 0.4512141 -0.4673364 1.201725
485484251.4389 0.4508108 -0.4735628 1.200189
485484285.5147 0.4507005 -0.4757352 1.199687
485484318.4385 0.4505894 -0.4774211 1.199301
485484351.4305 0.4505298 -0.4785564 1.198705
485484385.5034 0.4504617 -0.4794349 1.198482
485484418.4395 0.4503682 -0.4803707 1.199306
485484451.4351 0.4502851 -0.4811743 1.198785
485484485.4998 0.4501041 -0.4817214 1.198414
485484518.4335 0.4498456 -0.4822677 1.198207
485484551.4291 0.4494118 -0.4826746 1.197704
485484585.5086 0.4490568 -0.4829763 1.197328
485484618.4287 0.4487444 -0.4834544 1.197004
485484651.4453 0.4464875 -0.4853493 1.196171
485484685.5749 0.4463162 -0.4856854 1.196939
485484718.4351 0.4461356 -0.4861137 1.197498
485484751.4471 0.447482 -0.4822049 1.198011
485484785.509 0.4469625 -0.4857912 1.197541
485484818.4233 0.4464002 -0.4867038 1.197352
485484851.4374 0.4461542 -0.4871754 1.197312
485484885.5724 0.4460933 -0.4873283 1.19726
485484918.4588 0.4460036 -0.4875502 1.196975
485484951.438 0.4459381 -0.4877707 1.196859
485484985.5048 0.4458559 -0.4878967 1.196556
485485018.4347 0.4458566 -0.4880842 1.196609
485485051.4271 0.4457971 -0.4883128 1.196532
485485085.509 0.4458155 -0.4883507 1.196151
485485118.4493 0.4457979 -0.488549 1.196665
485485151.4404 0.4457602 -0.4887616 1.196602
485485185.5072 0.4457385 -0.488934 1.196712
485485218.4244 0.4456609 -0.4890778 1.196651
485485251.4311 0.4456508 -0.4891007 1.196415
485485285.5094 0.4456061 -0.489233 1.196601
485485318.4319 0.4456409 -0.4893068 1.196763
485485351.4288 0.4455521 -0.4893984 1.196537
485485385.5128 0.4455287 -0.4895085 1.197181
485485418.4576 0.4454978 -0.4896167 1.197872
485485451.4479 0.4455553 -0.4896551 1.197758
485485485.4978 0.4455948 -0.4896964 1.197578
485485518.4278 0.4455617 -0.4896735 1.197274
485485551.425 0.4455324 -0.4897919 1.19727
485485585.509 0.4455112 -0.4898333 1.197549
485485618.4337 0.4455286 -0.4899797 1.197971
485485651.4273 0.4455277 -0.4900037 1.197953
485485685.5055 0.445492 -0.4899893 1.197458
485485718.4281 0.4454889 -0.4900836 1.197417
485485751.4245 0.4454287 -0.4902386 1.197585
485485785.5077 0.4454179 -0.4902372 1.197567
485485818.4344 0.4454201 -0.490329 1.197579
485485851.4415 0.4449219 -0.4903381 1.197547
485485885.5116 0.4448987 -0.4904121 1.197487
485485918.4337 0.4449071 -0.4905072 1.19736
485485951.4232 0.4448884 -0.4905445 1.197008
485485985.5044 0.4450797 -0.4906716 1.197791
485486018.4236 0.4450375 -0.4907894 1.198227
485486051.4468 0.4450037 -0.4908128 1.198385
485486085.5263 0.4449383 -0.490861 1.198413
485486118.4255 0.4448794 -0.4909631 1.198635
485486151.4232 0.4448594 -0.4910265 1.19837
485486185.5084 0.4449363 -0.4910547 1.19864
485486218.4264 0.4449839 -0.4910919 1.198425
485486251.4282 0.4449742 -0.4911235 1.198447
485486285.495 0.4449539 -0.4911648 1.19862
485486318.4221 0.4450012 -0.4911312 1.198442
485486351.4268 0.4450134 -0.4912095 1.198472
485486385.5108 0.4450309 -0.4912097 1.198171
485486418.419 0.4450795 -0.4912018 1.19792
485486451.4286 0.4450735 -0.4911952 1.198161
485486485.5154 0.4450363 -0.4912479 1.198141
485486518.4323 0.4450745 -0.491296 1.198316
485486551.4255 0.4450833 -0.4912189 1.197787
485486585.4914 0.4450754 -0.4913001 1.198308
485486618.4365 0.4451534 -0.491261 1.198475
485486651.4416 0.4451109 -0.4912871 1.198542
485486685.492 0.4451033 -0.491373 1.199052
485486718.4195 0.4450151 -0.4913845 1.199008
485486751.4254 0.4450043 -0.4914012 1.199006
485486785.52 0.4449816 -0.4914317 1.19906
485486818.4196 0.4448972 -0.4914942 1.199539
485486851.4276 0.4449455 -0.4914852 1.199597
