485729617.6118 0.454944 -0.454832 1.200174
485729650.6086 0.4525698 -0.4743035 1.199599
485729684.6889 0.4544208 -0.4571698 1.20009
485729717.6136 0.4546748 -0.4537607 1.200462
485729750.6141 0.4549071 -0.4518202 1.200496
485729784.6846 0.4528961 -0.4694779 1.199938
485729817.6207 0.4534355 -0.4632321 1.199951
485729850.6118 0.4534629 -0.4618009 1.199853
485729884.7003 0.453532 -0.4613519 1.199949
485729917.6217 0.4535457 -0.4608876 1.199931
485729950.6194 0.4535091 -0.4607962 1.199922
485729984.7013 0.453515 -0.4603913 1.199924
485730017.6231 0.4535333 -0.4601315 1.199911
485730050.6257 0.454201 -0.4554316 1.200069
485730084.6912 0.4540811 -0.4565681 1.199899
485730117.6138 0.453996 -0.4573516 1.199866
485730150.6168 0.4541042 -0.4578794 1.199877
485730184.6889 0.4543659 -0.4544055 1.199937
485730217.6164 0.4522256 -0.4741386 1.199387
485730250.617 0.4550282 -0.4508559 1.200751
485730284.6953 0.4545645 -0.4540978 1.200334
485730317.6125 0.4543185 -0.4558101 1.200165
485730350.6081 0.4547589 -0.4524016 1.200212
485730384.6823 0.4548033 -0.454649 1.200139
485730417.6196 0.4544221 -0.4561619 1.200219
485730450.6227 0.4545159 -0.4531472 1.200523
485730484.6857 0.454527 -0.4551966 1.200337
485730517.6206 0.4545699 -0.4562257 1.200106
485730550.6105 0.4543297 -0.4571441 1.200077
485730584.6855 0.454392 -0.4576855 1.200025
485730617.6175 0.454733 -0.4537986 1.20031
485730650.6103 0.4526305 -0.4713612 1.19996
485730684.6848 0.4525684 -0.4728825 1.200076
485730717.6049 0.455138 -0.4511237 1.201249
485730750.6096 0.4521621 -0.4759518 1.199755
485730784.6883 0.4520065 -0.4773644 1.199634
485730817.6162 0.4548738 -0.4571136 1.200798
485730850.6172 0.4548968 -0.4578153 1.200737
485730884.6942 0.4548792 -0.4584123 1.200544
485730917.6225 0.454878 -0.4587519 1.200419
485730950.6087 0.4544182 -0.4592421 1.200428
485730984.6796 0.4525341 -0.4748691 1.199714
485731017.6062 0.4522716 -0.4775823 1.19962
485731050.6097 0.4550102 -0.4563077 1.200419
485731084.7179 0.452707 -0.4743474 1.20014
485731117.6196 0.454924 -0.4579239 1.200764
485731150.6094 0.4527001 -0.4763771 1.200063
485731184.6914 0.4550024 -0.4587729 1.2008
485731217.6033 0.4550273 -0.4543758 1.201166
485731250.6076 0.4552729 -0.4521926 1.201221
485731284.6846 0.4549256 -0.4547179 1.200921
485731317.6137 0.4550047 -0.45608 1.200728
485731350.6073 0.4529384 -0.4736877 1.20017
485731384.679 0.4526488 -0.4761053 1.199801
485731417.6024 0.4525359 -0.4770858 1.199687
485731450.6026 0.4553559 -0.4534744 1.200933
485731484.6829 0.4552664 -0.4551386 1.200732
485731517.6239 0.4548922 -0.4563449 1.200746
485731550.6089 0.4553256 -0.4525942 1.201022
485731584.6781 0.4551308 -0.4513358 1.201291
485731617.6011 0.4551642 -0.4541458 1.200943
485731650.6033 0.4551673 -0.4556885 1.200747
485731684.6857 0.45236 -0.4797189 1.199743
485731717.6033 0.4553537 -0.4573074 1.200917
485731750.6149 0.4557018 -0.4529391 1.201316
485731784.6829 0.4522975 -0.4806294 1.199733
485731817.615 0.4554995 -0.456188 1.200695
485731850.6127 0.4523515 -0.4801853 1.199839
485731884.6802 0.4522952 -0.4808569 1.199787
485731917.6213 0.455191 -0.4584941 1.200877
485731950.6161 0.4526533 -0.478633 1.199746
485731984.6812 0.4525936 -0.4795768 1.199652
485732017.605 0.4552843 -0.459076 1.199782
485732050.599 0.4549972 -0.4594907 1.199897
485732084.7052 0.4548246 -0.4598352 1.199901
485732117.6269 0.4529462 -0.4757959 1.19944
485732150.6115 0.4535854 -0.4691533 1.199769
485732184.6935 0.4538082 -0.4671721 1.199929
485732217.6058 0.4551793 -0.4582108 1.200215
485732250.6084 0.455321 -0.4585564 1.1998
485732284.6846 0.4554171 -0.4588946 1.199697
485732317.6786 0.4551255 -0.459418 1.199797
485732350.6139 0.4553542 -0.4595836 1.199789
485732384.6925 0.4554406 -0.459786 1.199852
485732417.6147 0.4554673 -0.4599132 1.199747
485732450.6058 0.4531707 -0.4789445 1.199469
485732484.6775 0.4560357 -0.4601175 1.199844
485732517.6005 0.4523849 -0.486265 1.198474
485732550.6113 0.4558786 -0.460445 1.199457
485732584.6904 0.4528005 -0.4831772 1.198881
485732617.6081 0.4528059 -0.4832263 1.198843
485732650.6066 0.4541363 -0.4704986 1.199537
485732684.6779 0.4556265 -0.4610358 1.199355
485732717.6185 0.453631 -0.4765932 1.198942
485732750.6063 0.455983 -0.4539313 1.199762
485732784.6797 0.4558904 -0.4526809 1.20015
485732817.6113 0.4556221 -0.455336 1.199959
485732850.6061 0.4538404 -0.4751486 1.198712
485732884.6827 0.4561096 -0.4574853 1.199803
485732917.6073 0.455861 -0.4550248 1.200149
485732950.6058 0.4557547 -0.456493 1.19989
485732984.6783 0.4561391 -0.4540575 1.20001
485733017.6087 0.4565802 -0.4526121 1.199952
485733050.6159 0.4564288 -0.4548328 1.199617
485733084.6904 0.4560374 -0.4567298 1.199885
485733117.6052 0.4559556 -0.4575413 1.199557
485733150.6033 0.4561625 -0.4579728 1.199444
485733184.6754 0.4558051 -0.4550958 1.199959
485733217.5988 0.4557557 -0.4564979 1.199943
485733250.6084 0.4555944 -0.4575754 1.199821
485733284.6739 0.4554735 -0.4583242 1.199681
485733317.603 0.4559298 -0.4586393 1.199785
485733350.604 0.4562542 -0.4551717 1.200036
485733384.6819 0.4560658 -0.4534789 1.200261
485733417.618 0.4558115 -0.4557281 1.200049
485733450.6067 0.4558502 -0.4538748 1.200165
485733484.6829 0.4559624 -0.4557249 1.19967
485733517.6038 0.4562873 -0.4541701 1.199924
485733550.5998 0.4558341 -0.4537348 1.199958
485733584.676 0.4557056 -0.4560744 1.19975
485733617.6011 0.4557568 -0.4546712 1.199833
485733650.6053 0.4560662 -0.4529394 1.199661
485733684.6721 0.4562595 -0.4522938 1.19972
485733717.5943 0.4534329 -0.4757697 1.198404
485733750.5989 0.4561794 -0.4551344 1.199833
485733784.6727 0.4560505 -0.4537562 1.199833
485733817.5969 0.4557413 -0.4559864 1.199632
485733850.604 0.4558153 -0.4571728 1.199023
485733884.6847 0.4560612 -0.4546575 1.198851
485733917.6139 0.4533297 -0.4783252 1.197668
485733950.605 0.4540588 -0.4701445 1.197995
485733984.6829 0.4561099 -0.4520371 1.199128
485734017.5964 0.4561487 -0.4516877 1.199141
485734050.6052 0.4558525 -0.4549866 1.19857
485734084.6826 0.4554241 -0.4567001 1.198423
485734117.6142 0.4535277 -0.4739038 1.197655
485734150.5984 0.453243 -0.4766034 1.197367
485734184.6881 0.4530821 -0.4782746 1.197264
485734217.6189 0.4536319 -0.4718408 1.197499
485734250.6125 0.4533792 -0.4750968 1.197391
485734284.6916 0.4535954 -0.4727458 1.197477
485734317.5957 0.4550217 -0.4562123 1.197924
485734350.602 0.4550381 -0.4575329 1.197783
485734384.6769 0.452976 -0.4772037 1.197235
485734417.6065 0.453636 -0.4713172 1.197484
485734450.5931 0.4557245 -0.4570556 1.198155
485734484.6734 0.4532466 -0.4769221 1.197414
485734517.6099 0.4556488 -0.4586252 1.198366
485734550.6372 0.4555714 -0.4559992 1.19868
485734584.6834 0.4555268 -0.4574097 1.198506
485734617.5966 0.4555808 -0.4583769 1.198518
485734650.6029 0.4555505 -0.4590766 1.198382
485734684.8035 0.4553912 -0.459639 1.198324
485734717.5975 0.4556182 -0.4575183 1.198606
485734750.6022 0.4522509 -0.4912384 1.197142
485734784.6854 0.4535248 -0.4819425 1.197751
485734817.5961 0.4531548 -0.4893086 1.197545
485734850.5975 0.4561677 -0.4875185 1.199796
485734884.6741 0.4567144 -0.4870074 1.19995
485734917.6016 0.4569202 -0.4864353 1.198727
485734950.6083 0.4564843 -0.4862829 1.198796
485734984.6804 0.4536899 -0.4979442 1.200467
485735017.5968 0.4512359 -0.500165 1.199047
485735050.5994 0.4462982 -0.5004982 1.198657
485735084.676 0.4483517 -0.4401683 1.200339
485735117.6019 0.4465919 -0.441396 1.200473
485735150.6012 0.4429375 -0.4445812 1.201084
485735184.668 0.4310498 -0.4515898 1.202578
485735217.5939 0.4091629 -0.4669299 1.203219
485735250.5944 0.4082642 -0.4572991 1.204657
485735284.6686 0.408472 -0.4402047 1.206334
485735317.5985 0.4081262 -0.4214424 1.207113
485735350.6016 0.4084554 -0.4089411 1.207142
485735384.6774 0.4137134 -0.3898102 1.209333
485735417.5962 0.4128911 -0.3819486 1.210649
485735450.5931 0.4058538 -0.3740213 1.211594
485735484.673 0.3448086 -0.3789923 1.219711
485735517.598 0.4069846 -0.3731567 1.218121
485735550.5925 0.4056676 -0.3724833 1.218381
485735584.6802 0.3999665 -0.3701122 1.217631
485735617.6056 0.3837281 -0.3694184 1.217056
485735650.5951 0.3686702 -0.3614083 1.219111
485735684.6639 0.3512346 -0.3529713 1.220658
485735717.5877 0.3221395 -0.3057295 1.229892
485735750.5957 0.3601638 -0.3602059 1.212996
485735784.6714 0.3614536 -0.3618433 1.214529
485735817.5883 0.351254 -0.353712 1.218888
485735850.5921 0.3425715 -0.3544881 1.219602
485735884.6675 0.3357198 -0.3522282 1.220852
485735917.5909 0.3319632 -0.3503704 1.222772
485735950.5869 0.3288859 -0.3498805 1.223643
485735984.6734 0.327799 -0.348911 1.223945
485736017.5989 0.3265868 -0.3486037 1.223828
485736050.6019 0.3259245 -0.3479268 1.223743
485736084.6756 0.325157 -0.3472204 1.223591
485736117.59 0.3246891 -0.3463345 1.223753
485736150.5943 0.3245949 -0.3450475 1.223415
485736184.6655 0.336683 -0.3435818 1.22265
485736217.6049 0.307731 -0.2867286 1.227852
485736250.5932 0.310918 -0.2872647 1.228504
485736284.6686 0.3384621 -0.33472 1.221377
485736317.5907 0.3297188 -0.3070455 1.22273
485736350.588 0.3527054 -0.3352631 1.216281
485736384.6659 0.3602597 -0.3372705 1.215849
485736417.5925 0.3663122 -0.3378619 1.214062
485736450.6005 0.3846827 -0.3515804 1.212856
485736484.6652 0.3900744 -0.3529516 1.211426
485736517.5898 0.395823 -0.355643 1.210317
485736550.5892 0.3996687 -0.3575215 1.207909
485736584.6666 0.4042957 -0.36097 1.207896
485736617.5933 0.4063548 -0.3741654 1.20676
485736650.6004 0.4071573 -0.3838367 1.205431
485736684.6705 0.4074323 -0.3985727 1.204487
485736717.586 0.409202 -0.4080448 1.204113
485736750.5903 0.4111002 -0.4163702 1.2043
485736784.6661 0.4108719 -0.4335582 1.204136
485736817.5883 0.4526043 -0.4024966 1.201766
485736850.6028 0.4533392 -0.4022959 1.201543
485736884.6712 0.4546784 -0.4012873 1.201301
485736917.5843 0.4559039 -0.4013304 1.201141
485736950.5841 0.4575546 -0.4012425 1.200481
485736984.6796 0.4590022 -0.400765 1.201468
485737017.5886 0.4593967 -0.4015465 1.201209
485737050.5961 0.4594361 -0.4034981 1.202305
485737084.6748 0.4591518 -0.40365 1.202244
485737117.5925 0.4590021 -0.403447 1.20212
485737150.5922 0.4582741 -0.4025815 1.20189
485737184.6696 0.4576101 -0.4015494 1.201362
485737217.5897 0.4561764 -0.3892159 1.200387
485737250.5952 0.4548298 -0.3900382 1.199274
485737284.6719 0.4536422 -0.390737 1.198326
485737317.5981 0.452452 -0.3913638 1.197652
485737350.5856 0.4513987 -0.3924385 1.197325
485737384.6634 0.4506023 -0.39335 1.197088
485737417.5901 0.4494028 -0.3940414 1.196604
485737450.5923 0.4419969 -0.4588259 1.210352
485737484.6738 0.4389955 -0.4631563 1.209989
485737517.5919 0.4389469 -0.46164 1.209558
485737550.5863 0.4383605 -0.4638289 1.209367
485737584.6699 0.4381299 -0.4649549 1.209392
485737617.5863 0.4385059 -0.4628284 1.208848
485737650.5873 0.4385765 -0.4631246 1.209309
485737684.6602 0.4382556 -0.4632463 1.208168
485737717.5971 0.4380253 -0.4634562 1.208008
485737750.5821 0.438067 -0.4635705 1.207429
485737784.6628 0.4250665 -0.4045188 1.245739
485737817.587 0.4371471 -0.4636884 1.20738
485737850.581 0.437089 -0.463829 1.20735
485737884.6655 0.4371228 -0.4639005 1.20704
485737917.5909 0.4373342 -0.463976 1.206734
485737950.6046 0.4372855 -0.4640222 1.206738
485737984.6599 0.4387307 -0.4641982 1.205412
485738017.5853 0.4379607 -0.4644027 1.206561
485738050.5851 0.4377034 -0.464552 1.207003
485738084.6641 0.4374667 -0.4646779 1.207559
485738117.5994 0.4370682 -0.4652548 1.207143
485738150.5824 0.436932 -0.466648 1.206615
485738184.6746 0.4367461 -0.4668196 1.206963
485738217.5881 0.4365868 -0.4674358 1.207054
485738250.5833 0.4364831 -0.4680344 1.20706
485738284.6583 0.4362483 -0.4683899 1.207114
485738317.5961 0.4362574 -0.4688017 1.206868
485738350.5929 0.4360109 -0.4699904 1.206905
485738384.6696 0.435871 -0.4708096 1.206866
485738417.5921 0.435875 -0.4713911 1.206414
485738450.5915 0.4357418 -0.4721269 1.206248
485738484.6586 0.4364685 -0.4724426 1.207332
485738517.5828 0.4364542 -0.4726785 1.207795
485738550.5838 0.4365124 -0.4735858 1.209313
485738584.6645 0.4365132 -0.4741474 1.210358
485738617.5941 0.4364525 -0.4747203 1.211499
485738650.6924 0.4335608 -0.4343033 1.276926
485738684.6639 0.4334759 -0.4342768 1.276232
485738717.5799 0.4325771 -0.4753961 1.222503
485738750.5911 0.4348107 -0.4348107 1.273003
485738784.6636 0.43481 -0.4349908 1.273133
485738817.592 0.4348217 -0.4351019 1.273173
485738850.5851 0.4299781 -0.5032501 1.2179
485738884.654 0.4364508 -0.4460375 1.2091
485738917.5823 0.4363093 -0.4467693 1.209019
485738950.5816 0.4304674 -0.5017581 1.219864
485738984.657 0.4297293 -0.5050568 1.218255
485739017.5886 0.4297543 -0.5045541 1.218319
485739050.5855 0.4297104 -0.5041895 1.218284
485739084.6645 0.4294063 -0.5073535 1.21401
485739117.576 0.4291925 -0.5078083 1.214005
485739150.5815 0.4290809 -0.5084743 1.213764
485739184.6627 0.4293039 -0.5069687 1.214957
485739217.5869 0.4293307 -0.5060617 1.215706
485739250.5858 0.4293573 -0.504712 1.216433
485739284.6563 0.4293446 -0.5041121 1.216598
485739317.5829 0.4291547 -0.50555 1.216138
485739350.597 0.4291934 -0.504931 1.216462
485739384.6675 0.4292002 -0.504045 1.216658
485739417.5917 0.4290572 -0.5082682 1.213184
485739450.5878 0.4294396 -0.5058759 1.214268
485739484.6533 0.4294804 -0.5050179 1.21463
485739517.5882 0.4296035 -0.5043727 1.215035
485739550.5847 0.4296762 -0.5037846 1.215369
485739584.6543 0.4295716 -0.5025872 1.215616
485739617.5892 0.4295848 -0.502377 1.215886
485739650.6365 0.4296003 -0.5019968 1.21631
485739684.6586 0.4296503 -0.5018449 1.21629
485739717.5787 0.4297266 -0.5017669 1.216717
485739750.5809 0.429727 -0.5016297 1.216851
485739784.6554 0.4297661 -0.501577 1.216892
485739817.5792 0.4297966 -0.5015002 1.216936
485739850.5769 0.4297955 -0.5014818 1.216936
485739884.6601 0.4298119 -0.5011753 1.217199
485739917.5794 0.4297274 -0.50212 1.216568
485739950.5931 0.4296314 -0.502933 1.216737
485739984.6545 0.4297584 -0.5023637 1.217103
485740017.5828 0.4300743 -0.5010063 1.218169
485740050.5777 0.4301563 -0.5006655 1.218417
485740084.6625 0.430064 -0.502824 1.217214
485740117.5859 0.429956 -0.5045077 1.21679
485740150.5856 0.4301024 -0.5038496 1.216807
485740184.6635 0.4297977 -0.5049394 1.216012
485740217.5746 0.4297904 -0.5055754 1.215773
485740250.5792 0.4295875 -0.5067272 1.215332
485740284.6616 0.4298418 -0.5053497 1.216353
485740317.5825 0.4298941 -0.5050338 1.216481
485740350.5831 0.4296442 -0.5075801 1.213231
485740384.6503 0.4296659 -0.5087786 1.211884
485740417.5765 0.4298924 -0.5070059 1.213389
485740450.5726 0.4297448 -0.5092976 1.211923
485740484.6545 0.4299431 -0.5062351 1.21409
485740517.589 0.4300366 -0.5048557 1.214756
485740550.5879 0.4300815 -0.5044392 1.215078
485740584.6567 0.430163 -0.5037847 1.215564
485740617.5756 0.4302002 -0.5035865 1.215654
485740650.5934 0.4302122 -0.506862 1.213545
485740684.6549 0.4303249 -0.5059581 1.214193
485740717.586 0.4301842 -0.5067925 1.214161
485740750.5973 0.4302179 -0.5066342 1.214271
485740784.6509 0.4303305 -0.5056484 1.214815
485740817.5768 0.4303404 -0.5054426 1.214889
485740850.5819 0.4301882 -0.5075662 1.212036
485740884.6503 0.4302649 -0.5068089 1.212734
485740917.5868 0.4305088 -0.5049454 1.213582
485740950.5759 0.4306722 -0.5036907 1.214319
485740984.68 0.4304692 -0.5072928 1.21119
485741017.5857 0.4304125 -0.5074473 1.211237
485741050.5748 0.4305122 -0.5062225 1.212245
485741084.6572 0.4303401 -0.5071273 1.212342
485741117.5773 0.4302003 -0.5076231 1.212508
485741150.6008 0.4300554 -0.5121236 1.207801
485741184.6438 0.4298959 -0.512079 1.210737
485741217.5729 0.4301255 -0.5120869 1.209269
485741250.5784 0.4301655 -0.5112615 1.21186
485741284.6501 0.4300874 -0.5110245 1.21212
485741317.5714 0.4302204 -0.5090089 1.212912
485741350.5839 0.4301794 -0.5073835 1.213286
485741384.6462 0.4301115 -0.50753 1.213324
485741417.5728 0.4301942 -0.506755 1.213809
485741450.5775 0.4301212 -0.5072865 1.213823
485741484.6644 0.4300936 -0.5093215 1.211397
485741517.5878 0.4300101 -0.5094765 1.211835
485741550.5732 0.4302027 -0.50774 1.212852
485741584.6518 0.4305093 -0.5060722 1.21408
485741617.5748 0.4305791 -0.5056072 1.214166
485741650.5799 0.4304927 -0.5051627 1.214449
485741684.6528 0.4304625 -0.5045357 1.21474
485741717.5893 0.4305004 -0.5044838 1.214849
