486075383.5767 0.6216534 -0.4544273 1.260549
486075416.5555 0.6213664 -0.4553337 1.259609
486075449.4633 0.620921 -0.456047 1.258702
486075483.5407 0.6206245 -0.4569128 1.257907
486075516.538 0.620162 -0.4547355 1.259198
486075549.4811 0.6198379 -0.45393 1.259708
486075583.5368 0.6195354 -0.4529057 1.259728
486075616.5394 0.6194829 -0.4526078 1.25967
486075649.5014 0.6002557 -0.4787787 1.222967
486075683.5365 0.6002342 -0.4783351 1.222615
486075716.5543 0.6002641 -0.4785164 1.222231
486075749.4625 0.6002972 -0.4783871 1.221995
486075783.5387 0.6006259 -0.4775 1.222127
486075816.5381 0.6199175 -0.4540818 1.255375
486075849.4701 0.6198423 -0.4548839 1.254506
486075883.5508 0.6198028 -0.4521742 1.255614
486075916.5436 0.6195695 -0.4511587 1.255724
486075949.4723 0.6195883 -0.4507703 1.255718
486075983.5424 0.6195554 -0.4500577 1.255769
486076016.5438 0.6195701 -0.4497207 1.25568
486076049.4676 0.6194679 -0.4491451 1.255556
486076083.5499 0.6196727 -0.4489653 1.255667
486076116.5349 0.6011887 -0.4763803 1.219433
486076149.4599 0.601195 -0.4759829 1.219382
486076183.5316 0.6011897 -0.475641 1.219295
486076216.5519 0.6012292 -0.4753971 1.219222
486076249.4745 0.6012506 -0.4751542 1.219191
486076283.5351 0.6012691 -0.4749359 1.219044
486076316.5475 0.6012827 -0.4747984 1.219033
486076349.4611 0.6013435 -0.4748262 1.218986
486076383.5734 0.6015828 -0.4747446 1.218919
486076416.53 0.6015213 -0.4748647 1.218818
486076449.4694 0.6014922 -0.4749892 1.218674
486076483.5366 0.6014724 -0.4749143 1.218681
486076516.5454 0.6018715 -0.474806 1.218914
486076549.461 0.6018369 -0.4747353 1.21888
486076583.5392 0.6021712 -0.4745737 1.219315
486076616.5464 0.602136 -0.474435 1.219365
486076649.4591 0.6020188 -0.4749468 1.219303
486076683.5324 0.6020085 -0.4749023 1.219478
486076716.5424 0.6019998 -0.4747649 1.21961
486076749.4568 0.6019781 -0.4750631 1.219505
486076783.5314 0.6020998 -0.4753338 1.219568
486076816.5352 0.6020206 -0.4753152 1.219579
486076849.4648 0.6009991 -0.4755737 1.218659
486076883.5332 0.6013002 -0.4757885 1.218965
486076916.5419 0.6015564 -0.4758319 1.219227
486076949.4538 0.601754 -0.4758233 1.219417
486076983.5354 0.6017763 -0.4757826 1.21956
486077016.5339 0.6018155 -0.4758403 1.219643
486077049.5435 0.6020456 -0.4788269 1.218323
486077083.5507 0.6028079 -0.4778694 1.219143
486077116.5484 0.6027068 -0.4774449 1.219389
486077149.4657 0.6027035 -0.4772684 1.21959
486077183.5423 0.6227843 -0.4524634 1.254888
486077216.5449 0.6225472 -0.4536688 1.254148
486077249.4515 0.6028215 -0.4781736 1.219191
486077283.5531 0.6225439 -0.4532606 1.254615
486077316.5393 0.6029369 -0.4783284 1.219703
486077349.4602 0.6029038 -0.4779356 1.21992
486077383.5438 0.603155 -0.4776238 1.220263
486077416.5399 0.6032386 -0.477304 1.220411
486077449.4514 0.6030427 -0.4771876 1.220371
486077483.5321 0.6032965 -0.4770104 1.220622
486077516.5306 0.6031445 -0.4769035 1.220692
486077549.463 0.6031556 -0.4768643 1.221007
486077583.5347 0.6031579 -0.4766124 1.221171
486077616.5316 0.6032136 -0.4766306 1.2212
486077649.4665 0.6034169 -0.4763761 1.221403
486077683.5296 0.6034044 -0.4762885 1.221543
486077716.5379 0.6033503 -0.4754461 1.221926
486077749.4584 0.6032975 -0.4753058 1.222021
486077783.5359 0.6034385 -0.4752845 1.222069
486077816.5434 0.6035574 -0.4751984 1.22216
486077849.4639 0.6035636 -0.4751825 1.222307
486077883.5286 0.6035385 -0.4752112 1.222298
486077916.5658 0.6035989 -0.4752283 1.222363
486077949.4555 0.6036488 -0.4746569 1.222609
486077983.5461 0.6036977 -0.4742384 1.222875
486078016.536 0.6038166 -0.4741237 1.223061
486078049.4667 0.6038038 -0.4740949 1.223075
486078083.5438 0.6241909 -0.4524701 1.256915
486078116.5267 0.6241542 -0.4508255 1.257962
486078149.4932 0.6039678 -0.4753133 1.222533
486078183.5431 0.6040857 -0.4753595 1.222589
486078216.5441 0.6237726 -0.4535454 1.256222
486078249.458 0.6237951 -0.4512614 1.257846
486078283.5375 0.6238003 -0.4507509 1.258231
486078316.5352 0.6240165 -0.4511324 1.257953
486078349.4533 0.6041558 -0.4750975 1.222769
486078383.534 0.6041872 -0.474629 1.223106
486078416.5337 0.6243562 -0.452536 1.257245
486078449.4912 0.624389 -0.4507976 1.258381
486078483.5288 0.6044986 -0.476548 1.222447
486078516.5335 0.6039946 -0.4761165 1.222843
486078549.4507 0.6035834 -0.4758644 1.222638
486078583.5298 0.6048958 -0.4763111 1.224989
486078616.5357 0.6051431 -0.4767732 1.225881
486078649.4497 0.6051928 -0.476973 1.226101
486078683.5332 0.6052847 -0.4769994 1.226064
486078716.5289 0.6035852 -0.4767098 1.224173
486078749.4502 0.6030601 -0.4768028 1.223875
486078783.5273 0.6043366 -0.4770474 1.225164
486078816.5356 0.6035258 -0.4769561 1.224479
486078849.4508 0.603061 -0.4769876 1.224201
486078883.5369 0.6039978 -0.477246 1.22476
486078916.5395 0.6036046 -0.4772062 1.224216
486078949.4637 0.6044925 -0.477329 1.224748
486078983.558 0.6049372 -0.477376 1.225144
486079016.5331 0.605505 -0.4773704 1.225366
486079049.4528 0.6056539 -0.4775267 1.225421
486079083.5376 0.6057526 -0.4776419 1.225529
486079116.5337 0.6040037 -0.4773688 1.224031
486079149.4628 0.6050934 -0.4774265 1.224606
486079183.5242 0.605376 -0.4776799 1.225045
486079216.5412 0.6038767 -0.4776154 1.223674
486079249.451 0.6035819 -0.4775415 1.223445
486079283.5318 0.6045213 -0.4778138 1.224766
486079316.5504 0.605161 -0.4778519 1.225408
486079349.4611 0.6054167 -0.4778826 1.225652
486079383.5225 0.6056408 -0.4778426 1.22567
486079416.5198 0.6058644 -0.4778094 1.225783
486079449.4456 0.6056079 -0.4779388 1.225424
486079483.542 0.6042074 -0.4776129 1.223958
486079516.5339 0.6035621 -0.4773683 1.223356
486079549.4901 0.603334 -0.4772518 1.223208
486079583.5253 0.6047663 -0.4772063 1.223689
486079616.5263 0.6040696 -0.4769242 1.222844
486079649.4628 0.6045978 -0.4770891 1.223724
486079683.5558 0.6038281 -0.4764783 1.222719
486079716.5227 0.6040682 -0.4760982 1.222838
486079749.4498 0.6039128 -0.4758915 1.22227
486079783.5305 0.6088972 -0.4757744 1.224949
486079816.5492 0.6049098 -0.4750256 1.222353
486079849.4516 0.6267995 -0.4837733 1.239629
486079883.5496 0.6268905 -0.4836442 1.239733
486079916.537 0.6268106 -0.4838106 1.23957
486079949.4428 0.6316916 -0.4836241 1.243595
486079983.5383 0.659056 -0.4753806 1.292402
486080016.5286 0.6007503 -0.4852979 1.222577
486080049.4478 0.5746834 -0.459076 1.201833
486080083.5421 0.5702927 -0.4502056 1.200623
486080116.5562 0.5703581 -0.4543383 1.199233
486080149.4488 0.5695739 -0.4554801 1.198432
486080183.5386 0.5691248 -0.455366 1.19776
486080216.5285 0.4237764 -0.4377661 1.208809
486080249.4851 0.4230202 -0.4343714 1.208406
486080283.5359 0.4186238 -0.4294591 1.208369
486080316.5307 0.4152015 -0.4137893 1.208496
486080349.4492 0.4126719 -0.4008641 1.208782
486080383.5356 0.4001113 -0.3977852 1.209695
486080416.5214 0.4020948 -0.3826593 1.208318
486080449.4411 0.4228948 -0.3558206 1.204647
486080483.5317 0.4226297 -0.3553921 1.205835
486080516.536 0.4294607 -0.3424042 1.20681
486080549.4569 0.4208622 -0.3487598 1.209772
486080583.5438 0.4122614 -0.3452981 1.211732
486080616.5447 0.362914 -0.3215443 1.216815
486080649.4603 0.392209 -0.3345234 1.215275
486080683.5616 0.3398971 -0.3005067 1.222837
486080716.5272 0.3409478 -0.2983842 1.222521
486080749.4605 0.3593745 -0.3011492 1.217406
486080783.5199 0.3501999 -0.2925982 1.218209
486080816.5344 0.3559205 -0.2987407 1.217884
486080849.4496 0.3567204 -0.3014154 1.219555
486080883.5689 0.3501422 -0.2906108 1.222317
486080916.5341 0.3538083 -0.297242 1.222108
486080949.4465 0.3550546 -0.2984288 1.222368
486080983.5255 0.3555836 -0.2995357 1.222248
486081016.5191 0.3563842 -0.3005277 1.2215
486081049.4577 0.3564602 -0.3008666 1.220966
486081083.5224 0.3502091 -0.2908623 1.216975
486081116.5295 0.3510033 -0.2914807 1.216448
486081149.441 0.3692168 -0.2981474 1.211774
486081183.5238 0.3629277 -0.3032688 1.212647
486081216.533 0.3616284 -0.3093218 1.213084
486081249.4568 0.4005041 -0.3174732 1.205351
486081283.5355 0.3819463 -0.3319215 1.207768
486081316.52 0.421579 -0.3452189 1.205861
486081349.4467 0.4215474 -0.3454674 1.205231
486081383.5291 0.4216975 -0.3464258 1.203878
486081416.5259 0.4240578 -0.3476074 1.202492
486081449.4477 0.4264013 -0.3489071 1.201424
486081483.5469 0.4273946 -0.3555048 1.200331
486081516.5269 0.4282241 -0.3634806 1.199307
486081549.4429 0.4184929 -0.3906532 1.200337
486081583.5187 0.4176165 -0.3987621 1.200059
486081616.5168 0.4194415 -0.4043029 1.19957
486081649.4579 0.4193646 -0.4178803 1.196803
486081683.5398 0.461852 -0.3900359 1.195615
486081716.5149 0.4556842 -0.4040996 1.197211
486081749.4387 0.4552983 -0.4107653 1.197665
486081783.54 0.4419201 -0.4416386 1.197555
486081816.5282 0.4410941 -0.4453732 1.197276
486081849.4479 0.4412878 -0.4464497 1.197419
486081883.5336 0.4409873 -0.4488246 1.197475
486081916.5415 0.4495429 -0.44126 1.204339
486081949.4538 0.4393619 -0.4567097 1.197245
486081983.5337 0.4446706 -0.4566782 1.196657
486082016.5298 0.4446221 -0.4579433 1.196883
486082049.4409 0.4451499 -0.4571729 1.197149
486082083.5327 0.4716341 -0.4596001 1.224393
486082116.539 0.4487406 -0.4523716 1.194992
486082149.4451 0.4499132 -0.4521262 1.195118
486082183.5952 0.4507755 -0.452332 1.194979
486082216.5174 0.4514288 -0.4524097 1.194812
486082249.4568 0.4524811 -0.4525957 1.19485
486082283.5322 0.4537669 -0.4526299 1.195357
486082316.5188 0.4545638 -0.4528972 1.19539
486082349.45 0.4552137 -0.4530207 1.194979
486082383.525 0.4556739 -0.4530419 1.193995
486082416.514 0.4442885 -0.3935197 1.196657
486082449.4551 0.4442888 -0.3935298 1.196579
486082483.5222 0.44429 -0.3941436 1.196101
486082516.5232 0.4443319 -0.3941812 1.196086
486082549.4442 0.4442705 -0.3942759 1.195944
486082583.5093 0.4441931 -0.3944489 1.195864
486082616.5098 0.4442535 -0.3949618 1.195742
486082649.448 0.4441612 -0.3952353 1.19535
486082683.5287 0.4441876 -0.3954808 1.195302
486082716.517 0.4443772 -0.3957242 1.195171
486082749.4387 0.4445003 -0.3966415 1.194968
486082783.5186 0.4446408 -0.3972263 1.194826
486082816.5237 0.4446737 -0.3974514 1.194571
486082849.4442 0.4446706 -0.3974521 1.194595
486082883.5188 0.4447083 -0.3974197 1.194565
486082916.5153 0.4447106 -0.3974202 1.194566
486082949.4428 0.4447501 -0.3974777 1.19457
486082983.5202 0.4447612 -0.3975453 1.194536
486083016.5261 0.444687 -0.3979306 1.194138
486083049.4548 0.4448205 -0.3980787 1.19432
486083083.5138 0.4448642 -0.3979837 1.194337
486083116.5103 0.4449485 -0.3978915 1.194578
486083149.4406 0.4450053 -0.3980006 1.19479
486083183.5218 0.445051 -0.3979538 1.19496
486083216.5125 0.4452178 -0.3982519 1.195102
486083249.4375 0.4452649 -0.3983396 1.195127
486083283.5322 0.4453546 -0.3984963 1.195158
486083316.5155 0.445555 -0.3987637 1.19528
486083349.4442 0.4456276 -0.3988145 1.195253
486083383.5176 0.4457973 -0.3988851 1.195521
486083416.5239 0.4460074 -0.3989076 1.19567
486083449.4337 0.446036 -0.3987558 1.195725
486083483.5272 0.4460346 -0.3986229 1.195836
486083516.5302 0.4460807 -0.3987217 1.195873
486083549.4417 0.4460054 -0.3983767 1.196126
486083583.5241 0.4460889 -0.3984166 1.196056
486083616.5259 0.446088 -0.3984171 1.196063
486083649.4308 0.4460681 -0.3982527 1.196158
486083683.5123 0.4460741 -0.3982556 1.196165
486083716.5486 0.4460354 -0.3980083 1.19613
486083749.4675 0.4460344 -0.3978555 1.196158
486083783.5166 0.4459274 -0.3973156 1.196315
486083816.5172 0.445988 -0.3973795 1.196374
486083849.4492 0.4460402 -0.3972574 1.196388
486083883.5089 0.4460188 -0.3971746 1.196398
486083916.519 0.4460185 -0.3970447 1.196464
486083949.4477 0.4460448 -0.3970951 1.196435
486083983.5415 0.4460444 -0.3971033 1.196438
486084016.5807 0.4460576 -0.3969296 1.19651
486084049.4335 0.4460396 -0.3971178 1.196456
486084083.5195 0.4459944 -0.3970083 1.196582
486084116.523 0.4460571 -0.3971181 1.196584
486084149.4394 0.4460375 -0.3969679 1.196378
486084183.5304 0.4460704 -0.396767 1.196263
486084216.5149 0.4460539 -0.3969143 1.196229
486084249.4445 0.4460388 -0.3967728 1.196252
486084283.5141 0.4460088 -0.3969152 1.19616
486084316.5176 0.4460228 -0.3970399 1.196079
486084349.4446 0.4460753 -0.397073 1.196063
486084383.511 0.4461529 -0.3971756 1.195987
486084416.5202 0.4462882 -0.3974952 1.195874
486084449.4317 0.4463423 -0.3974169 1.195908
486084483.5087 0.4463891 -0.3976478 1.19582
486084516.5183 0.4463544 -0.3974996 1.195866
486084549.4392 0.4464222 -0.3975192 1.195817
486084583.5056 0.446505 -0.3973238 1.196032
486084616.5049 0.4465081 -0.3973286 1.196027
486084649.4554 0.446508 -0.3973846 1.196048
486084683.5185 0.4466315 -0.3971629 1.19602
