485789717.4194 0.4355859 -0.3774011 1.200128
485789750.4171 0.4356291 -0.377396 1.20016
485789784.5027 0.4356369 -0.3774051 1.200154
485789817.4175 0.4356859 -0.3774143 1.2001
485789850.4181 0.4357232 -0.3774273 1.200132
485789884.4963 0.4356839 -0.3773882 1.200062
485789917.4304 0.4357333 -0.3774687 1.199878
485789950.4145 0.4357507 -0.3774747 1.199867
485789984.492 0.4357959 -0.37749 1.199765
485790017.4174 0.4358968 -0.3775125 1.199523
485790050.4196 0.4362298 -0.3774862 1.200914
485790084.4954 0.4364685 -0.3774787 1.201275
485790117.4139 0.4368468 -0.377569 1.200846
485790150.4124 0.4371289 -0.3776264 1.200245
485790184.4853 0.4371342 -0.3776565 1.200042
485790217.4592 0.43718 -0.3776907 1.199589
485790250.4084 0.4371997 -0.3777044 1.199641
485790284.4953 0.4373153 -0.3777319 1.199543
485790317.4228 0.4379948 -0.3777646 1.200547
485790350.4304 0.437872 -0.3777751 1.199977
485790384.5045 0.4379807 -0.3778213 1.199772
485790417.441 0.4379209 -0.3777927 1.199736
485790450.4084 0.438107 -0.3779759 1.199481
485790484.4879 0.4382123 -0.3779861 1.199584
485790517.426 0.4387063 -0.3780953 1.199715
485790550.4163 0.4388231 -0.3781349 1.199688
485790584.4987 0.4388462 -0.3782137 1.199541
485790617.4217 0.4390134 -0.3782865 1.199618
485790650.4543 0.4390539 -0.3783134 1.199502
485790684.503 0.4390306 -0.3783738 1.199593
485790717.4181 0.4390481 -0.3784349 1.199638
485790750.4158 0.4390229 -0.3784644 1.199532
485790784.4801 0.4391395 -0.3785378 1.199597
485790817.4056 0.4397028 -0.3785285 1.201895
485790850.4193 0.4399054 -0.3785937 1.201586
485790884.4914 0.4398674 -0.3786405 1.201615
485790917.4217 0.4397773 -0.3786225 1.201644
485790950.4067 0.4398111 -0.3785996 1.201815
485790984.4977 0.4397347 -0.3786143 1.201779
485791017.424 0.4396462 -0.3785784 1.201685
485791050.4245 0.4395892 -0.37857 1.201336
485791084.4958 0.4395439 -0.378507 1.201278
485791117.4069 0.4395021 -0.3784434 1.201198
485791150.419 0.4395962 -0.3784506 1.201062
485791184.4931 0.4395413 -0.3784132 1.20092
485791217.4177 0.4395408 -0.3783979 1.200738
485791250.4154 0.4394706 -0.3783544 1.200383
485791284.4941 0.4394743 -0.3783342 1.200311
485791317.4031 0.4394125 -0.3782978 1.200262
485791350.4242 0.4393531 -0.3783005 1.200171
485791384.4877 0.4393105 -0.3782698 1.200174
485791417.4213 0.4392788 -0.3782718 1.199946
485791450.4334 0.4392467 -0.3782455 1.199876
485791484.4842 0.4396081 -0.3715869 1.200958
485791517.4162 0.4393801 -0.3741871 1.200706
485791550.4381 0.439282 -0.3747211 1.200554
485791584.4888 0.4391493 -0.375138 1.200501
485791617.4188 0.4390423 -0.3754479 1.200413
485791650.419 0.4389928 -0.3755445 1.200338
485791684.4804 0.4389332 -0.3757055 1.200195
485791717.4025 0.4388631 -0.3758323 1.200214
485791784.499 0.4387974 -0.3760403 1.200265
485791817.4204 0.4388296 -0.3760971 1.200039
485791850.4127 0.4388186 -0.3761185 1.200027
485791884.4869 0.4388223 -0.3761806 1.200035
485791917.4201 0.4387893 -0.3762164 1.200065
485791950.408 0.4387736 -0.3762409 1.199906
485791984.4903 0.4387397 -0.3763129 1.199944
485792017.4178 0.4386609 -0.3763882 1.200101
485792050.4286 0.4386638 -0.376436 1.200059
485792084.4975 0.4387791 -0.3765168 1.201496
485792117.4196 0.4386754 -0.3765805 1.200891
485792150.4025 0.4387252 -0.3767143 1.200638
485792184.4939 0.4388833 -0.3767854 1.200442
485792217.4239 0.4389826 -0.376903 1.200442
485792250.4097 0.4389997 -0.3769439 1.200572
485792284.4834 0.439144 -0.3770398 1.200249
485792317.4011 0.4391519 -0.3770729 1.200271
485792350.4111 0.4393971 -0.3772556 1.199906
485792384.4877 0.4394719 -0.3773997 1.199827
485792417.4086 0.4396037 -0.3775586 1.199744
485792450.4182 0.4395991 -0.3776328 1.199717
485792484.48 0.4396131 -0.377765 1.199723
485792517.4186 0.4395821 -0.3780018 1.199622
485792550.4024 0.4395763 -0.3781758 1.19963
485792584.5196 0.4395476 -0.3784434 1.199506
485792617.4151 0.4395058 -0.3786835 1.199535
485792650.4218 0.4246487 -0.4419088 1.185456
485792684.4931 0.443347 -0.3914191 1.192289
485792717.4194 0.4416395 -0.3817699 1.199099
485792750.4273 0.4421347 -0.3818056 1.20314
485792784.4912 0.442912 -0.381982 1.203813
485792817.4002 0.4438042 -0.3821658 1.204751
485792850.4205 0.4499731 -0.5057911 1.192836
485792884.4815 0.4459955 -0.4527848 1.194991
485792917.4131 0.4561705 -0.4449525 1.196911
485792950.4129 0.4533865 -0.4444624 1.197203
485792984.4792 0.4506796 -0.4442767 1.197328
485793017.4141 0.4499668 -0.4441424 1.19913
485793050.4061 0.4567283 -0.4363864 1.193698
485793084.4814 0.4564227 -0.4350906 1.195
485793117.4208 0.4561686 -0.4301841 1.197111
485793150.4091 0.455139 -0.4260039 1.198128
485793184.4845 0.4568637 -0.4095198 1.199544
485793217.4645 0.4727544 -0.372362 1.209397
485793250.4043 0.4217691 -0.3952692 1.208592
485793284.4818 0.4675368 -0.3676478 1.212782
485793317.4146 0.4116629 -0.3715369 1.207743
485793350.3992 0.3632783 -0.3719729 1.204782
485793384.4828 0.4124187 -0.3502463 1.210752
485793417.4152 0.4122807 -0.349458 1.211297
485793450.4084 0.4209532 -0.3430795 1.214559
485793484.549 0.419515 -0.3434153 1.216374
485793517.4108 0.4128814 -0.3398594 1.218125
485793550.4044 0.3547705 -0.3250412 1.217913
485793584.4798 0.3545614 -0.3240624 1.218056
485793617.3983 0.3546052 -0.321904 1.219096
485793650.3997 0.3548171 -0.3192233 1.219745
485793684.5046 0.3540032 -0.3166052 1.22125
485793717.4432 0.3539061 -0.3146435 1.221977
485793750.3994 0.3535818 -0.3131748 1.222304
485793784.4986 0.3527617 -0.3122811 1.222548
485793817.4048 0.352597 -0.312198 1.222508
485793850.4049 0.3524268 -0.3124732 1.222817
485793884.4823 0.3532873 -0.314394 1.221989
485793917.4103 0.3535551 -0.3179578 1.220881
485793950.4067 0.3530267 -0.3239075 1.219149
485793984.4743 0.3534544 -0.3332912 1.217738
485794017.3932 0.3532449 -0.3450557 1.215392
485794050.3995 0.3585065 -0.3570735 1.216148
485794084.4892 0.3634794 -0.3616195 1.211342
485794117.4102 0.3685248 -0.3637487 1.205233
485794150.3992 0.4208261 -0.3688111 1.205757
485794184.4796 0.4211081 -0.3714944 1.205746
485794217.398 0.4228019 -0.3773364 1.205718
485794250.3998 0.4821619 -0.3569345 1.203323
485794284.4801 0.482261 -0.3568797 1.203027
485794317.399 0.4379963 -0.4046173 1.20351
485794350.4057 0.4346085 -0.4140912 1.201387
485794384.4869 0.4385411 -0.4170133 1.201797
485794417.4094 0.4548738 -0.4233972 1.19858
485794450.4055 0.456266 -0.4253001 1.198211
485794484.4792 0.4567017 -0.4272559 1.197768
485794517.4166 0.4567248 -0.4291433 1.19755
485794550.3929 0.4537264 -0.4298957 1.197947
485794584.4843 0.4813099 -0.3738886 1.213324
485794617.4077 0.4750583 -0.3856014 1.204892
485794650.4046 0.4728917 -0.3896334 1.200135
485794684.4668 0.4728359 -0.3746311 1.205019
485794717.3923 0.4715318 -0.3751225 1.205657
485794750.4027 0.4700737 -0.3753918 1.206439
485794784.4744 0.4677277 -0.375425 1.206687
485794817.4138 0.4653029 -0.3720177 1.208104
485794850.4033 0.463118 -0.3746979 1.208682
485794884.4745 0.4599608 -0.3756818 1.209169
485794917.3967 0.4593875 -0.3765724 1.209525
485794950.4116 0.4589413 -0.3771091 1.209432
485794984.471 0.4587471 -0.3777088 1.209467
485795017.4018 0.4551612 -0.377735 1.209201
485795050.4048 0.4539624 -0.3777463 1.208618
485795084.4769 0.4542859 -0.3780986 1.207853
485795117.4102 0.4525146 -0.3779834 1.206169
485795150.4727 0.4627859 -0.4402278 1.193232
485795184.5062 0.4459942 -0.3769296 1.205971
485795217.4095 0.4462595 -0.3772013 1.20618
485795250.3949 0.4459337 -0.3774854 1.204403
485795284.4842 0.4458856 -0.3776974 1.204767
485795317.3953 0.4456827 -0.3777753 1.205069
485795350.3975 0.4464012 -0.378019 1.204298
485795384.4774 0.4495399 -0.3957933 1.190847
485795417.4115 0.4495408 -0.3956131 1.190718
485795450.4047 0.4494069 -0.3952254 1.190643
485795484.4784 0.4455674 -0.3780379 1.205495
485795517.4002 0.4485487 -0.3943067 1.191837
485795550.3925 0.4485696 -0.3943277 1.191864
485795584.4691 0.4486362 -0.3944463 1.192067
485795617.4085 0.4466963 -0.3784468 1.206935
485795650.3919 0.4497953 -0.3792183 1.205784
485795684.4767 0.4479792 -0.378807 1.207837
485795717.398 0.4475501 -0.3787534 1.20826
485795750.3945 0.4485395 -0.394794 1.193794
485795784.4699 0.4464841 -0.3786623 1.209835
485795817.3949 0.4480484 -0.4212992 1.183898
485795850.3979 0.4477157 -0.4399716 1.18574
485795884.477 0.4459576 -0.3786825 1.210057
485795917.4029 0.4459412 -0.3787002 1.21006
485795950.3985 0.4448083 -0.4242521 1.188797
485795984.4846 0.4452494 -0.378663 1.208616
485796017.3911 0.4452637 -0.3786803 1.208708
485796050.418 0.4453365 -0.3787432 1.208695
485796084.5098 0.4494511 -0.3798099 1.205132
485796117.4061 0.4479361 -0.3794419 1.20686
485796150.3931 0.4471972 -0.3792853 1.207021
485796184.4738 0.4469878 -0.3792152 1.207084
485796217.4029 0.4469354 -0.3792255 1.207241
485796250.4064 0.4466872 -0.3791294 1.207554
485796284.4797 0.4466819 -0.3790972 1.20802
485796317.4006 0.4482876 -0.4210436 1.185857
485796350.4119 0.4465005 -0.3788893 1.208852
485796384.5062 0.4464702 -0.3789053 1.208842
485796417.4295 0.4464515 -0.3789687 1.208807
485796450.3973 0.4464523 -0.3789482 1.208779
485796484.4673 0.4464376 -0.3789461 1.208763
485796517.394 0.4464101 -0.3788993 1.208571
485796550.3946 0.4463289 -0.3788765 1.208538
485796584.4892 0.446299 -0.3788455 1.208509
485796617.4229 0.4462792 -0.3788418 1.208388
485796650.4177 0.4463533 -0.3789085 1.208176
485796684.4812 0.446345 -0.3789272 1.208136
485796717.4062 0.4474063 -0.3792761 1.205896
485796750.4015 0.4473513 -0.3793086 1.205174
485796784.4699 0.4473903 -0.3792972 1.204362
485796817.4043 0.4474469 -0.3793243 1.204036
485796850.3893 0.4485599 -0.3794326 1.205828
485796884.4836 0.4484616 -0.3794478 1.204431
485796917.3975 0.4484155 -0.3794686 1.20371
485796950.3973 0.4483282 -0.3794656 1.202962
485796984.4792 0.4488581 -0.3794453 1.20377
485797017.3891 0.4488162 -0.3789365 1.204611
485797050.3855 0.4486165 -0.3786987 1.204824
485797084.4638 0.4351356 -0.4361163 1.188906
485797117.3876 0.4346853 -0.4360549 1.189202
485797150.3873 0.4477527 -0.3800644 1.203568
485797184.4771 0.4329955 -0.4350243 1.191057
485797217.3931 0.4323555 -0.4350034 1.191304
