485816250.4031 0.4886271 -0.2312724 1.206883
485816284.4062 0.4893963 -0.2308401 1.206745
485816317.3243 0.489909 -0.2302148 1.206631
485816350.3281 0.461072 -0.278344 1.1809
485816384.4085 0.4934431 -0.2245513 1.204873
485816417.3364 0.4663341 -0.3002389 1.193002
485816450.3263 0.494182 -0.2221961 1.205854
485816484.4045 0.4943774 -0.2226542 1.206722
485816517.3263 0.4678521 -0.3138002 1.211611
485816550.3301 0.4960223 -0.2288884 1.222508
485816584.4002 0.466866 -0.3113266 1.211623
485816617.324 0.4669099 -0.311012 1.21189
485816650.3344 0.4866782 -0.2228432 1.218026
485816684.4044 0.4877141 -0.2250031 1.223811
485816717.3237 0.442248 -0.4152043 1.218079
485816750.3448 0.4440024 -0.502811 1.211273
485816784.4013 0.4468701 -0.4767357 1.211401
485816817.3411 0.4471647 -0.4764112 1.211053
485816850.3577 0.4479038 -0.476046 1.207705
485816884.4007 0.4486552 -0.4705198 1.206117
485816917.3306 0.4486351 -0.4682287 1.205518
485816950.3242 0.4486675 -0.4666741 1.205059
485816984.3971 0.4487748 -0.4654062 1.204522
485817017.3217 0.4487917 -0.4645798 1.20372
485817050.3556 0.4495319 -0.4565226 1.20368
485817084.44 0.4497764 -0.4527778 1.203375
485817117.324 0.44983 -0.4505881 1.203073
485817150.3348 0.449885 -0.4491585 1.202693
485817184.395 0.4499035 -0.448092 1.202398
485817217.3438 0.4499391 -0.4470932 1.202302
485817250.3243 0.4496852 -0.4497712 1.202002
485817284.4062 0.4494761 -0.4511985 1.201719
485817317.3358 0.4493158 -0.4522044 1.201452
485817350.3236 0.449197 -0.4529125 1.201147
485817384.4216 0.4490687 -0.453375 1.200983
485817417.329 0.4494961 -0.4487753 1.201193
485817450.3205 0.4495589 -0.4467956 1.201191
485817484.4 0.4492127 -0.44949 1.200957
485817517.3267 0.4487824 -0.4509126 1.200565
485817550.3207 0.4484854 -0.4518291 1.200165
485817584.4075 0.4482149 -0.4525627 1.199982
485817617.3215 0.448105 -0.4530163 1.199801
485817650.3652 0.4477613 -0.4534463 1.199629
485817684.4028 0.4343207 -0.415997 1.216296
485817717.3262 0.4472477 -0.4482057 1.196914
485817750.3189 0.443242 -0.4874961 1.196611
485817784.3976 0.443183 -0.487379 1.196754
485817817.3382 0.4460945 -0.4529803 1.197478
485817850.4603 0.4460511 -0.4535452 1.197739
485817884.4479 0.4460985 -0.452783 1.197723
485817917.3257 0.446081 -0.4522816 1.197924
485817950.3332 0.446206 -0.4517528 1.19797
485817984.4098 0.446243 -0.4514774 1.197964
485818017.3287 0.4461557 -0.4512739 1.19825
485818050.3219 0.4461442 -0.4511304 1.198436
485818084.3973 0.4461526 -0.4508424 1.19826
485818117.3203 0.4432745 -0.4891966 1.19798
485818150.3282 0.4454833 -0.4590267 1.198608
485818184.4044 0.4442286 -0.4783166 1.198333
485818217.4218 0.444076 -0.4808523 1.198315
485818250.3358 0.4439469 -0.4826156 1.198253
485818284.3956 0.4438918 -0.4851621 1.198068
485818317.3226 0.4437698 -0.4864264 1.197923
485818350.338 0.4436657 -0.4877352 1.197783
485818384.4031 0.4467157 -0.4494238 1.197438
485818417.3405 0.4434364 -0.4924476 1.197803
485818450.3509 0.4466654 -0.449802 1.198067
485818484.393 0.4429863 -0.4946072 1.197554
485818517.316 0.4465087 -0.4488543 1.197167
485818550.3272 0.4465368 -0.4487042 1.197293
485818584.3928 0.4371949 -0.3871303 1.209483
485818617.3256 0.4456492 -0.4484769 1.201427
485818650.3299 0.445839 -0.4483445 1.19968
485818684.4254 0.4456363 -0.4481701 1.198207
485818717.3323 0.4456303 -0.4481215 1.198006
485818750.3198 0.4385924 -0.4413165 1.190713
485818784.4034 0.4408718 -0.4461861 1.195278
485818817.3428 0.4460126 -0.4467872 1.19683
485818850.3232 0.4458314 -0.446845 1.196977
485818884.4302 0.441016 -0.5069552 1.197386
485818917.3187 0.4449482 -0.447304 1.197402
485818950.3156 0.4450214 -0.4461627 1.196266
485818984.4041 0.444937 -0.4465606 1.196609
485819017.3295 0.4449516 -0.4461257 1.196224
485819050.3334 0.4449126 -0.4458679 1.196012
485819084.4043 0.4448602 -0.4461643 1.196286
485819117.3166 0.444654 -0.4465229 1.196588
485819150.3393 0.4446884 -0.4465242 1.196683
485819184.3933 0.4446699 -0.4465331 1.196827
485819217.3278 0.4446605 -0.4465055 1.196868
485819250.3272 0.4449244 -0.4457459 1.19617
485819284.3956 0.4451007 -0.4454583 1.195905
485819317.3144 0.4449219 -0.4464128 1.196833
485819350.3179 0.4447905 -0.4465395 1.197087
485819384.3928 0.4448058 -0.4466181 1.197219
485819417.324 0.4448038 -0.4465775 1.197219
485819450.3205 0.4447603 -0.4467877 1.197462
485819484.3992 0.4447476 -0.4467514 1.197461
485819517.3246 0.4447784 -0.4465974 1.19748
485819550.3391 0.4447985 -0.4464489 1.197589
485819584.3895 0.4451565 -0.4438015 1.197747
485819617.3215 0.4358647 -0.3814975 1.208007
485819650.334 0.4360788 -0.3807397 1.208047
485819684.4081 0.4362411 -0.3801884 1.208086
485819717.3237 0.4363878 -0.3798271 1.208243
485819750.321 0.4364985 -0.3793589 1.208329
485819784.3947 0.4366577 -0.3789373 1.208394
485819817.3173 0.4367635 -0.3785816 1.208389
485819850.34 0.4368642 -0.378273 1.208303
485819884.4039 0.4370491 -0.377617 1.208337
485819917.3212 0.4371331 -0.3773357 1.208291
485819950.3887 0.4374451 -0.3764443 1.208244
485819984.3992 0.4375773 -0.3762134 1.208199
485820017.3209 0.4377341 -0.3760026 1.208218
485820050.3272 0.4378548 -0.3758158 1.208245
485820084.3944 0.4379641 -0.3755313 1.208229
485820117.3145 0.4388951 -0.3702805 1.207973
485820150.3077 0.4388884 -0.3705755 1.208029
485820184.3827 0.4388874 -0.3707899 1.208055
485820217.3229 0.4389419 -0.3707334 1.208118
485820250.3481 0.4389758 -0.3708525 1.208162
485820284.3993 0.4390171 -0.370921 1.20815
485820317.3198 0.4391149 -0.3710593 1.208199
485820350.3281 0.4391806 -0.3712954 1.208209
485820384.3986 0.439242 -0.371684 1.208145
485820417.313 0.4393339 -0.3719257 1.208205
485820450.3341 0.4394373 -0.3719319 1.208181
485820484.3984 0.4395036 -0.3719432 1.208095
485820517.3144 0.4395183 -0.3719028 1.208105
485820550.3145 0.4395801 -0.3718137 1.208087
485820584.3985 0.4395927 -0.371901 1.208085
485820617.3506 0.4395381 -0.3720485 1.208096
485820650.327 0.4395476 -0.3721071 1.208035
485820684.3933 0.4395442 -0.3722755 1.208052
485820717.3295 0.4395449 -0.3723774 1.208066
485820750.3169 0.439523 -0.3725989 1.20823
485820784.398 0.4395549 -0.3726675 1.208199
485820817.3124 0.4395945 -0.3727895 1.208316
485820850.3105 0.4396481 -0.3729529 1.208414
485820884.4232 0.4395604 -0.3732418 1.208505
485820917.3224 0.4397689 -0.3699571 1.209189
485820950.3143 0.440009 -0.3699984 1.209701
485820984.384 0.4403301 -0.3724841 1.209974
485821017.323 0.4410722 -0.3733802 1.21048
485821050.3289 0.4432057 -0.3744847 1.211398
485821084.3805 0.4496609 -0.4365449 1.198919
485821117.319 0.4490979 -0.436834 1.200192
485821150.3143 0.4487577 -0.4368759 1.202343
485821184.3933 0.4599061 -0.3776177 1.211435
485821217.3233 0.4601356 -0.3774792 1.211223
485821250.3128 0.4610737 -0.3776474 1.211271
485821284.3832 0.4614689 -0.378251 1.211047
485821317.307 0.4606546 -0.3830201 1.209927
485821350.3384 0.4603503 -0.3835422 1.209981
485821384.3949 0.4572394 -0.3891664 1.208729
485821417.308 0.4563455 -0.389627 1.208257
485821450.3189 0.4103481 -0.4154248 1.212966
485821484.4 0.4064192 -0.4145446 1.213979
485821517.3127 0.4039164 -0.4051838 1.214452
485821550.3203 0.4013418 -0.3901722 1.216704
485821584.3919 0.3966779 -0.3813362 1.217111
485821617.3079 0.3984398 -0.3673275 1.217907
485821650.3221 0.4020047 -0.3556103 1.221208
485821684.388 0.4092109 -0.3480492 1.225248
485821717.3081 0.4101205 -0.3495894 1.226321
485821750.3038 0.4021067 -0.3455458 1.228246
485821784.4054 0.3524818 -0.318051 1.236535
485821817.3185 0.3738495 -0.3268407 1.235156
485821850.3121 0.3535734 -0.3076718 1.23529
485821884.4208 0.3724514 -0.3310846 1.239742
485821917.3294 0.3497003 -0.3096662 1.237993
485821950.3217 0.3583472 -0.3218654 1.240751
485821984.391 0.358804 -0.3232519 1.241318
485822017.3201 0.3588361 -0.32461 1.241715
485822050.3047 0.3587969 -0.3250107 1.242271
485822084.3899 0.3592228 -0.3256231 1.242614
485822117.3141 0.3604646 -0.3266638 1.243122
485822150.3061 0.3613289 -0.326769 1.243266
485822184.395 0.3620871 -0.3271506 1.242816
485822217.3364 0.3483892 -0.3116535 1.240351
485822250.3111 0.3525203 -0.315226 1.239928
485822284.3939 0.3601937 -0.3219569 1.237511
485822317.3025 0.3636034 -0.3238567 1.23615
485822350.3015 0.3681574 -0.3261847 1.235306
485822384.3887 0.3731025 -0.3284166 1.232731
485822417.3195 0.3482937 -0.3207968 1.230671
485822450.3082 0.348745 -0.3228161 1.229114
485822484.3828 0.4248493 -0.3582952 1.227613
485822517.3049 0.4252001 -0.3577367 1.227483
485822550.3309 0.4197628 -0.3541425 1.227446
485822584.394 0.4180374 -0.3519697 1.225267
485822617.3215 0.419684 -0.3517307 1.224625
485822650.3081 0.4204381 -0.3508146 1.22275
485822684.3823 0.4179018 -0.3598787 1.221333
485822717.3102 0.4171487 -0.3682129 1.22136
485822750.3341 0.4177284 -0.3747512 1.22207
485822784.3865 0.4181716 -0.3778954 1.222137
485822817.3058 0.4740186 -0.367815 1.217102
485822850.3023 0.4254051 -0.4116624 1.221244
485822884.3855 0.4252757 -0.4129765 1.220375
485822917.3253 0.4638489 -0.3852444 1.211604
485822950.3164 0.4636726 -0.386163 1.211706
485822984.3877 0.4614542 -0.3945766 1.210328
485823017.307 0.4592344 -0.4073008 1.211809
485823050.3104 0.4580932 -0.4138522 1.211615
485823084.3919 0.4661152 -0.3894843 1.217809
485823117.3079 0.4669504 -0.3875634 1.218096
485823150.3196 0.4675412 -0.3862629 1.217955
485823184.3913 0.4677067 -0.3856973 1.217651
485823217.3327 0.467612 -0.3849632 1.217061
485823250.3469 0.4676789 -0.3841661 1.215969
485823284.4079 0.4676391 -0.3840121 1.215523
485823317.3198 0.4676158 -0.3819319 1.214654
485823350.3088 0.4678031 -0.3798016 1.214185
485823384.3904 0.4675363 -0.3799611 1.213968
485823417.3166 0.4615908 -0.4399589 1.209734
485823450.2951 0.4620939 -0.3959744 1.203524
485823484.3906 0.4612851 -0.3805734 1.211789
485823517.3016 0.4593476 -0.4409652 1.205828
485823550.3006 0.4585239 -0.4412979 1.208092
485823584.3891 0.4574561 -0.4413873 1.207207
485823617.317 0.4570104 -0.4416235 1.207216
485823650.3007 0.4566991 -0.4418146 1.207269
485823684.4143 0.4423251 -0.4772639 1.211506
485823717.2962 0.4508269 -0.4412428 1.204022
485823750.307 0.4478513 -0.5055845 1.203961
485823784.3791 0.4477672 -0.5055316 1.203927
485823817.3038 0.4476175 -0.505508 1.203892
485823850.3039 0.4514357 -0.4436262 1.206716
485823884.3772 0.450865 -0.4435746 1.206439
485823917.3019 0.4500727 -0.4434849 1.206046
485823950.3049 0.4443395 -0.5056676 1.202842
485823984.3766 0.443969 -0.5056025 1.202646
485824017.2996 0.4475365 -0.4420229 1.203531
485824050.3084 0.4474178 -0.4419922 1.203523
485824084.3731 0.4472987 -0.442002 1.203494
485824117.3104 0.4472472 -0.4419427 1.20357
485824150.313 0.4472225 -0.4418505 1.203585
485824184.3901 0.4471824 -0.4417859 1.203591
485824217.3007 0.4470848 -0.44183 1.203627
485824250.305 0.4470408 -0.4418061 1.203625
485824284.3795 0.446929 -0.4417536 1.203578
485824317.3062 0.4468525 -0.4417175 1.203561
485824350.3134 0.4465865 -0.4416901 1.203314
485824384.3797 0.4464071 -0.4416346 1.203071
485824417.299 0.4463847 -0.4416369 1.203086
485824450.2951 0.4462114 -0.441633 1.202919
485824484.3721 0.4461418 -0.4416364 1.202921
485824517.2987 0.4460567 -0.441681 1.202878
485824550.3026 0.4460551 -0.4417099 1.203367
485824584.3948 0.446022 -0.4417105 1.202914
485824617.2997 0.4457254 -0.4417115 1.202688
485824650.3069 0.4455644 -0.4417542 1.202814
485824684.3831 0.4454923 -0.4417753 1.203053
485824717.295 0.4453961 -0.4418136 1.203073
485824750.3074 0.4451868 -0.4418175 1.203
485824784.3734 0.4450525 -0.4418025 1.202922
485824817.3075 0.4388268 -0.3932602 1.210488
485824850.3052 0.440602 -0.3814372 1.215358
485824884.3859 0.4405598 -0.3814248 1.21531
