485851050.2152 0.4212489 -0.3682228 1.206754
485851084.2885 0.4212673 -0.3682204 1.206786
485851117.2226 0.4212584 -0.3680284 1.206485
485851150.2075 0.4211566 -0.3682486 1.206535
485851184.2973 0.4210664 -0.3682102 1.206719
485851217.2104 0.4210693 -0.367878 1.206714
485851250.2089 0.4210044 -0.3679678 1.20675
485851284.2847 0.4210184 -0.3677877 1.206755
485851317.2245 0.421005 -0.3677863 1.206759
485851350.214 0.4070736 -0.4363382 1.210407
485851384.2853 0.4061553 -0.4365762 1.21053
485851417.2136 0.4058919 -0.4372503 1.210449
485851450.2031 0.4057515 -0.4379099 1.210607
485851484.2896 0.4056875 -0.4378914 1.210663
485851517.2117 0.4054679 -0.438795 1.210731
485851550.2184 0.4051732 -0.4392224 1.210925
485851584.2959 0.4049557 -0.4395436 1.211055
485851617.2242 0.4048459 -0.4398654 1.211105
485851650.2297 0.4047045 -0.4398968 1.211122
485851684.296 0.4195609 -0.369398 1.207519
485851717.2264 0.4195798 -0.3693938 1.207533
485851750.2069 0.4196346 -0.3692477 1.207543
485851784.2946 0.4197454 -0.369147 1.207724
485851817.2106 0.4197706 -0.3690921 1.207767
485851850.2046 0.4198134 -0.3690501 1.207862
485851884.3062 0.4171876 -0.3669283 1.204568
485851917.2037 0.4180393 -0.3704669 1.207672
485851950.2363 0.4223115 -0.3708343 1.204721
485851984.2789 0.4222996 -0.3701303 1.205426
485852017.2072 0.4221935 -0.3699487 1.205933
485852050.2049 0.4220193 -0.3698516 1.20651
485852084.3082 0.4049675 -0.4424187 1.206079
485852117.2061 0.4221569 -0.3689864 1.207392
485852150.2219 0.405336 -0.441765 1.207541
485852184.2776 0.4049242 -0.4425834 1.207955
485852217.2153 0.4222093 -0.3675336 1.207552
485852250.2808 0.4044355 -0.4445965 1.205979
485852284.2827 0.4217523 -0.3681549 1.207764
485852317.2167 0.4035875 -0.4425908 1.207181
485852350.2091 0.4209713 -0.3712066 1.207951
485852384.296 0.4173797 -0.4437291 1.198515
485852417.2054 0.439097 -0.5050346 1.195488
485852450.2146 0.4384896 -0.4474467 1.194718
485852484.2748 0.4369022 -0.4796252 1.19388
485852517.2014 0.4369066 -0.4795909 1.193823
485852550.1991 0.4386797 -0.4473923 1.193996
485852584.2881 0.4371253 -0.4794345 1.192748
485852617.2156 0.4388433 -0.4472271 1.193391
485852650.2149 0.4373872 -0.4793218 1.191867
485852684.2956 0.4361428 -0.4809686 1.205554
485852717.2186 0.4392131 -0.4475816 1.195823
485852750.2824 0.4375249 -0.4798537 1.19563
485852784.2859 0.4375401 -0.4797701 1.194905
485852817.1991 0.4386805 -0.508086 1.195445
485852850.2148 0.4386673 -0.5080864 1.195358
485852884.3169 0.4386988 -0.5081939 1.195338
485852917.2838 0.4387089 -0.5082002 1.195367
485852950.1998 0.4386064 -0.5082282 1.195513
485852984.2752 0.4391181 -0.4469571 1.193674
485853017.2039 0.4374165 -0.4794006 1.192384
485853050.2139 0.4372263 -0.4796613 1.194082
485853084.3049 0.438711 -0.5073509 1.195927
485853117.2135 0.4386966 -0.5071664 1.195879
485853150.2334 0.4387879 -0.4476324 1.194579
485853184.3502 0.4386984 -0.506165 1.195688
485853217.1981 0.4387096 -0.5062754 1.195668
485853250.2159 0.4387172 -0.5062578 1.195663
485853284.2925 0.43873 -0.5062764 1.195677
485853317.2097 0.4387418 -0.506276 1.195693
485853350.2111 0.4387376 -0.50627 1.195611
485853384.298 0.4387793 -0.5061185 1.195521
485853417.198 0.438997 -0.5039302 1.195573
485853450.2002 0.4389792 -0.5042251 1.195542
485853484.2924 0.4389809 -0.5042955 1.195541
485853517.2236 0.4389835 -0.504651 1.195541
485853550.1959 0.4389854 -0.5046564 1.195579
485853584.2799 0.4390145 -0.504667 1.195577
485853617.1996 0.4390539 -0.5047293 1.195538
485853650.2046 0.4390914 -0.5048577 1.195545
485853684.2911 0.4391309 -0.5048766 1.195575
485853717.2239 0.439173 -0.5048659 1.195607
485853750.213 0.4398395 -0.446733 1.191023
485853784.2835 0.4379345 -0.4794855 1.19052
485853817.1966 0.4378901 -0.4794527 1.190257
485853850.2181 0.440624 -0.4401344 1.189585
485853884.2988 0.4408407 -0.2956516 1.176318
485853917.2296 0.423094 -0.3670812 1.201659
485853950.2047 0.4269032 -0.351623 1.199118
485853984.2846 0.4269531 -0.3516542 1.199146
485854017.2125 0.4039678 -0.4415366 1.19567
485854050.2033 0.4040994 -0.441475 1.195782
485854084.2712 0.4041333 -0.4415808 1.195921
485854117.2065 0.4200513 -0.4446525 1.192341
485854150.2018 0.4400663 -0.5068083 1.197075
485854184.2755 0.4400651 -0.5067309 1.197009
485854217.2047 0.4400391 -0.5067188 1.196829
485854250.1982 0.4400128 -0.5067481 1.196839
485854284.2786 0.4400055 -0.5067861 1.196638
485854317.2102 0.4399897 -0.50683 1.196588
485854350.2001 0.4399439 -0.5067717 1.196437
485854384.2738 0.4400669 -0.5065579 1.196321
485854417.1939 0.4400153 -0.5061371 1.196058
485854450.2006 0.4279589 -0.3677174 1.195891
485854484.3043 0.4307982 -0.3547629 1.194036
485854517.206 0.4307959 -0.3552024 1.194123
485854550.209 0.4307957 -0.3552087 1.194099
485854584.2717 0.4451327 -0.2936074 1.170791
485854617.2061 0.445141 -0.293757 1.170842
485854650.2088 0.4451394 -0.2939854 1.170892
485854684.2887 0.4448404 -0.2939191 1.171749
485854717.2145 0.4485682 -0.2983691 1.162332
485854750.2073 0.4462095 -0.296012 1.167813
485854784.2868 0.4449488 -0.2945761 1.170743
485854817.2122 0.4443077 -0.2941817 1.17247
485854850.2181 0.4440595 -0.2938059 1.173332
485854884.2894 0.4438775 -0.2936983 1.173739
485854917.2017 0.4479674 -0.2989925 1.162529
485854950.208 0.4431179 -0.2937266 1.173591
485854984.2793 0.442998 -0.2935744 1.173991
485855017.1994 0.4428375 -0.2937799 1.174134
485855050.2028 0.4427542 -0.2937694 1.174325
485855084.2758 0.4427443 -0.2936526 1.17438
485855117.2004 0.442738 -0.2938149 1.174714
485855150.2092 0.4427292 -0.2936612 1.174779
485855184.2829 0.4427367 -0.2934319 1.174781
485855217.1964 0.4427272 -0.2935284 1.17485
485855250.1933 0.4426952 -0.2935714 1.174881
485855284.2753 0.442665 -0.2935301 1.174959
485855317.1946 0.4426208 -0.2934729 1.174993
485855350.2046 0.4425627 -0.2932371 1.174931
485855384.2771 0.4425918 -0.2932863 1.175059
485855417.1959 0.448791 -0.2996787 1.161079
485855450.1941 0.4454869 -0.295028 1.170081
485855484.2818 0.4452853 -0.2963158 1.170699
485855517.2093 0.4451057 -0.2962339 1.170767
485855550.2049 0.4291723 -0.3653955 1.195778
485855584.2873 0.4307315 -0.3580399 1.19454
485855617.2648 0.447067 -0.2913707 1.169817
485855650.1989 0.4470232 -0.2913374 1.169791
485855684.2755 0.4470284 -0.29105 1.169863
485855717.2026 0.4469154 -0.2912503 1.16992
485855750.2007 0.4469165 -0.2911391 1.170221
485855784.2786 0.4466532 -0.2915002 1.170163
485855817.204 0.4465724 -0.2916583 1.170183
485855850.205 0.4325413 -0.2605974 1.159828
485855884.2828 0.4411068 -0.2815564 1.165536
485855917.2017 0.4424166 -0.2836955 1.166389
485855950.1924 0.4426911 -0.2848605 1.16793
485855984.2645 0.4430383 -0.286592 1.166394
485856017.1994 0.4434138 -0.28744 1.166794
485856050.2 0.4455401 -0.2911726 1.158928
485856084.2762 0.4443899 -0.2891464 1.164945
485856117.195 0.4308117 -0.257921 1.150911
485856150.1849 0.442598 -0.2841272 1.163759
485856184.2722 0.4434536 -0.2859341 1.164818
485856217.1927 0.4434572 -0.2825295 1.174309
485856250.1978 0.4431605 -0.2835149 1.174147
485856284.288 0.4432909 -0.2835945 1.173775
485856317.19 0.4444086 -0.2869153 1.168559
485856350.2009 0.4445941 -0.2876345 1.168771
485856384.3062 0.4448532 -0.2869656 1.168477
485856417.2329 0.4448513 -0.2879977 1.168875
485856450.1916 0.4449539 -0.2883783 1.168985
485856484.3487 0.4450277 -0.288637 1.169194
485856517.2023 0.4451886 -0.2886628 1.169208
485856550.1983 0.4453881 -0.2885271 1.169179
485856584.2737 0.445347 -0.2890232 1.169317
485856617.1872 0.4453945 -0.289313 1.169452
485856650.2005 0.4453633 -0.2893499 1.169294
485856684.28 0.445419 -0.289512 1.169546
485856717.187 0.4454622 -0.2896294 1.169587
485856750.1925 0.4455701 -0.2897843 1.169687
485856784.2802 0.4456302 -0.2898273 1.169725
485856817.1913 0.4286779 -0.3643467 1.196775
485856850.1881 0.4118446 -0.4413698 1.190798
485856884.273 0.4197375 -0.4436461 1.189467
485856917.198 0.4129154 -0.4424101 1.189968
485856950.2002 0.4130298 -0.4423043 1.190135
485856984.2641 0.4129793 -0.4422483 1.189776
485857017.2035 0.4130141 -0.4422885 1.189617
485857050.1955 0.4129557 -0.4424244 1.189729
485857084.2651 0.4128709 -0.4424233 1.189559
485857117.1872 0.419562 -0.4437318 1.190358
485857150.2014 0.4300739 -0.3669715 1.195048
485857184.2657 0.415048 -0.4414961 1.189959
485857217.1927 0.4144467 -0.4413604 1.189872
485857250.1945 0.4127258 -0.4414074 1.191995
485857284.2666 0.4124535 -0.4418042 1.191254
485857317.1859 0.4303772 -0.3574882 1.195522
485857350.2005 0.4304584 -0.3570803 1.195562
485857384.2685 0.4303093 -0.3575967 1.195809
485857417.1857 0.4301222 -0.3583137 1.195921
485857450.2023 0.4300004 -0.3587995 1.196024
485857484.2809 0.4296508 -0.3590193 1.196553
485857517.2113 0.4263244 -0.3643423 1.194799
485857550.2053 0.4108134 -0.4450923 1.188172
485857584.3033 0.4108878 -0.4448909 1.187889
485857617.186 0.4108798 -0.4449546 1.187892
485857650.1927 0.411125 -0.4432406 1.188573
485857684.2772 0.4112364 -0.4433865 1.188496
485857717.2174 0.4115524 -0.4432931 1.188618
485857750.2204 0.4116847 -0.4432702 1.188486
485857784.2749 0.4274708 -0.3661919 1.197955
485857817.1855 0.4191236 -0.4467031 1.187993
485857850.1873 0.4395803 -0.5092301 1.194608
485857884.2812 0.4395904 -0.509222 1.194622
485857917.1964 0.4396006 -0.5090923 1.194627
485857950.2097 0.4396507 -0.5091031 1.194615
485857984.267 0.4396571 -0.5091339 1.194589
485858017.1986 0.4396301 -0.5091266 1.194506
485858050.2082 0.4396268 -0.509176 1.194489
485858084.2741 0.4396814 -0.5091916 1.194717
485858117.1827 0.4397488 -0.5085215 1.194652
485858150.1989 0.4398297 -0.508037 1.194686
485858184.2677 0.4399437 -0.5071466 1.194781
485858217.1973 0.4399388 -0.5072502 1.19476
485858250.2299 0.439961 -0.5071564 1.194801
485858284.2769 0.4397815 -0.5070661 1.194789
485858317.1868 0.4462882 -0.4373989 1.188206
485858350.1808 0.4465076 -0.4369977 1.188435
485858384.289 0.4281352 -0.3731427 1.194828
485858417.1902 0.4283417 -0.372933 1.19502
485858450.1826 0.4285928 -0.372877 1.195153
485858484.2694 0.42838 -0.3771765 1.197573
485858517.1871 0.4287278 -0.3791668 1.197617
485858550.193 0.4302862 -0.3797317 1.198223
485858584.2721 0.4329141 -0.3804782 1.200251
485858617.1946 0.4355745 -0.3813618 1.200314
485858650.2018 0.4371732 -0.382337 1.199246
485858684.2747 0.4400374 -0.3830025 1.198933
485858717.1841 0.4366243 -0.4239937 1.19372
485858750.1954 0.4462933 -0.3879143 1.201463
485858784.2716 0.4464082 -0.3875358 1.201665
485858817.1917 0.4466648 -0.385996 1.200945
485858850.1988 0.4107589 -0.4249999 1.198718
485858884.2557 0.4096638 -0.4227233 1.199399
485858917.1996 0.4004904 -0.4179983 1.201835
485858950.1785 0.3961551 -0.399875 1.203046
485858984.2575 0.3934943 -0.3843572 1.204067
485859017.2072 0.3842827 -0.3766994 1.203545
485859050.1885 0.3827755 -0.3659908 1.203758
485859084.2704 0.3983985 -0.3499421 1.207294
485859117.1971 0.3973282 -0.3502692 1.208932
485859150.1825 0.3942186 -0.3503239 1.210712
485859184.2529 0.3724011 -0.3377746 1.213328
485859217.1858 0.3692256 -0.3375911 1.214082
485859250.1966 0.3432938 -0.3147501 1.213529
485859284.2699 0.3614403 -0.3348042 1.215947
485859317.1839 0.361604 -0.3360166 1.217121
485859350.3478 0.3612743 -0.3370818 1.21819
485859384.2524 0.3603029 -0.33763 1.219208
485859417.1771 0.3599632 -0.338068 1.220493
485859450.1809 0.3597442 -0.3382389 1.221856
485859484.2711 0.3592972 -0.338075 1.222907
485859517.19 0.3591946 -0.3379104 1.223298
485859550.1926 0.3592209 -0.3376774 1.224099
485859584.2581 0.3594345 -0.3376177 1.22399
485859617.1983 0.360027 -0.3374028 1.224524
485859650.2067 0.3601034 -0.3364526 1.224262
485859684.2755 0.3605926 -0.3362703 1.223547
485859717.196 0.3612461 -0.3354746 1.222276
485859750.1781 0.3634564 -0.335751 1.221163
485859784.2654 0.3639435 -0.3332862 1.220009
485859817.1929 0.3631893 -0.3297679 1.217883
485859850.2185 0.3310546 -0.3191604 1.206268
485859884.2746 0.3318977 -0.320852 1.207047
485859917.1951 0.3345002 -0.3277694 1.206713
485859950.2277 0.3946617 -0.3390475 1.205526
485859984.2686 0.3962679 -0.3362181 1.204293
485860017.19 0.3946805 -0.3408951 1.20295
485860050.1741 0.3938554 -0.3474665 1.201887
485860084.2663 0.3940748 -0.3565059 1.201495
485860117.1872 0.3934814 -0.3690272 1.199244
485860150.1837 0.3974196 -0.3757581 1.199109
485860184.2936 0.4029846 -0.3830678 1.200254
485860217.1907 0.4073895 -0.3914919 1.199623
485860250.1818 0.409156 -0.4102482 1.197582
485860284.2568 0.4116603 -0.4171272 1.196063
485860317.1859 0.4167297 -0.4241572 1.195775
485860350.1775 0.445557 -0.3999858 1.194757
485860384.2923 0.4499947 -0.3875747 1.196287
485860417.2013 0.4339528 -0.4361725 1.198282
485860450.1936 0.4549369 -0.379139 1.197724
485860484.2579 0.4548726 -0.3793434 1.197744
485860517.1793 0.4526003 -0.3849112 1.195589
485860550.1852 0.4521145 -0.3867281 1.194387
485860584.2667 0.4525465 -0.3802507 1.198726
485860617.1794 0.4520912 -0.4411744 1.19482
485860650.1739 0.4474313 -0.4405157 1.19523
485860684.2603 0.4472679 -0.4406218 1.19505
485860717.1927 0.4468975 -0.4409658 1.194499
485860750.1962 0.4471656 -0.4412706 1.191857
485860784.2708 0.4467238 -0.4413407 1.189627
485860817.1794 0.4464005 -0.4414461 1.188681
485860850.1988 0.4464613 -0.4417542 1.188318
485860884.291 0.4463922 -0.4419813 1.187756
485860917.1836 0.4466447 -0.4420035 1.187091
485860950.1826 0.4468051 -0.4420584 1.186768
485860984.2559 0.4469752 -0.4421452 1.186617
485861017.1776 0.447028 -0.4421679 1.186592
485861050.186 0.4470216 -0.4422484 1.186401
485861084.2704 0.4469273 -0.4422573 1.186242
485861117.1918 0.4472403 -0.4423031 1.187255
485861150.1747 0.4472572 -0.4424354 1.187829
485861184.2702 0.4472707 -0.4426933 1.188174
485861217.1899 0.4473116 -0.4428091 1.188437
485861250.1859 0.44734 -0.4430125 1.188632
485861284.2609 0.4472629 -0.4430664 1.188702
485861317.1785 0.4471281 -0.4431118 1.188698
485861350.1808 0.4469747 -0.4428922 1.188469
485861384.2693 0.4469267 -0.4430481 1.188912
485861417.1775 0.4466126 -0.4429322 1.18938
485861450.1928 0.446254 -0.4430597 1.189381
485861484.2678 0.4259975 -0.3801123 1.196193
485861517.1965 0.4260723 -0.3803271 1.195769
485861550.1807 0.4273663 -0.384241 1.192478
485861584.2589 0.4272566 -0.3805347 1.19198
485861617.1766 0.4248348 -0.3799993 1.19553
485861650.201 0.4254471 -0.3773154 1.195439
485861684.2546 0.4256154 -0.3769192 1.195322
485861717.1886 0.425739 -0.3765189 1.195224
485861750.181 0.4255944 -0.3778812 1.195014
485861784.2539 0.4258061 -0.3770218 1.194914
485861817.181 0.4254825 -0.3765305 1.194969
485861850.1828 0.4255332 -0.3762873 1.194531
485861884.2545 0.4256214 -0.375912 1.194476
485861917.1849 0.4256789 -0.3753052 1.194257
485861950.1834 0.425756 -0.3749117 1.19423
485861984.2641 0.4258297 -0.3745882 1.194083
485862017.1817 0.4258823 -0.3743544 1.194035
485862050.1749 0.4258573 -0.3739701 1.193844
485862084.2536 0.4257917 -0.3734584 1.193442
485862117.1823 0.4258268 -0.3729779 1.193298
485862150.1743 0.4258404 -0.372768 1.19322
485862184.2472 0.4258758 -0.3725373 1.193184
485862217.219 0.4258904 -0.3722906 1.192999
485862250.1826 0.4259281 -0.3719101 1.192869
485862284.2527 0.4260221 -0.3713982 1.192999
485862317.1868 0.4261128 -0.3707514 1.192838
485862350.1816 0.4261234 -0.3705018 1.192834
485862384.2451 0.4261743 -0.3702182 1.19276
485862417.1676 0.4262028 -0.3698087 1.192477
485862450.1744 0.426139 -0.3693585 1.192077
485862484.2469 0.4262217 -0.3688999 1.192038
485862517.1809 0.4263663 -0.3682003 1.191979
485862550.1737 0.4264448 -0.3678191 1.191901
