485887617.1696 0.4421399 -0.4905217 1.201815
485887650.0917 0.4423693 -0.4949557 1.200742
485887684.1811 0.4424489 -0.4960515 1.200518
485887717.1927 0.4423822 -0.4958799 1.200629
485887750.1001 0.4423395 -0.4957918 1.200656
485887784.1681 0.4424248 -0.4969304 1.20044
485887817.1699 0.4419202 -0.4727429 1.20519
485887850.0962 0.4419207 -0.4930096 1.200106
485887884.1748 0.4421533 -0.495796 1.199666
485887917.1003 0.441839 -0.4717052 1.20496
485887950.0869 0.4375241 -0.4481976 1.213717
485887984.1754 0.4375428 -0.4481901 1.213701
485888017.1066 0.4426697 -0.4996127 1.197288
485888050.0899 0.4426813 -0.499685 1.197384
485888084.1772 0.4426809 -0.4997394 1.19738
485888117.1749 0.4366177 -0.4481691 1.213732
485888150.0819 0.44046 -0.4506579 1.206173
485888184.161 0.4460319 -0.5084975 1.2018
485888217.0868 0.4427621 -0.5040793 1.198293
485888250.0878 0.4425301 -0.4715717 1.199185
485888284.1685 0.4424661 -0.4888208 1.198074
485888317.1753 0.4425817 -0.4923105 1.19838
485888350.0933 0.4426415 -0.4939339 1.198182
485888384.1757 0.4426007 -0.4955914 1.198017
485888417.1689 0.4426073 -0.4959793 1.197862
485888450.0963 0.4462683 -0.5087292 1.202581
485888484.1836 0.4462088 -0.5087261 1.202529
485888517.1756 0.4375226 -0.4484046 1.212431
485888550.0793 0.4424186 -0.4996087 1.198269
485888584.1715 0.4423968 -0.4996534 1.198181
485888617.1737 0.4454967 -0.508665 1.200884
485888650.0938 0.442716 -0.4657432 1.199394
485888684.1577 0.4460047 -0.50871 1.201858
485888717.1566 0.4459451 -0.5086799 1.201684
485888750.0899 0.4459455 -0.5086781 1.201667
485888784.1558 0.4430068 -0.4465002 1.200161
485888817.1547 0.4414861 -0.4802705 1.198558
485888850.0978 0.4429678 -0.4465137 1.200283
485888884.1679 0.4414004 -0.4801637 1.198203
485888917.1881 0.4413838 -0.4801647 1.198208
485888950.1074 0.4458245 -0.5080963 1.20055
485888984.1578 0.4458242 -0.5081021 1.200608
485889017.1768 0.4458321 -0.5081261 1.200641
485889050.0838 0.4429526 -0.4462952 1.199722
485889084.1571 0.4414119 -0.4800424 1.197843
485889117.0887 0.4413548 -0.480103 1.198089
485889150.0979 0.4436885 -0.4288363 1.201019
485889184.1778 0.4393166 -0.4695328 1.194028
485889217.1574 0.4408622 -0.4794928 1.195251
485889250.1046 0.4456308 -0.5077202 1.199023
485889284.1615 0.4407318 -0.4595495 1.203346
485889317.1009 0.4457923 -0.5078319 1.199841
485889350.0835 0.4404781 -0.4585529 1.205311
485889384.1625 0.4459705 -0.5078653 1.200615
485889417.1569 0.4459288 -0.5078846 1.200575
485889450.0832 0.4459267 -0.507891 1.200587
485889484.1783 0.4459292 -0.5078786 1.200588
485889517.1542 0.4459301 -0.5078813 1.200554
485889550.0776 0.44591 -0.5079449 1.200557
485889584.1657 0.4459032 -0.5079393 1.200421
485889617.1721 0.4459073 -0.5079406 1.200367
485889650.0868 0.4431843 -0.4461389 1.199152
485889684.1552 0.443198 -0.4461713 1.199219
485889717.1989 0.441653 -0.4798916 1.197167
485889750.0911 0.4416722 -0.4799247 1.197358
485889784.1562 0.4431879 -0.4461866 1.199325
485889817.1658 0.4431676 -0.446163 1.199246
485889850.0888 0.4416165 -0.4798695 1.197123
485889884.1601 0.4431551 -0.4459451 1.199031
485889917.1652 0.4416021 -0.4798823 1.197144
485889950.0947 0.4416117 -0.4799012 1.197202
485889984.1611 0.443136 -0.4459748 1.198994
485890017.1633 0.4416002 -0.4799454 1.197174
485890050.0875 0.441586 -0.4799328 1.197117
485890084.1555 0.4430784 -0.446055 1.199012
485890117.1716 0.4415458 -0.479909 1.197026
485890150.0893 0.441537 -0.4799308 1.196989
485890184.161 0.4460866 -0.5078116 1.200044
485890217.1681 0.446059 -0.507902 1.200095
485890250.087 0.4460237 -0.5079166 1.200073
485890284.1759 0.4431595 -0.4484529 1.208612
485890317.1683 0.4459109 -0.5081437 1.200161
485890350.0958 0.4459062 -0.5081288 1.200163
485890384.165 0.4459041 -0.5081034 1.200113
485890417.1582 0.442989 -0.4467792 1.201247
485890450.0914 0.4459412 -0.5073478 1.199764
485890484.1565 0.4458883 -0.5073366 1.199585
485890517.1624 0.4390559 -0.4860702 1.19468
485890550.0813 0.4459693 -0.5070162 1.199428
485890584.1608 0.4416736 -0.4968829 1.200243
485890617.1573 0.4466334 -0.5075147 1.20197
485890650.0794 0.4465939 -0.5075143 1.201861
485890684.163 0.4466893 -0.507571 1.201929
485890717.0942 0.4467727 -0.507831 1.202137
485890750.0775 0.4467876 -0.5078804 1.20212
485890784.157 0.4434962 -0.5036017 1.202069
485890817.1527 0.4434556 -0.5033796 1.20201
485890850.0896 0.4470284 -0.5082785 1.200888
485890884.1625 0.4470571 -0.508301 1.201042
485890917.1594 0.4485138 -0.5085113 1.20462
485890950.0729 0.4455189 -0.5084113 1.203351
485890984.1561 0.4454789 -0.5080377 1.202697
485891017.0799 0.4469814 -0.508338 1.201011
485891050.0904 0.4472843 -0.5081539 1.200684
485891084.1518 0.4465468 -0.5083982 1.200585
485891117.1556 0.4460423 -0.5084453 1.200217
485891150.0848 0.4523733 -0.4506401 1.201377
485891184.1556 0.43308 -0.5065352 1.198788
485891217.0757 0.4460275 -0.4469917 1.197057
485891250.0718 0.4441191 -0.4469576 1.198776
485891284.1472 0.4415036 -0.4477431 1.199502
485891550.0768 0.3524128 -0.3959281 1.207689
485891584.1477 0.3487356 -0.3934626 1.208043
485891617.1577 0.3420169 -0.3914303 1.208078
485891650.0766 0.338109 -0.3811815 1.210354
485891684.1573 0.3355322 -0.375214 1.211645
485891717.1755 0.3306661 -0.3698577 1.213282
485891750.0689 0.3255378 -0.3666892 1.214207
485891784.1488 0.3223732 -0.3607076 1.214499
485891817.1519 0.3214829 -0.3563986 1.21494
485891850.081 0.3025005 -0.3214476 1.225859
485891884.1482 0.3000763 -0.3217286 1.226362
485891917.1504 0.2976654 -0.3204489 1.226567
485891950.0828 0.2956981 -0.3184492 1.22704
485891984.1602 0.2951003 -0.3176266 1.227369
485892017.1678 0.2947334 -0.3163763 1.228398
485892050.0694 0.2948038 -0.3157955 1.229072
485892084.1583 0.3045135 -0.335118 1.235438
485892117.1614 0.3618463 -0.331263 1.238791
485892150.0696 0.3620717 -0.3314505 1.238315
485892184.1532 0.3633886 -0.3325905 1.237365
485892217.1702 0.3685929 -0.3364119 1.235453
485892250.0693 0.3939969 -0.3495753 1.231923
485892284.1468 0.3863928 -0.3432327 1.226342
485892317.1625 0.3850988 -0.3415383 1.224135
485892350.0843 0.3879458 -0.340818 1.221432
485892384.1592 0.3919509 -0.3420258 1.217175
485892417.1504 0.3991707 -0.3445232 1.21525
485892450.082 0.4076016 -0.347607 1.213037
485892484.1615 0.4140631 -0.3492604 1.211513
485892517.0693 0.4204825 -0.3554045 1.20922
485892550.0854 0.4222024 -0.3581157 1.208581
485892584.1657 0.4283781 -0.373679 1.20688
485892617.1733 0.4305184 -0.3786557 1.206139
485892650.0926 0.4253651 -0.4256871 1.196173
485892684.1466 0.4267812 -0.4278035 1.195259
485892717.155 0.431241 -0.4307627 1.194113
485892750.078 0.4348287 -0.4332445 1.19312
485892784.1505 0.4383478 -0.4341674 1.1926
485892817.1461 0.4423966 -0.4355097 1.191747
485892850.0757 0.445085 -0.4373037 1.191124
485892884.1646 0.4482281 -0.4383516 1.191231
485892917.1611 0.4498473 -0.4411098 1.191231
485892950.0836 0.4507366 -0.4425909 1.191011
485892984.1574 0.4515232 -0.4442773 1.191375
485893017.1514 0.4518185 -0.445213 1.191621
485893050.0694 0.4518879 -0.4457506 1.191849
485893084.1547 0.4376645 -0.4811154 1.194665
485893117.1507 0.4532516 -0.4469488 1.197142
485893150.0708 0.4468506 -0.5076604 1.194214
485893184.1692 0.446759 -0.5076784 1.194207
485893217.1693 0.4465088 -0.5076946 1.193995
485893250.1001 0.4462194 -0.5077335 1.193891
485893284.1587 0.4459431 -0.5077723 1.193536
485893317.0788 0.4441561 -0.4968903 1.1963
485893350.127 0.4441407 -0.4969361 1.1963
485893384.158 0.4441155 -0.497064 1.196248
485893417.1422 0.4440257 -0.4971927 1.196128
485893450.0758 0.4435252 -0.4975023 1.195326
485893484.1693 0.4433006 -0.4978032 1.195041
485893517.1468 0.4424897 -0.5084118 1.192482
485893550.069 0.4423992 -0.5085071 1.192351
485893584.1588 0.4422646 -0.5086322 1.192199
485893617.1458 0.442175 -0.5086617 1.192117
485893650.0823 0.4420967 -0.5087577 1.192048
485893684.1544 0.442021 -0.5088379 1.192094
485893717.1439 0.4419182 -0.5089974 1.192592
485893750.0689 0.441926 -0.5091788 1.193077
485893784.1505 0.441837 -0.509217 1.19307
485893817.1441 0.4418119 -0.5092547 1.193196
485893850.0683 0.4417754 -0.5093312 1.193243
485893884.1506 0.4417874 -0.5093865 1.193461
485893917.1586 0.4417685 -0.5093992 1.193486
485893950.0779 0.441691 -0.5094043 1.19343
485893984.1557 0.4416296 -0.5095063 1.193441
485894017.146 0.441652 -0.5095809 1.19364
485894050.0735 0.4416003 -0.5096701 1.193689
485894084.1518 0.4415351 -0.5097154 1.193553
485894117.1511 0.4414937 -0.5098349 1.193504
485894150.0844 0.4413832 -0.5100135 1.19348
485894184.156 0.4413356 -0.5100545 1.193403
485894217.1406 0.4413029 -0.5100698 1.193335
485894250.073 0.4411832 -0.5100922 1.193309
485894284.1381 0.4411672 -0.5101973 1.193467
485894317.156 0.4411067 -0.5102274 1.193347
485894350.0732 0.4410659 -0.5102199 1.193242
485894384.1519 0.4410532 -0.5102289 1.193236
485894417.1455 0.4410283 -0.5102603 1.193109
485894450.0688 0.4410281 -0.5102899 1.193146
