485917717.0671 0.4378094 -0.4041424 1.204096
485917749.9909 0.4378049 -0.4039541 1.204012
485917784.0749 0.4378426 -0.4037423 1.203941
485917817.0903 0.4378409 -0.4037082 1.203863
485917849.989 0.4378464 -0.4036292 1.203687
485918117.0674 0.4378857 -0.4022293 1.20308
485918149.9883 0.437901 -0.4020302 1.203109
485918184.0661 0.4379474 -0.4018367 1.203092
485918217.0659 0.4379649 -0.4017213 1.203031
485918249.9967 0.4379943 -0.4015763 1.202961
485918284.0659 0.4379949 -0.4014676 1.202902
485918317.0648 0.4379995 -0.4013923 1.202883
485918349.9993 0.4379859 -0.4013534 1.202817
485918384.112 0.4379964 -0.4013144 1.202693
485918417.0757 0.4380118 -0.401228 1.202704
485918449.9814 0.4379474 -0.4011258 1.202681
485918484.09 0.4379364 -0.4011462 1.202633
485918517.0586 0.4379373 -0.4011414 1.202513
485918549.9832 0.4379556 -0.4010467 1.202505
485918584.0717 0.4379787 -0.4008798 1.202479
485918617.0583 0.4379798 -0.4008474 1.202548
485918649.9801 0.4379683 -0.4008001 1.202407
485918684.0768 0.4379775 -0.4007926 1.20241
485918717.1398 0.4379459 -0.4007854 1.202368
485918750.0435 0.437945 -0.4007519 1.202342
485918784.0684 0.4379467 -0.4007508 1.202341
485918817.0603 0.4391151 -0.3947125 1.201412
485918849.98 0.4386652 -0.3970591 1.201605
485918884.0578 0.438482 -0.3980544 1.201604
485918917.0982 0.4384356 -0.3983832 1.201596
485918949.9806 0.4383089 -0.3991343 1.201534
485918984.0601 0.4381664 -0.3995823 1.201694
485919017.0565 0.4381872 -0.3996238 1.201667
485919049.9869 0.4380626 -0.4003206 1.201687
485919084.0619 0.4386401 -0.3957717 1.201806
485919117.0698 0.4388621 -0.3943925 1.201806
485919149.978 0.4383626 -0.397476 1.201912
485919184.0604 0.4386085 -0.3984872 1.200916
485919217.1373 0.4384706 -0.3990109 1.201008
485919249.9774 0.4386366 -0.3992026 1.200784
485919284.0634 0.4384668 -0.3993511 1.200878
485919317.0714 0.4386658 -0.3994311 1.200494
485919349.9886 0.4385567 -0.3994678 1.200739
485919384.0964 0.4385626 -0.3995832 1.200784
485919417.0642 0.4384897 -0.4001119 1.200934
485919450.004 0.4384702 -0.4000627 1.200943
485919484.0576 0.4384993 -0.4001122 1.200891
485919517.0619 0.4384434 -0.4000573 1.201022
485919549.9889 0.4383892 -0.4000543 1.201125
485919584.0578 0.438402 -0.4000212 1.201169
485919617.0555 0.438395 -0.3999744 1.201177
485919649.9903 0.4383869 -0.4001512 1.201277
485919684.0637 0.4383975 -0.4001218 1.201337
485919717.063 0.4382941 -0.4005449 1.201352
485919749.9901 0.4383354 -0.4003916 1.201381
485919784.0544 0.438329 -0.4003888 1.201302
485919817.0603 0.4383528 -0.4003614 1.201348
485919849.9952 0.4383466 -0.4003053 1.201406
485919884.0693 0.438315 -0.4002767 1.201398
485919917.0621 0.4383531 -0.4001547 1.201432
485919949.9793 0.4382683 -0.4005341 1.20144
485919984.0625 0.4382619 -0.4005172 1.201509
485920017.0627 0.4382793 -0.4005075 1.201495
485920049.9939 0.4382765 -0.4004681 1.201534
485920084.0537 0.4383007 -0.4004625 1.201556
485920116.9844 0.4382491 -0.4007605 1.201601
485920149.9969 0.4382866 -0.4006327 1.20182
485920184.0702 0.438304 -0.4005526 1.201816
485920217.0659 0.4383111 -0.4004901 1.201818
485920249.9921 0.438339 -0.4004263 1.201832
485920284.0606 0.4383376 -0.4004146 1.201904
485920317.0681 0.4383309 -0.400407 1.201883
485920349.9899 0.4385051 -0.4003339 1.202208
485920384.0759 0.4384984 -0.4004266 1.202239
485920417.0646 0.4300401 -0.4439993 1.198436
485920449.9867 0.4384139 -0.4004894 1.202206
485920484.0613 0.4298109 -0.4457786 1.198315
485920517.068 0.4296586 -0.4457878 1.198857
485920550.0017 0.438274 -0.4010868 1.202724
485920584.0594 0.4382127 -0.4010215 1.202868
485920617.0501 0.4382245 -0.4009661 1.202873
485920649.9764 0.4382369 -0.4008878 1.202957
485920684.0534 0.4387704 -0.4008646 1.201996
485920717.063 0.430957 -0.4422845 1.199239
485920749.9835 0.4385987 -0.4012963 1.202279
485920784.0548 0.4384895 -0.4015462 1.202384
485920817.0595 0.4385021 -0.401433 1.202507
485920850.0005 0.4384667 -0.4016033 1.20255
485920884.0722 0.438477 -0.4014255 1.202566
485920917.0584 0.4384523 -0.4015213 1.202614
485920949.9958 0.4383919 -0.4016208 1.202681
485920984.1266 0.4383779 -0.4016858 1.202704
485921017.066 0.4383426 -0.4017328 1.202828
485921049.9853 0.4382971 -0.401783 1.202802
485921084.0528 0.438295 -0.4016741 1.202752
485921117.0579 0.4382327 -0.401739 1.202787
485921149.9825 0.4382402 -0.4017361 1.202808
485921184.0538 0.438228 -0.4018225 1.202819
485921217.0589 0.4381889 -0.4018795 1.202955
485921249.9761 0.4387112 -0.396817 1.203567
485921284.047 0.4296852 -0.444805 1.20012
485921317.0521 0.437903 -0.4015003 1.202929
485921349.9763 0.437903 -0.4011705 1.202863
485921384.0525 0.4380249 -0.4010244 1.202745
485921417.0596 0.4379697 -0.4012768 1.20297
485921449.9761 0.4379957 -0.4013958 1.203247
485921484.051 0.4469093 -0.5083661 1.202457
485921517.0619 0.4418735 -0.4019925 1.205362
485921549.9766 0.4420889 -0.4018693 1.205619
485921584.0602 0.4429049 -0.4018906 1.206153
485921617.0514 0.4437516 -0.4017164 1.206259
485921649.9846 0.4479202 -0.4021391 1.205864
485921684.076 0.4496338 -0.4024574 1.205132
485921717.0577 0.452124 -0.4029364 1.205021
485921749.9987 0.4536203 -0.4031746 1.203597
485921784.0491 0.4547812 -0.4034068 1.201992
485921817.055 0.4563341 -0.4034881 1.201681
485921849.9812 0.4575436 -0.4035124 1.199846
485921884.0583 0.4580764 -0.4034979 1.198499
485921917.0482 0.4581723 -0.4035994 1.198061
485921949.9724 0.4579985 -0.4034733 1.198209
485921984.0568 0.4575978 -0.4035304 1.198754
485922017.0676 0.4512917 -0.4260969 1.200099
485922049.9779 0.4511586 -0.4261295 1.20001
485922084.059 0.4504466 -0.4251007 1.19962
485922117.0514 0.453115 -0.4022684 1.199147
485922149.9891 0.4129353 -0.4426518 1.203022
485922184.0731 0.4115517 -0.4369676 1.203551
485922217.0642 0.4082538 -0.4248258 1.203609
485922249.9819 0.4024649 -0.4119926 1.204196
485922284.0729 0.4018936 -0.3941179 1.205416
485922317.057 0.3939222 -0.3867651 1.206064
485922349.9693 0.388518 -0.3763304 1.206925
485922384.0488 0.3882263 -0.3643327 1.208346
485922417.0564 0.390936 -0.366346 1.213162
485922449.9995 0.3878364 -0.3669813 1.214207
485922484.0543 0.3410253 -0.3309915 1.216443
485922517.1152 0.3513684 -0.3411822 1.216405
485922549.9705 0.3242007 -0.3631283 1.214361
485922584.0532 0.3238386 -0.3631442 1.214674
485922617.0489 0.3239203 -0.3643382 1.214753
485922649.9793 0.3229604 -0.3637668 1.214777
485922684.0489 0.3176594 -0.3584318 1.216138
485922717.0491 0.3132049 -0.3546064 1.217141
485922749.9704 0.3100886 -0.3507239 1.218943
485922784.0482 0.3077935 -0.348062 1.220279
485922817.0513 0.3071826 -0.347875 1.220598
485922849.9701 0.3068066 -0.3477466 1.220551
485922884.05 0.3068945 -0.3476799 1.220417
485922917.0617 0.3154267 -0.3590058 1.214968
485922949.9662 0.3277954 -0.3713947 1.209746
485922984.051 0.3255647 -0.3672133 1.209321
485923017.0426 0.3285453 -0.3644999 1.211211
485923049.9684 0.3207023 -0.3520272 1.215561
485923084.0545 0.2650747 -0.3614576 1.201877
485923117.0501 0.2970313 -0.3486181 1.203093
485923149.9686 0.3659328 -0.3772904 1.207841
485923184.046 0.3827307 -0.3626365 1.20873
485923217.0548 0.3828907 -0.3693492 1.208757
485923249.9692 0.3826813 -0.380278 1.207832
485923284.0462 0.3832185 -0.3954231 1.206678
485923317.0558 0.3858489 -0.4052406 1.207102
485923349.98 0.3876193 -0.4181963 1.205845
485923384.0595 0.3941114 -0.4217 1.204799
485923417.0531 0.4010416 -0.4258028 1.203318
485923449.9691 0.4294011 -0.4105263 1.201952
485923484.0498 0.4330584 -0.4096633 1.202384
485923517.0606 0.4228747 -0.4574676 1.203691
485923549.9844 0.4214773 -0.4570219 1.2042
485923584.0545 0.4287522 -0.4588763 1.206249
485923617.0583 0.4323525 -0.4595547 1.205362
485923649.9686 0.4436217 -0.4611203 1.200217
485923684.0575 0.4618346 -0.4051268 1.200522
485923717.0729 0.4619947 -0.4052868 1.200285
485923749.9901 0.4621264 -0.4051926 1.199979
485923784.0425 0.4622692 -0.4050433 1.199804
485923817.0447 0.4624816 -0.4047955 1.199201
485923849.9767 0.4625827 -0.4042582 1.198785
485923884.0566 0.4624549 -0.4037318 1.198866
485923917.1159 0.4550497 -0.4478023 1.194888
485923949.9646 0.4488621 -0.5083157 1.194709
485923984.0584 0.4487401 -0.5084945 1.194752
485924016.9736 0.4486708 -0.5085544 1.19486
485924049.9898 0.4484997 -0.5091155 1.194918
485924084.0549 0.4484151 -0.509176 1.194949
485924117.0489 0.4481566 -0.5095959 1.195013
485924149.9768 0.447879 -0.5098117 1.19504
485924184.0427 0.4476959 -0.509914 1.195264
485924217.0474 0.4474886 -0.5099986 1.195729
485924249.9638 0.4473015 -0.5097349 1.196096
485924284.04 0.4471394 -0.5094647 1.196866
485924317.0533 0.4469178 -0.5093144 1.197235
485924349.9677 0.4468034 -0.5090955 1.197373
485924384.055 0.4464661 -0.5087966 1.197475
485924417.0596 0.4463825 -0.5085163 1.197524
485924449.967 0.4462561 -0.5082698 1.197602
485924484.0395 0.4460494 -0.5079969 1.197704
485924517.05 0.4456914 -0.5073584 1.197858
485924549.9709 0.4455528 -0.5071794 1.197944
485924584.0504 0.4486697 -0.4656383 1.198743
485924617.0538 0.4449721 -0.5047319 1.198351
485924649.9719 0.4448976 -0.5047093 1.198341
485924684.0399 0.4484317 -0.4657284 1.198958
485924717.0437 0.4483443 -0.4657106 1.199107
485924749.9671 0.4483104 -0.4656498 1.19911
485924784.0507 0.4440692 -0.508698 1.198614
485924817.0525 0.4482976 -0.4660014 1.200125
485924849.9738 0.4482692 -0.4659581 1.20018
485924884.0385 0.4481842 -0.4659151 1.200182
485924917.0457 0.4480176 -0.4658723 1.200277
485924949.9629 0.4478275 -0.4658362 1.200531
485924984.056 0.4384822 -0.4040474 1.205948
485925017.052 0.4384967 -0.4040112 1.206191
485925049.9717 0.4384428 -0.4039681 1.206934
485925084.0537 0.4382211 -0.403888 1.207581
485925117.0386 0.4382184 -0.4038346 1.207717
485925149.9936 0.438269 -0.4037516 1.207998
485925184.0698 0.4382555 -0.4036578 1.208089
485925217.054 0.4383217 -0.4035853 1.208154
485925249.9675 0.4383908 -0.4035091 1.208081
485925284.0462 0.4383917 -0.4034173 1.20817
485925317.0468 0.4387203 -0.403236 1.208452
485925349.9775 0.438862 -0.4029999 1.207938
485925384.0435 0.4389689 -0.4028589 1.207645
485925417.0818 0.4391391 -0.4028318 1.207278
485925449.9683 0.4392384 -0.4027106 1.207039
485925484.0404 0.4392516 -0.4026838 1.207047
485925517.059 0.4393379 -0.4024699 1.206847
485925549.9627 0.439362 -0.4023624 1.206768
485925584.0528 0.440006 -0.4023733 1.204718
485925617.0468 0.4399953 -0.4022152 1.204957
485925649.9674 0.4399579 -0.402211 1.20571
485925684.037 0.4399954 -0.4021299 1.205773
485925717.047 0.4399151 -0.4020649 1.206395
485925749.9626 0.4401675 -0.4018809 1.205439
485925784.0347 0.4403359 -0.4018683 1.205791
485925817.048 0.4402948 -0.4018172 1.206067
485925849.9722 0.4403059 -0.4017535 1.206102
485925884.0422 0.4403144 -0.4015736 1.206334
485925917.0432 0.4402942 -0.4014673 1.206074
485925949.9592 0.4403062 -0.401384 1.206131
485925984.0395 0.4403232 -0.4012707 1.206267
485926017.0397 0.4403133 -0.4010441 1.206455
485926049.9606 0.440302 -0.400952 1.206513
485926084.0397 0.4403062 -0.4008778 1.206615
485926117.053 0.4405344 -0.3982895 1.20705
485926149.978 0.4405096 -0.3988751 1.20702
485926184.0501 0.4404939 -0.3991801 1.206757
485926217.0577 0.4405288 -0.3992525 1.206744
485926249.9835 0.4405539 -0.3992342 1.20683
485926284.0351 0.4405771 -0.3993947 1.206883
485926317.0357 0.440602 -0.3994037 1.206984
485926349.9677 0.4405685 -0.3994831 1.207052
485926384.034 0.4405438 -0.3995537 1.207115
485926417.0494 0.440547 -0.3995704 1.207166
485926449.9978 0.44056 -0.3996072 1.207207
485926484.1134 0.4405558 -0.3995851 1.207352
485926517.0315 0.4406083 -0.3995753 1.207597
485926549.9783 0.4406182 -0.3996309 1.207678
485926584.0422 0.4406399 -0.3995789 1.207529
485926617.037 0.4406017 -0.3995597 1.20766
485926649.9583 0.4406013 -0.3995786 1.207738
485926684.0481 0.440631 -0.3995129 1.207735
485926717.0359 0.44061 -0.3995092 1.208064
485926749.9749 0.4406354 -0.3994903 1.208
485926784.0302 0.4406461 -0.3994399 1.208013
485926817.0394 0.4407301 -0.3994244 1.207983
485926849.9722 0.4407507 -0.3993777 1.207973
485926884.0455 0.4407648 -0.3993041 1.20798
485926917.0301 0.4407979 -0.3992555 1.207977
485926949.9596 0.4406754 -0.3991815 1.208531
485926984.0436 0.440687 -0.3991162 1.208517
485927017.0339 0.440681 -0.3990874 1.208736
485927049.9516 0.440702 -0.3990377 1.208714
485927084.0307 0.440842 -0.3990618 1.208575
485927117.03 0.4408516 -0.3989998 1.208618
485927149.9698 0.4408524 -0.39896 1.208623
485927184.0403 0.4407971 -0.3989082 1.20858
