485964716.9062 0.4501466 -0.4668533 1.206812
485964749.8522 0.4504705 -0.4634444 1.206573
485964783.9247 0.4504092 -0.4637489 1.20641
485964816.9146 0.4504355 -0.4635485 1.206219
485964849.8449 0.4504623 -0.4634162 1.206138
485964883.9146 0.4504363 -0.4639639 1.206622
485964916.9135 0.4504578 -0.4635412 1.206357
485964949.8508 0.4505272 -0.4635879 1.206172
485964983.9082 0.4506915 -0.4635271 1.206092
485965016.9182 0.4508052 -0.4633085 1.206141
485965049.835 0.451019 -0.4631021 1.206187
485965083.9153 0.4512078 -0.4629787 1.206055
485965116.9163 0.4513774 -0.4628928 1.206175
485965149.8319 0.4514937 -0.4630595 1.206143
485965183.9089 0.4515931 -0.4631404 1.206122
485965216.9054 0.4517236 -0.4630578 1.206127
485965249.8411 0.4518656 -0.4630329 1.206206
485965283.9156 0.4520431 -0.4629287 1.206369
485965316.9203 0.4517603 -0.4650268 1.206937
485965349.8462 0.4486456 -0.4942169 1.205235
485965383.9133 0.4524391 -0.4625207 1.206784
485965416.909 0.4519768 -0.4670958 1.206865
485965449.8373 0.4517199 -0.46952 1.206872
485965483.9131 0.4522657 -0.4664255 1.207115
485965516.9219 0.4520867 -0.4698862 1.207069
485965549.8436 0.4519331 -0.4719265 1.207119
485965583.919 0.4441503 -0.4800335 1.223562
485965616.9015 0.4536713 -0.4616965 1.207079
485965649.8389 0.4539991 -0.4614402 1.207165
485965683.9142 0.4537316 -0.4668201 1.207182
485965716.9895 0.451513 -0.4086576 1.21375
485965749.837 0.4549686 -0.4698812 1.202995
485965783.9 0.4524552 -0.4096074 1.213396
485965816.9449 0.4543101 -0.4703318 1.201356
485965849.8515 0.4556173 -0.4605037 1.201259
485965883.91 0.4558351 -0.4600793 1.201294
485965916.9184 0.4557132 -0.4601864 1.201937
485965949.843 0.4554961 -0.4626771 1.202218
485965983.9164 0.4511395 -0.4956936 1.199187
485966016.903 0.4509274 -0.4970692 1.199114
485966049.837 0.4507914 -0.4980141 1.199013
485966083.9141 0.4566033 -0.4595207 1.201687
485966116.9171 0.4506744 -0.5027435 1.200316
485966149.8467 0.4506438 -0.5028652 1.200743
485966183.897 0.4531026 -0.4836516 1.202463
485966216.9193 0.4515713 -0.4945253 1.201561
485966249.8312 0.4527476 -0.4851117 1.202512
485966283.8984 0.451663 -0.4930421 1.201795
485966316.9109 0.4494671 -0.4236687 1.212241
485966349.8301 0.4555566 -0.4595083 1.202818
485966383.8994 0.4549805 -0.4608733 1.204072
485966416.9205 0.4545724 -0.4643232 1.204107
485966449.8402 0.4500994 -0.4992547 1.201064
485966483.9833 0.4554577 -0.4593935 1.202389
485966516.8968 0.4554644 -0.4594138 1.202393
485966549.8305 0.449037 -0.5072381 1.200211
485966583.905 0.4490511 -0.5072193 1.200175
485966616.9151 0.4490942 -0.5071953 1.200175
485966649.8237 0.4566962 -0.4589284 1.201817
485966683.9134 0.4566787 -0.4590054 1.201896
485966716.923 0.4566627 -0.4590836 1.201936
485966749.8218 0.4496298 -0.505859 1.199767
485966783.9189 0.4460388 -0.4444142 1.204358
485966816.9018 0.4508764 -0.5063764 1.200744
485966849.8203 0.457861 -0.4592463 1.202157
485966883.9388 0.4509199 -0.5076595 1.200735
485966916.8967 0.4508111 -0.507694 1.20044
485966949.8352 0.4507975 -0.5075869 1.200388
485966983.9045 0.4508195 -0.5075409 1.200371
485967016.896 0.4583935 -0.4595791 1.202889
485967049.8309 0.4516469 -0.5044751 1.200593
485967083.8989 0.451677 -0.504324 1.200537
485967116.8945 0.4517251 -0.504259 1.200536
485967149.8438 0.4517172 -0.5042968 1.200512
485967183.9142 0.4573499 -0.3986645 1.209365
485967216.9082 0.4516192 -0.5039592 1.19857
485967249.8419 0.4541301 -0.4852082 1.200611
485967283.9099 0.4544802 -0.4828876 1.200843
485967316.9063 0.4531398 -0.4915374 1.200734
485967349.8244 0.4528033 -0.494075 1.200585
485967383.9076 0.4525529 -0.4957245 1.200514
485967416.9012 0.4540577 -0.4854264 1.201437
485967449.8369 0.4574941 -0.4593838 1.203834
485967483.9069 0.4517222 -0.4990551 1.201305
485967516.9059 0.4540854 -0.4844785 1.202517
485967549.826 0.4546105 -0.4811373 1.202751
485967583.9067 0.4548148 -0.4799637 1.203022
485967616.9142 0.4545313 -0.4790322 1.202391
485967649.8196 0.4505607 -0.4169883 1.209631
485967683.9134 0.4547674 -0.4776157 1.20395
485967716.9111 0.4524791 -0.4920526 1.202133
485967749.8238 0.4537541 -0.4815059 1.201932
485967783.8992 0.453905 -0.480481 1.201828
485967816.9109 0.4542525 -0.4793726 1.201566
485967849.8285 0.4545773 -0.4771602 1.201703
485967883.9125 0.4491701 -0.414984 1.209149
485967916.9036 0.4541236 -0.4759592 1.202274
485967949.8205 0.4543421 -0.4742833 1.202281
485967983.9123 0.4543548 -0.4741791 1.202271
485968016.9001 0.4544729 -0.4738798 1.202064
485968049.8272 0.4544783 -0.4735046 1.202015
485968083.8903 0.4496699 -0.4118414 1.210605
485968116.9068 0.4563887 -0.4584289 1.201121
485968149.8384 0.4562112 -0.4596468 1.20161
485968183.9089 0.4525038 -0.3998812 1.209331
485968216.8926 0.4564303 -0.4580797 1.201029
485968249.8366 0.4552593 -0.4585765 1.201524
485968283.9009 0.4550288 -0.4615234 1.201173
485968316.8907 0.4554903 -0.4576361 1.200768
485968349.8211 0.455535 -0.4571263 1.200556
485968383.908 0.4554652 -0.4568369 1.200366
485968416.9168 0.4553792 -0.4563942 1.19992
485968449.8209 0.4558065 -0.4544283 1.197004
485968483.8983 0.4395828 -0.406645 1.198637
485968516.8989 0.4395065 -0.4064763 1.198577
485968549.8161 0.4394215 -0.4064398 1.198536
485968583.9042 0.4392462 -0.4062258 1.198295
485968616.8986 0.4390593 -0.4060898 1.197981
485968649.8384 0.4389776 -0.4060379 1.197852
485968683.9031 0.4388838 -0.4060493 1.197504
485968716.8984 0.455993 -0.4498093 1.189313
485968749.8419 0.4560533 -0.4492427 1.188816
485968783.9004 0.4561212 -0.4482538 1.187792
485968816.901 0.4562955 -0.4472092 1.186834
485968849.8265 0.4564736 -0.4462401 1.186007
485968883.9031 0.4566976 -0.4451139 1.185079
485968916.8897 0.456803 -0.4442571 1.184367
485968949.8287 0.4578126 -0.4409453 1.181552
485968983.8971 0.4562098 -0.445132 1.184315
485969016.8964 0.4559495 -0.4456784 1.184624
485969049.8165 0.4584849 -0.4362807 1.178654
485969083.9018 0.4592039 -0.4344498 1.177543
485969116.8925 0.4566822 -0.4416469 1.181986
485969149.8122 0.4562497 -0.4423083 1.182237
485969183.9003 0.4559879 -0.4430005 1.182497
485969216.9132 0.4512543 -0.4542557 1.190906
485969249.8296 0.4405519 -0.369151 1.201176
485969283.8947 0.4401814 -0.3704022 1.201468
485969316.9063 0.439939 -0.3713851 1.20146
485969349.8392 0.4397843 -0.3715767 1.201544
485969383.9105 0.4382195 -0.3800947 1.200896
485969416.8921 0.4386258 -0.3785849 1.201046
485969449.8114 0.4383956 -0.3805352 1.200656
485969483.9004 0.4382893 -0.3814634 1.200482
485969516.9042 0.4389283 -0.3786069 1.200777
485969549.8547 0.4387793 -0.3792841 1.200599
485969583.9038 0.4391826 -0.3773021 1.200692
485969616.9179 0.4388739 -0.3793745 1.200179
485969649.8126 0.4387033 -0.3802675 1.200024
485969683.897 0.4386656 -0.3806026 1.199988
485969716.8959 0.4386057 -0.3807802 1.199948
485969749.8226 0.4385398 -0.3808106 1.199898
485969783.8881 0.4394926 -0.3759838 1.200479
485969816.9252 0.4388946 -0.3784388 1.200259
485969849.8162 0.4393734 -0.3756172 1.200404
485969883.9191 0.4454032 -0.3495456 1.193982
485969916.8975 0.4420288 -0.3637266 1.198344
485969949.8151 0.4418955 -0.3647606 1.19877
485969983.9139 0.4417827 -0.3655404 1.199007
485970016.8952 0.4389297 -0.3786407 1.199821
485970049.8206 0.4396288 -0.3756267 1.200021
485970083.8853 0.4388853 -0.3776557 1.199291
485970116.9007 0.4383703 -0.3796858 1.199232
485970149.82 0.4381441 -0.3805112 1.199303
485970183.8953 0.4382382 -0.3800781 1.199244
485970216.8914 0.4332714 -0.3716382 1.188595
485970249.8111 0.4398636 -0.3698503 1.199389
485970283.8926 0.4389407 -0.3761221 1.198901
485970316.9068 0.4389101 -0.3769393 1.19817
485970349.8248 0.4391534 -0.3768939 1.197827
485970383.9022 0.4389294 -0.3773088 1.197914
485970416.918 0.4387065 -0.3775755 1.197975
485970449.8106 0.4385098 -0.3782681 1.198066
485970483.9008 0.438374 -0.3786551 1.198051
485970516.894 0.4387597 -0.3750206 1.198605
485970549.8255 0.4387782 -0.3770717 1.197951
485970583.8927 0.439174 -0.3749698 1.198094
485970616.9023 0.4387574 -0.3769092 1.198019
485970649.8113 0.4385069 -0.3782727 1.198007
485970683.8925 0.4384016 -0.3787288 1.19795
485970716.8894 0.4389031 -0.3751504 1.198333
485970749.8185 0.4383361 -0.3775553 1.198342
485970783.9243 0.4386694 -0.3750834 1.198489
485970816.8907 0.4383152 -0.37718 1.198351
485970849.8063 0.4386869 -0.3745107 1.198477
485970883.9018 0.4381052 -0.3771261 1.198235
485970916.9197 0.4383957 -0.3743526 1.198589
485970949.8254 0.4384943 -0.3733498 1.198755
485970983.8938 0.4378631 -0.3768299 1.198552
485971016.8935 0.4376508 -0.3776385 1.198495
485971049.812 0.4373793 -0.3783716 1.198645
485971083.8882 0.437134 -0.3787009 1.198653
485971116.9167 0.4378486 -0.3738371 1.199149
485971149.8101 0.4373305 -0.3763726 1.198957
485971183.8937 0.4369557 -0.3778172 1.198918
485971216.884 0.436822 -0.3784576 1.198858
485971249.8152 0.436768 -0.3785053 1.19881
485971283.8902 0.4366935 -0.3787259 1.198677
485971316.8871 0.436727 -0.3785035 1.198631
485971349.8059 0.4369662 -0.3786268 1.198115
485971383.9142 0.4368524 -0.3789509 1.198124
485971416.8884 0.4368688 -0.3790136 1.198133
485971449.8155 0.4368806 -0.3788611 1.198074
485971483.8975 0.4368574 -0.3788831 1.198112
485971516.8849 0.4373867 -0.3744093 1.198673
485971549.8153 0.4370998 -0.3763815 1.198448
485971583.8931 0.4369592 -0.3768654 1.198455
485971616.888 0.4368145 -0.3776505 1.19829
485971649.8155 0.4366964 -0.3781682 1.198258
485971683.8863 0.4367167 -0.3785098 1.198218
485971716.9555 0.4367031 -0.3787314 1.198274
485971749.8714 0.4371503 -0.3757058 1.198963
485971783.8922 0.4374432 -0.3748438 1.19909
485971816.8813 0.4371246 -0.3780676 1.19889
485971849.8113 0.437523 -0.3790662 1.19897
485971883.8949 0.4377716 -0.3798322 1.199486
485971916.8983 0.4382221 -0.3806873 1.199947
485971949.8188 0.4390402 -0.3822796 1.201473
485971983.8938 0.4401819 -0.3787342 1.202369
485972016.8894 0.4417708 -0.3787563 1.202973
485972049.8145 0.4426413 -0.3791089 1.20316
485972083.8825 0.4439845 -0.3793874 1.204595
485972116.8941 0.4223002 -0.4417721 1.200483
485972149.8118 0.445676 -0.3896233 1.202291
485972183.8822 0.4256708 -0.4441857 1.197519
485972216.891 0.4479717 -0.391347 1.201219
485972249.8271 0.4274493 -0.4478901 1.196639
485972283.8885 0.454023 -0.5062579 1.196205
485972316.8817 0.453928 -0.5059719 1.196206
485972349.8195 0.4533262 -0.5051072 1.195924
485972383.8908 0.4525265 -0.504867 1.195572
485972416.8835 0.4456456 -0.4525383 1.179811
485972449.8057 0.4344784 -0.5062725 1.2002
485972483.8958 0.4264712 -0.5122144 1.198954
485972516.8829 0.4253101 -0.512179 1.201075
485972549.8116 0.4206043 -0.5097926 1.20011
485972583.8759 0.4229561 -0.4524681 1.201336
485972616.8814 0.4548432 -0.3985876 1.202519
485972649.8146 0.4129205 -0.44796 1.203475
485972683.8867 0.4125223 -0.4448769 1.203977
485972716.8828 0.4102452 -0.4361472 1.204643
485972749.8054 0.4118482 -0.413011 1.20398
485972783.9095 0.4098491 -0.404419 1.203462
485972816.8858 0.4107094 -0.3889805 1.20417
485972849.8117 0.4049818 -0.3793651 1.203093
485972883.8813 0.4023589 -0.367801 1.203478
485972916.9106 0.4006844 -0.3578726 1.204398
485972949.8081 0.3993057 -0.3568608 1.20732
485972983.9521 0.3955331 -0.3531321 1.208827
485973016.88 0.3859502 -0.346878 1.208389
485973049.8145 0.3852917 -0.349041 1.205392
485973083.8857 0.3842731 -0.3504012 1.203804
485973116.881 0.382191 -0.35115 1.202768
485973149.8105 0.380688 -0.3510088 1.201559
485973182.8731 0.3626521 -0.3350809 1.205028
485973216.8865 0.3524255 -0.3248434 1.208254
485973249.8041 0.3489337 -0.3214116 1.20968
485973283.8955 0.3260787 -0.2765555 1.219195
485973316.8858 0.3254873 -0.2763061 1.219112
485973349.8039 0.3533301 -0.329488 1.207962
485973383.8784 0.3550323 -0.329389 1.207076
485973416.8893 0.352582 -0.3249287 1.20753
485973449.7987 0.3517665 -0.3225701 1.207732
485973483.879 0.3527052 -0.3226047 1.207638
485973516.8783 0.353051 -0.3224997 1.208578
485973549.8017 0.335008 -0.2921408 1.212174
485973583.8792 0.3357889 -0.2932931 1.21233
485973616.9307 0.366536 -0.3328262 1.207558
485973649.8799 0.3685561 -0.3328063 1.207676
485973683.8781 0.3710078 -0.332532 1.206521
485973716.8832 0.3754824 -0.3353796 1.205841
485973749.7976 0.3847702 -0.3415838 1.2051
485973783.8902 0.3929155 -0.3458244 1.20287
485973816.8764 0.3994054 -0.349259 1.201435
485973849.8113 0.4055381 -0.3517135 1.200586
485973883.9064 0.41159 -0.3533358 1.198991
485973916.8995 0.4146882 -0.3605626 1.198926
485973949.8151 0.4571407 -0.376298 1.186652
485973983.8835 0.4169748 -0.3962933 1.197301
485974016.8734 0.4181871 -0.397351 1.197379
485974049.8009 0.4200572 -0.4039869 1.197495
485974083.889 0.412066 -0.4393217 1.198155
485974116.883 0.4118297 -0.445239 1.198456
485974149.8027 0.3942678 -0.4589831 1.179576
485974183.8744 0.4548994 -0.4082425 1.195912
485974216.8959 0.429561 -0.4689469 1.198996
485974249.823 0.4229673 -0.4967944 1.197909
485974283.8984 0.4269672 -0.4998143 1.194943
485974316.8809 0.429464 -0.5022882 1.193591
485974349.7981 0.4414273 -0.505889 1.196283
485974383.8825 0.4440886 -0.5066609 1.195468
485974416.9012 0.4452559 -0.5071503 1.195038
485974449.8016 0.4460783 -0.5073651 1.194313
485974483.8757 0.4472045 -0.5075427 1.193484
485974516.9145 0.4480815 -0.5074733 1.192709
485974549.7997 0.4487254 -0.507328 1.191625
485974583.8763 0.4489343 -0.5072306 1.191242
485974616.8855 0.4490412 -0.5069979 1.190802
485974649.7957 0.4490209 -0.5067017 1.190585
485974683.8777 0.4488922 -0.5065303 1.190493
485974716.8852 0.4486692 -0.5066851 1.190432
485974749.7947 0.448389 -0.5071493 1.190336
485974783.8758 0.4483186 -0.5069145 1.190411
485974816.8756 0.4482439 -0.5071922 1.190475
485974849.8121 0.4482928 -0.5067966 1.19058
485974883.8793 0.4482425 -0.506777 1.19058
485974916.8683 0.4482381 -0.5067239 1.190609
485974949.802 0.4481853 -0.5066709 1.190705
485974983.8823 0.448067 -0.506724 1.190499
485975016.8775 0.4502696 -0.4844181 1.19248
485975049.8017 0.4492517 -0.4914401 1.191829
485975083.8833 0.4498899 -0.4839361 1.192399
485975116.8711 0.4492112 -0.4894281 1.192002
485975149.7982 0.448737 -0.4937334 1.191717
485975183.874 0.4485587 -0.4949223 1.191584
485975216.8844 0.4484348 -0.4956314 1.191579
485975249.7988 0.4467239 -0.5107539 1.190555
485975283.8861 0.4468388 -0.5083221 1.190683
485975316.8801 0.4467941 -0.5072954 1.190585
485975349.7973 0.4466873 -0.5069274 1.190441
485975383.8747 0.4459136 -0.5118859 1.189859
485975416.8745 0.446121 -0.509203 1.190038
485975449.848 0.4457201 -0.5124837 1.189777
485975483.8753 0.4458737 -0.5099717 1.189824
485975516.8804 0.446071 -0.5078161 1.18997
485975549.8087 0.446139 -0.5064623 1.18999
485975583.8747 0.445599 -0.513405 1.189698
485975616.8806 0.4460278 -0.509265 1.189958
485975649.7998 0.4493505 -0.4768692 1.191873
485975683.874 0.4494454 -0.4762622 1.191999
485975716.8795 0.4483684 -0.4868078 1.191214
485975749.809 0.4480272 -0.49078 1.190875
485975783.8803 0.4488223 -0.4826179 1.191371
485975816.8756 0.4481833 -0.4883329 1.190686
485975849.8072 0.4488822 -0.480846 1.19119
485975883.8649 0.4490921 -0.4789634 1.191263
485975916.8806 0.4492659 -0.4774929 1.191333
485975949.7942 0.4453419 -0.5163774 1.188735
485975983.8802 0.4457749 -0.5118111 1.188968
485976016.8697 0.4455415 -0.5143065 1.188758
485976049.8009 0.4458804 -0.5107936 1.188942
485976083.8714 0.4491586 -0.4771286 1.191066
485976116.8802 0.4454122 -0.5157844 1.188788
485976149.804 0.4495966 -0.4753991 1.191369
485976183.8724 0.4481757 -0.4894456 1.190467
485976216.8696 0.447893 -0.4917081 1.190297
485976249.7976 0.4477304 -0.4930483 1.190088
485976283.8738 0.4489924 -0.4821145 1.190892
485976316.8661 0.449342 -0.4790743 1.191174
485976349.8047 0.4480917 -0.4898268 1.190248
485976383.8903 0.4479276 -0.4912761 1.190132
485976416.8954 0.4477094 -0.4931279 1.189894
485976449.7921 0.4460043 -0.5089315 1.189028
485976483.8815 0.4456211 -0.513138 1.188794
485976516.8726 0.4494769 -0.4756376 1.191565
485976549.7952 0.4521167 -0.4564809 1.190474
485976583.8656 0.4472458 -0.4994354 1.18993
485976616.8756 0.4461067 -0.509409 1.189217
485976649.8052 0.4458309 -0.512247 1.189276
485976683.8703 0.4457363 -0.5139977 1.189597
485976716.8926 0.4455824 -0.5157817 1.189562
485976749.807 0.4454864 -0.5171387 1.189588
485976783.8816 0.4454128 -0.5180513 1.189573
485976816.8801 0.4504432 -0.4702183 1.192529
485976849.7854 0.4504448 -0.4702264 1.192534
485976883.8727 0.4504886 -0.4700211 1.192634
485976916.8901 0.4485803 -0.4877304 1.191343
485976949.7958 0.4490864 -0.4821842 1.191676
485976983.9258 0.4457679 -0.5136132 1.189758
485977016.9067 0.446109 -0.5096356 1.189804
485977049.8182 0.4457604 -0.5129492 1.189663
485977083.8677 0.4455967 -0.5144237 1.189598
485977116.8744 0.4455017 -0.5154131 1.189512
485977149.7888 0.4459324 -0.5107796 1.189742
485977183.8777 0.4456969 -0.5127539 1.189614
485977216.8766 0.4455444 -0.5142229 1.189524
485977249.8144 0.4454156 -0.5152977 1.189472
485977283.8664 0.4453378 -0.5158219 1.189428
485977316.8632 0.4452716 -0.5164416 1.189469
485977349.7879 0.445837 -0.5122482 1.190189
485977383.8653 0.4456517 -0.5140876 1.190073
485977416.8712 0.445507 -0.5154815 1.189949
485977449.8028 0.4453478 -0.5164149 1.189874
485977483.8655 0.4457615 -0.5122803 1.190143
485977516.8636 0.4455727 -0.5138064 1.190032
485977549.7972 0.445347 -0.5153444 1.189855
485977583.8632 0.4452059 -0.5160939 1.189696
485977616.8617 0.4490244 -0.4756612 1.192091
485977649.7945 0.4490083 -0.4752049 1.192056
485977683.8678 0.4489735 -0.4748109 1.192088
485977716.8717 0.4489198 -0.4745211 1.192131
485977749.7971 0.4444038 -0.5179951 1.189453
485977783.8676 0.4488475 -0.4699594 1.192327
485977816.8653 0.4487267 -0.470075 1.192127
485977849.8092 0.4485778 -0.470115 1.192162
485977883.8641 0.4484488 -0.4701348 1.19216
485977916.8609 0.4483419 -0.4701424 1.19206
485977949.7966 0.4433962 -0.5180466 1.189016
485977983.8622 0.4481619 -0.4703211 1.192068
485978016.8648 0.4480425 -0.4703186 1.191985
485978049.7911 0.4479693 -0.4703236 1.192063
485978083.8685 0.447763 -0.4703076 1.192004
485978116.865 0.4476969 -0.4703398 1.191937
485978149.79 0.447579 -0.4703347 1.191961
485978183.8646 0.4474933 -0.4702638 1.191748
485978216.8762 0.4473522 -0.4702774 1.1918
485978249.7893 0.4471163 -0.4703194 1.191682
485978283.8762 0.4470752 -0.4703016 1.191695
485978316.8628 0.4471555 -0.4702192 1.191691
485978349.7989 0.4471114 -0.470243 1.191644
485978383.8591 0.4470899 -0.470255 1.191768
485978416.8626 0.4470706 -0.470194 1.191779
485978449.7835 0.4470612 -0.4701335 1.191803
485978483.8663 0.4470557 -0.4701286 1.191769
485978516.88 0.4470113 -0.4701162 1.191782
485978549.8272 0.4334991 -0.4070721 1.191325
485978583.8644 0.4418346 -0.5178024 1.18736
485978616.8707 0.4465006 -0.4696497 1.190071
485978649.7838 0.4418466 -0.5178382 1.187369
485978683.8707 0.4466649 -0.4713921 1.190342
485978716.8701 0.4420066 -0.5180552 1.187628
485978749.7803 0.4466741 -0.4717522 1.190541
485978783.8573 0.4466794 -0.4717659 1.190543
485978816.8715 0.4467103 -0.4717789 1.190613
485978849.794 0.4468152 -0.4717705 1.190752
485978883.8571 0.4467955 -0.4717585 1.190831
485978916.8626 0.4468901 -0.4718038 1.191226
485978949.7938 0.4468409 -0.4716304 1.191288
485978983.9168 0.4468075 -0.4716263 1.191344
