485998183.7985 0.4431319 -0.540797 1.202219
485998216.8089 0.4454229 -0.5301901 1.209404
485998249.7319 0.4456112 -0.5296572 1.210868
485998283.8011 0.4456907 -0.5293084 1.21104
485998316.7976 0.4464468 -0.5268 1.210777
485998349.7583 0.4450908 -0.5333411 1.206052
485998383.8091 0.4448018 -0.5366314 1.203798
485998416.7998 0.4449315 -0.5379308 1.202959
485998449.7269 0.4449418 -0.5380277 1.202639
485998483.801 0.445 -0.5381693 1.202459
485998516.8012 0.4450304 -0.5381528 1.202143
485998549.7393 0.4451092 -0.53793 1.201592
485998583.804 0.4453467 -0.5372692 1.20142
485998616.8067 0.4457453 -0.5358774 1.201262
485998649.7223 0.4459142 -0.5351602 1.201203
485998683.7989 0.4460391 -0.5347614 1.201187
485998716.8077 0.4463582 -0.5344549 1.20164
485998749.7224 0.4465302 -0.5338246 1.201783
485998783.7999 0.4465957 -0.5333292 1.201588
485998816.7996 0.4467961 -0.5328526 1.201684
485998849.737 0.4469768 -0.5324823 1.201825
485998883.7881 0.4470544 -0.5322152 1.201983
485998916.7924 0.4472818 -0.531669 1.202024
485998949.7273 0.4475426 -0.5308263 1.202017
485998983.8314 0.4475898 -0.5306135 1.201985
485999016.7962 0.4476255 -0.5304192 1.201981
485999049.72 0.4476867 -0.529919 1.20216
485999083.7934 0.4477441 -0.5297432 1.202196
485999116.8132 0.4478109 -0.5294691 1.202161
485999149.7962 0.4478357 -0.5293853 1.202156
485999183.8079 0.4479333 -0.5290591 1.202027
485999216.8323 0.4480201 -0.5289993 1.202223
485999249.7306 0.4481348 -0.5290039 1.202337
485999283.7962 0.4481592 -0.5290463 1.202376
485999316.8008 0.4480356 -0.5290887 1.202304
485999349.7197 0.4480276 -0.5291563 1.202263
485999383.8049 0.4480102 -0.5292142 1.202208
485999416.7944 0.4479733 -0.5293344 1.202134
485999449.7252 0.4479992 -0.529151 1.202063
485999483.7961 0.4480121 -0.5289615 1.201932
485999516.7971 0.4479992 -0.5288585 1.201946
485999549.72 0.4479726 -0.5288176 1.201947
485999583.7946 0.4477697 -0.529334 1.201914
485999616.7907 0.4476498 -0.5291166 1.202206
485999649.7186 0.4473284 -0.5299275 1.202561
485999683.8407 0.4470571 -0.5311609 1.202676
485999716.8696 0.4468226 -0.5318196 1.202782
485999749.8029 0.4455471 -0.5314494 1.205516
485999783.7929 0.4454719 -0.5315931 1.206098
485999816.7959 0.446012 -0.5324658 1.205878
485999883.7992 0.4458201 -0.5325311 1.204591
485999916.7928 0.44604 -0.5324952 1.203336
485999949.7191 0.4459153 -0.5321237 1.202742
485999983.7912 0.4459955 -0.5321218 1.202389
486000016.7934 0.4459346 -0.5316258 1.202345
486000049.7254 0.4460692 -0.5311866 1.202404
486000083.7897 0.4458984 -0.5317948 1.202308
486000116.7948 0.4459168 -0.5316904 1.202303
486000149.7173 0.4461095 -0.530141 1.202263
486000183.7931 0.4460346 -0.529536 1.202031
486000216.7941 0.4478742 -0.4825355 1.198292
486000249.7339 0.447222 -0.528321 1.204576
486000283.7974 0.4472771 -0.5273831 1.204335
486000316.8419 0.4473267 -0.5268695 1.204332
486000349.714 0.4473725 -0.5266469 1.204411
486000383.7828 0.446898 -0.4771038 1.19734
486000416.7879 0.4463705 -0.526442 1.200959
486000449.7256 0.4476416 -0.4808186 1.195361
486000483.8047 0.4466365 -0.5262325 1.202735
486000516.7938 0.4466253 -0.5262775 1.202808
486000549.7098 0.4465835 -0.5259083 1.203029
486000583.7925 0.446602 -0.5256585 1.203058
486000616.8083 0.4466345 -0.5256072 1.203114
486000649.719 0.446633 -0.5255473 1.203152
486000683.8013 0.446643 -0.5253655 1.20315
486000716.799 0.446687 -0.5255286 1.203099
486000749.7208 0.4468232 -0.5250602 1.203205
486000783.7896 0.44681 -0.5248021 1.203149
486000816.8021 0.4469077 -0.5244128 1.203155
486000849.7193 0.4469579 -0.5240732 1.203221
486000883.7836 0.4470062 -0.5234659 1.203152
486000916.7825 0.4473207 -0.5223078 1.203447
486000949.7084 0.4473203 -0.5219198 1.203447
486000983.7891 0.4475856 -0.5213629 1.203217
486001016.7946 0.4476134 -0.5211424 1.203223
486001049.7229 0.4476378 -0.5200871 1.203164
486001083.7909 0.4475571 -0.5201833 1.203239
486001116.805 0.4475387 -0.5201381 1.203278
486001149.7305 0.4475474 -0.5197633 1.203255
486001183.7878 0.4475873 -0.519655 1.203349
486001216.7908 0.4555724 -0.463977 1.200167
486001249.7076 0.4466827 -0.5253055 1.203582
486001283.7994 0.4467331 -0.5244632 1.203586
486001316.7984 0.4467006 -0.5239395 1.203302
486001349.7164 0.4466974 -0.5235134 1.203053
486001383.7951 0.446838 -0.5237277 1.20167
486001416.7953 0.4504104 -0.4751718 1.185577
486001449.7059 0.4505228 -0.4755368 1.188833
486001483.8848 0.4507712 -0.4757448 1.188884
486001516.7897 0.450944 -0.4758141 1.188861
486001549.7221 0.4511747 -0.4975526 1.196476
486001583.7942 0.4516629 -0.4891123 1.194801
486001616.787 0.4500883 -0.5217962 1.198497
486001649.712 0.4557831 -0.4810356 1.199247
486001683.7816 0.4655625 -0.3994439 1.18868
486001716.7957 0.4656836 -0.3991286 1.18873
486001749.7261 0.4664237 -0.3984076 1.189254
486001783.79 0.4669096 -0.3981534 1.189649
486001816.8205 0.4672903 -0.3986607 1.190061
486001849.7086 0.4675391 -0.3990118 1.19032
486001883.7807 0.4683712 -0.3993929 1.1916
486001916.7821 0.4708212 -0.3976524 1.19561
486001949.7141 0.4607854 -0.4469197 1.198389
486001983.7842 0.460665 -0.4469864 1.198442
486002016.7889 0.4605357 -0.4447132 1.198648
486002049.7126 0.4610338 -0.4392274 1.199234
486002083.8036 0.4596084 -0.4334868 1.198984
486002116.7997 0.4585568 -0.4247786 1.200857
486002149.7095 0.4309345 -0.4306482 1.204678
486002183.8268 0.4255017 -0.4269783 1.203747
486002216.7957 0.436535 -0.3898052 1.201777
486002249.7035 0.3712635 -0.4044572 1.204745
486002283.7818 0.408189 -0.3772281 1.204752
486002316.7984 0.4065154 -0.3755001 1.204979
486002349.7021 0.4055994 -0.3672918 1.205718
486002383.793 0.4111455 -0.3545228 1.207836
486002416.7989 0.3542511 -0.349792 1.213868
486002449.7162 0.3885137 -0.3362357 1.212541
486002483.8228 0.3327702 -0.3226112 1.20719
486002516.7827 0.3747326 -0.3263809 1.212508
486002549.7073 0.3728875 -0.3273895 1.212928
486002583.7913 0.3745135 -0.3324594 1.213921
486002616.7923 0.3686945 -0.3305656 1.214312
486002649.705 0.3571413 -0.3193083 1.213748
486002683.7886 0.3169359 -0.3374854 1.212201
486002716.7933 0.3138279 -0.3313477 1.213535
486002749.7824 0.3115467 -0.3274516 1.213941
486002783.7773 0.3083535 -0.3213426 1.213332
486002816.8017 0.3080738 -0.3175784 1.212472
486002849.7111 0.3524646 -0.3047645 1.216064
486002883.7824 0.3531949 -0.3041402 1.216083
486002916.7797 0.3584424 -0.3087688 1.217535
486002949.7051 0.360554 -0.3120829 1.218073
486002983.8104 0.3619252 -0.3115552 1.217585
486003016.7958 0.3638839 -0.3118018 1.217107
486003049.7081 0.3655192 -0.3115889 1.215964
486003083.7847 0.3693341 -0.3151888 1.21429
486003116.7861 0.3730964 -0.3183968 1.212757
486003149.7062 0.377269 -0.3208022 1.211486
486003183.782 0.3812962 -0.3234291 1.210015
486003216.8035 0.3880062 -0.3287071 1.20887
486003249.7113 0.393589 -0.3326407 1.206314
486003283.776 0.4003336 -0.3362142 1.204753
486003316.7762 0.4026677 -0.3421805 1.204011
486003349.7131 0.4031247 -0.3509023 1.203126
486003383.7811 0.4048561 -0.3597322 1.202169
486003416.7911 0.4551632 -0.3680731 1.197963
486003449.708 0.4086806 -0.3950579 1.199787
486003483.7953 0.4092624 -0.3972951 1.200198
486003516.7827 0.4096709 -0.3996642 1.200096
486003549.7233 0.4109963 -0.4208761 1.200744
486003583.7991 0.42952 -0.4096284 1.200656
486003616.8022 0.4399804 -0.4033966 1.19869
486003649.7165 0.4424495 -0.4023759 1.198899
486003683.7857 0.4431166 -0.4020843 1.198985
486003716.7736 0.4436742 -0.4014908 1.199639
486003749.7011 0.4310832 -0.4486025 1.193519
486003783.7925 0.4313363 -0.4486974 1.192337
486003816.7844 0.4319925 -0.4488468 1.190603
486003849.7123 0.4323672 -0.4487749 1.187035
486003883.7898 0.4324482 -0.513751 1.202263
486003916.7755 0.4324886 -0.5146617 1.202203
486003949.7412 0.4328524 -0.514928 1.201772
486003983.7932 0.4337724 -0.5156043 1.201407
486004016.7794 0.4347788 -0.5155978 1.201261
486004049.7053 0.436317 -0.516144 1.200635
486004083.7839 0.4376405 -0.5167278 1.200183
486004116.7882 0.4384654 -0.5158968 1.199743
486004149.7071 0.4393605 -0.515066 1.199376
486004183.7742 0.4400619 -0.5146344 1.198907
486004216.7896 0.4407025 -0.5140634 1.19726
486004249.7101 0.441351 -0.5130519 1.195439
486004283.788 0.4416291 -0.5126499 1.194449
486004316.7856 0.4419159 -0.5122794 1.193646
486004349.6967 0.4420848 -0.5115916 1.19283
486004383.7705 0.4422401 -0.5111144 1.192714
486004416.778 0.4423632 -0.51056 1.192695
486004449.7137 0.442349 -0.5104706 1.192554
486004483.7985 0.4493754 -0.4575326 1.191617
486004516.7889 0.4422392 -0.5069195 1.191998
486004549.7053 0.4422528 -0.5069265 1.192073
486004583.7794 0.4423086 -0.506873 1.192212
486004616.7779 0.442315 -0.5068465 1.192233
486004649.6956 0.4423102 -0.5068073 1.192245
486004683.7763 0.4423185 -0.5068102 1.192346
486004716.7838 0.4423246 -0.5068125 1.192382
486004749.7011 0.4423144 -0.5067476 1.192448
486004783.783 0.4424174 -0.5067739 1.192711
486004816.7758 0.4424171 -0.5065971 1.192752
486004849.7037 0.4424945 -0.5065969 1.192815
486004883.7762 0.4425829 -0.5065519 1.19306
486004916.7698 0.4425903 -0.5065189 1.193151
486004949.7133 0.4386952 -0.3939755 1.194844
486004983.7805 0.4388268 -0.3936841 1.194843
486005016.7815 0.439272 -0.3880924 1.195637
486005049.6999 0.4395365 -0.3869037 1.195743
486005083.772 0.4397097 -0.3862039 1.195489
486005116.7726 0.439928 -0.3857293 1.195525
486005149.7038 0.4400668 -0.3853095 1.195544
486005183.7759 0.4402277 -0.3848435 1.195482
486005216.7707 0.4403209 -0.3844297 1.195471
486005249.6957 0.4404026 -0.3841219 1.195284
486005283.774 0.4404849 -0.3838677 1.195292
486005316.7848 0.4430813 -0.3844908 1.192326
486005349.7049 0.4436707 -0.3855633 1.191238
486005383.777 0.4433652 -0.3839079 1.192379
486005416.7879 0.4432499 -0.3834676 1.192557
486005449.7051 0.4430149 -0.3832893 1.193136
486005483.7764 0.4430077 -0.3831379 1.193456
486005516.7831 0.4425969 -0.3826076 1.194126
486005549.6946 0.4425914 -0.3823783 1.194149
486005583.7819 0.4422019 -0.3819691 1.194808
486005616.7751 0.4421574 -0.3818251 1.194807
486005649.7005 0.442187 -0.3817627 1.194822
486005683.7714 0.4421842 -0.3816049 1.194706
486005716.7785 0.4422544 -0.381358 1.19469
486005749.6941 0.4422418 -0.3811411 1.194687
486005783.7715 0.4421273 -0.3810716 1.194553
486005816.7733 0.4421665 -0.3808894 1.194512
486005849.6947 0.4423201 -0.3803241 1.194489
486005883.7857 0.4423242 -0.3801056 1.194438
486005916.778 0.4423794 -0.37991 1.194404
486005949.7256 0.442391 -0.3798268 1.194318
486005983.7858 0.4422065 -0.3803958 1.194355
486006016.7794 0.4420852 -0.3806967 1.194318
486006049.6934 0.4419981 -0.3808788 1.194314
486006083.765 0.4418933 -0.3811967 1.194282
486006116.771 0.4418127 -0.3814557 1.194299
486006149.6886 0.4417082 -0.3817315 1.194271
486006183.7738 0.4416939 -0.3817984 1.194135
486006216.7744 0.4415678 -0.3818294 1.193899
486006249.7076 0.4415262 -0.3818927 1.193814
486006283.7822 0.441529 -0.3818847 1.193797
486006316.7684 0.4415118 -0.3819642 1.193806
486006349.6992 0.4414701 -0.3819925 1.193725
486006383.7844 0.4414257 -0.3819595 1.19364
486006416.7801 0.4414072 -0.3820138 1.193627
486006449.7018 0.4413278 -0.381961 1.193664
486006483.7784 0.4412291 -0.3819818 1.193488
486006516.7724 0.441223 -0.3819866 1.193495
486006549.6983 0.4431989 -0.3853456 1.188015
486006583.7638 0.44266 -0.3828543 1.18936
486006616.798 0.4422817 -0.3826932 1.189959
486006649.6956 0.4419346 -0.3824543 1.18994
486006683.7923 0.4429558 -0.383328 1.18767
486006716.7645 0.44224 -0.3825316 1.189138
486006749.6974 0.4418419 -0.3821318 1.189894
486006783.7773 0.4417015 -0.3820165 1.190477
486006816.7795 0.4414087 -0.381916 1.190409
486006849.6947 0.4411876 -0.3818776 1.190554
486006883.7783 0.4410276 -0.3818082 1.190597
486006916.7854 0.4413958 -0.3875149 1.188073
486006949.7691 0.4409854 -0.3867242 1.188614
486006983.7879 0.4409217 -0.3853634 1.189519
486007016.7732 0.440316 -0.3881336 1.189702
486007049.704 0.4405338 -0.3861616 1.190026
486007083.8003 0.4401785 -0.3880385 1.189961
486007116.7792 0.4418766 -0.3872433 1.18727
486007149.6861 0.4413164 -0.3860275 1.188425
486007183.7685 0.4404597 -0.3877517 1.188848
486007216.7654 0.4400159 -0.3886358 1.189021
486007249.6957 0.4403298 -0.3864121 1.189464
486007283.7654 0.4403714 -0.3856885 1.18989
486007316.7902 0.440263 -0.3850677 1.190014
486007349.6902 0.4396661 -0.3877104 1.189964
486007383.7758 0.4399365 -0.3859035 1.190212
486007416.7612 0.4400569 -0.3848478 1.190357
486007449.7014 0.4396139 -0.3872813 1.19041
486007483.7883 0.4394609 -0.3882414 1.190437
486007516.7671 0.4392479 -0.3887067 1.190266
