486030916.6943 0.4490203 -0.4579995 1.196767
486030949.6345 0.4489392 -0.4582881 1.196982
486030983.7579 0.4495442 -0.446746 1.197898
486031016.685 0.4488571 -0.4587824 1.196968
486031049.6219 0.4487703 -0.4590207 1.196999
486031083.7108 0.4492913 -0.4474542 1.197954
486031116.6831 0.449231 -0.44753 1.197975
486031149.6098 0.4490874 -0.4477319 1.198008
486031183.7008 0.4484215 -0.4596638 1.196939
486031216.6894 0.4488833 -0.448026 1.198056
486031249.612 0.4488164 -0.4480616 1.198032
486031283.6861 0.4481613 -0.4598583 1.197012
486031316.6859 0.4480773 -0.4598412 1.196973
486031349.6146 0.4479619 -0.4599875 1.196939
486031383.6867 0.447864 -0.4600499 1.196963
486031416.6971 0.44779 -0.4600773 1.197057
486031449.6271 0.4476523 -0.460101 1.197146
486031483.6893 0.4475316 -0.4602172 1.197233
486031516.6969 0.4474776 -0.4602488 1.197247
486031549.6203 0.4479067 -0.4493625 1.198285
486031583.6936 0.4472611 -0.4601623 1.197392
486031616.6999 0.4476184 -0.4495766 1.198303
486031649.6073 0.4468777 -0.4599575 1.197444
486031683.6975 0.4473634 -0.4501648 1.198323
486031716.7042 0.4473452 -0.4496182 1.19844
486031749.6046 0.4470689 -0.4536738 1.198272
486031783.687 0.4473581 -0.450453 1.198906
486031816.6822 0.4473435 -0.4506732 1.199092
486031849.6187 0.4467885 -0.4593971 1.198639
486031883.6777 0.4474925 -0.4512089 1.199462
486031916.6926 0.4475034 -0.4513183 1.199653
486031949.6127 0.4474915 -0.4513202 1.199712
486031983.6828 0.4474661 -0.4515924 1.199838
486032016.6817 0.4468968 -0.4597404 1.199374
486032049.619 0.4450929 -0.4819554 1.197918
486032083.6813 0.4460162 -0.4648278 1.199931
486032116.6929 0.4461857 -0.4614921 1.200301
486032149.6122 0.4462404 -0.4608715 1.200533
486032183.6831 0.4462985 -0.459958 1.200644
486032216.6923 0.4463155 -0.4598796 1.200723
486032249.6017 0.4463806 -0.4599009 1.201194
486032283.6911 0.446438 -0.4600695 1.201367
486032316.6929 0.446419 -0.4600384 1.201526
486032349.6076 0.4463252 -0.4600654 1.20209
486032383.6822 0.4463806 -0.4600341 1.201946
486032416.6848 0.4464291 -0.4600847 1.201868
486032449.6201 0.4464082 -0.4600338 1.201872
486032483.6959 0.4464017 -0.4600263 1.201837
486032516.6813 0.4464168 -0.459972 1.201765
486032549.6063 0.4464266 -0.4599834 1.201676
486032583.694 0.4464296 -0.4599528 1.201664
486032616.686 0.4464433 -0.4599293 1.201649
486032649.5995 0.4464362 -0.4599515 1.201653
486032683.7578 0.4464421 -0.4599504 1.201659
486032716.6812 0.446421 -0.4599137 1.201627
486032749.6165 0.4464056 -0.4599676 1.201631
486032783.6808 0.4464314 -0.4600753 1.201589
486032816.6777 0.4463607 -0.4600933 1.201523
486032849.6204 0.4463706 -0.460096 1.201535
486032883.6752 0.4463856 -0.460292 1.201503
486032916.6893 0.4463696 -0.4603423 1.201451
486032949.6156 0.4463643 -0.4603262 1.20147
486032983.6955 0.4464106 -0.4603129 1.201497
486033016.6792 0.4463994 -0.460395 1.201463
486033049.6018 0.4463932 -0.4604507 1.201466
486033083.694 0.4463689 -0.4605311 1.20145
486033116.6827 0.4463318 -0.4608804 1.201471
486033149.6065 0.446333 -0.4608795 1.201465
486033183.6934 0.4463351 -0.4608797 1.201457
486033216.6824 0.4463283 -0.4608817 1.201418
486033249.6095 0.4452054 -0.4894955 1.199659
486033283.6935 0.44603 -0.4660703 1.200803
486033316.6838 0.4462224 -0.4636558 1.201135
486033349.6109 0.4461494 -0.4609597 1.201182
486033383.6732 0.4461842 -0.4609648 1.201166
486033416.684 0.4461654 -0.4610185 1.201388
486033449.6123 0.4460714 -0.4610067 1.201325
486033483.6778 0.4453368 -0.5211633 1.195557
486033516.678 0.4457176 -0.4611523 1.201955
486033549.6264 0.4457385 -0.4611732 1.201949
486033583.6846 0.4456588 -0.46124 1.201761
486033616.6897 0.4455662 -0.4608615 1.201527
486033649.6061 0.4455859 -0.4609421 1.201412
486033683.6732 0.44558 -0.4607499 1.201349
486033716.6878 0.4462209 -0.4541241 1.201792
486033749.6103 0.4457531 -0.4614168 1.201437
486033783.6792 0.4457454 -0.4614122 1.201425
486033816.6871 0.4457349 -0.4614115 1.201405
486033849.6163 0.4457024 -0.4614415 1.201387
486033883.6842 0.4455251 -0.461378 1.201124
486033916.6869 0.4454295 -0.4612209 1.201051
486033949.6107 0.4454251 -0.4611951 1.201101
486033983.6721 0.4454187 -0.4614194 1.201079
486034016.6916 0.4454556 -0.4614294 1.201008
486034049.6018 0.4454159 -0.4609922 1.201045
486034083.6932 0.4453618 -0.4610748 1.20096
486034116.6917 0.4453514 -0.4611272 1.200945
486034149.6291 0.4453305 -0.461145 1.200917
486034183.6843 0.4452908 -0.5215665 1.197115
486034216.7034 0.4462949 -0.4612798 1.201011
486034249.5988 0.4462867 -0.4612328 1.200984
486034283.6816 0.4462572 -0.4612596 1.200934
486034316.6892 0.4462429 -0.4612218 1.200939
486034349.6105 0.4465915 -0.4563897 1.201347
486034383.6871 0.4461743 -0.461317 1.201034
486034416.6762 0.4461569 -0.4611853 1.200908
486034449.6045 0.4461927 -0.4612146 1.200892
486034483.6799 0.4466209 -0.4554228 1.201282
486034516.6862 0.4456249 -0.5215266 1.197083
486034549.6117 0.4456527 -0.4612271 1.20171
486034583.6784 0.4456563 -0.4612396 1.201624
486034616.6884 0.4457549 -0.4612532 1.20158
486034649.6221 0.445875 -0.4612693 1.201744
486034683.6979 0.4458844 -0.4612682 1.201694
486034716.6997 0.4459239 -0.4613116 1.201638
486034749.5984 0.444718 -0.4824694 1.198409
486034783.6886 0.4458227 -0.469688 1.200878
486034816.6801 0.446035 -0.4663847 1.20124
486034849.6105 0.4462098 -0.4643653 1.201059
486034883.6752 0.4462424 -0.4630038 1.201101
486034916.6811 0.4463584 -0.4612845 1.201323
486034949.6098 0.4464366 -0.4568566 1.201415
486034983.6778 0.445938 -0.4610645 1.200912
486035016.6772 0.4462384 -0.4567901 1.201198
486035049.6149 0.4463285 -0.4558315 1.201066
486035083.6714 0.4463794 -0.455783 1.201037
486035116.6695 0.4463032 -0.4605207 1.201036
486035149.5987 0.4472898 -0.4546607 1.201575
486035183.6749 0.4481838 -0.4541009 1.201246
486035216.6845 0.4495325 -0.4533772 1.200541
486035249.5968 0.4507209 -0.45294 1.200505
486035283.6734 0.4521237 -0.4525587 1.199562
486035316.6723 0.4537524 -0.4520657 1.199518
486035349.5957 0.455261 -0.4511366 1.199852
486035383.6838 0.4565094 -0.4504955 1.198851
486035416.6844 0.45708 -0.4501553 1.198556
486035449.6037 0.4573995 -0.4497473 1.198854
486035483.6803 0.457458 -0.4495608 1.198951
486035516.6764 0.4572513 -0.4494836 1.198977
486035549.6096 0.4560515 -0.4485256 1.198339
486035583.6776 0.4541646 -0.4487925 1.198735
486035616.6847 0.4528968 -0.4412166 1.198248
486035649.6245 0.4525265 -0.4281698 1.198384
486035683.681 0.4510861 -0.4227039 1.198438
486035716.68 0.4147918 -0.4362593 1.200813
486035749.5947 0.392046 -0.4245242 1.204566
486035783.6833 0.3888305 -0.423391 1.205193
486035816.6842 0.3800102 -0.4193493 1.204848
486035849.6027 0.4074281 -0.3824128 1.204699
486035883.6863 0.4073786 -0.3803419 1.205107
486035916.6819 0.4039087 -0.3758866 1.205989
486035949.5889 0.4005319 -0.3667708 1.205917
486035983.7099 0.3978723 -0.3581259 1.206417
486036016.6817 0.3267644 -0.3547586 1.213909
486036049.5981 0.3279144 -0.3508007 1.215056
486036083.6833 0.3315155 -0.3397887 1.215475
486036116.6761 0.3390258 -0.3297799 1.219176
486036149.5909 0.337494 -0.3206472 1.219909
486036183.6835 0.3342628 -0.3138233 1.221842
486036216.666 0.3318404 -0.30719 1.222241
486036249.6046 0.3303468 -0.3030985 1.22302
486036283.673 0.3291634 -0.2989469 1.223282
486036316.6645 0.3283817 -0.2963177 1.223203
486036349.6048 0.3263195 -0.2934278 1.222881
486036383.6699 0.3258279 -0.2926999 1.222891
486036416.675 0.3258475 -0.2926756 1.222812
486036449.6062 0.3268182 -0.2932119 1.222207
486036483.6778 0.3274446 -0.2944117 1.221659
486036516.6817 0.3305928 -0.2991048 1.220064
486036549.5989 0.3419608 -0.3112013 1.217102
486036583.6645 0.3418496 -0.3169376 1.21703
486036616.6798 0.3389581 -0.3304044 1.220569
486036649.595 0.3351323 -0.3437707 1.218077
486036683.681 0.3332765 -0.3602051 1.212727
486036716.6689 0.3340847 -0.3742067 1.211606
486036749.6046 0.4106339 -0.3554735 1.208702
486036783.6672 0.4111334 -0.3568942 1.208692
486036816.6781 0.4128706 -0.3628937 1.208664
486036849.5929 0.3848311 -0.4097751 1.206559
486036883.6793 0.387201 -0.4114917 1.206231
486036916.6774 0.393478 -0.4153451 1.20485
486036949.5984 0.4002998 -0.4190266 1.204294
486036983.6762 0.4053287 -0.4271419 1.204343
486037016.6747 0.4521689 -0.4140342 1.19852
486037049.6195 0.4523083 -0.4150268 1.198797
486037083.6706 0.451878 -0.4197109 1.199293
486037116.6761 0.4453863 -0.4416608 1.199358
486037149.595 0.4454303 -0.4426651 1.199081
486037183.6769 0.4459369 -0.4427249 1.198799
486037216.6677 0.4466413 -0.4429998 1.198629
486037249.5939 0.4476904 -0.4439115 1.198257
486037283.675 0.4484049 -0.444066 1.198155
486037316.6838 0.4492507 -0.4442126 1.198314
486037349.6064 0.4497223 -0.4445595 1.198215
486037383.6723 0.450228 -0.4457371 1.197924
486037416.675 0.4502473 -0.4457308 1.197913
486037449.5893 0.4501271 -0.4462742 1.197641
486037483.6705 0.4497203 -0.4515464 1.195581
486037516.6694 0.4493699 -0.4532188 1.1963
486037549.5993 0.4491161 -0.4541845 1.196747
486037583.6632 0.4487244 -0.4551787 1.196696
486037616.6806 0.4482075 -0.4565009 1.196975
486037649.5868 0.447821 -0.4565762 1.196836
486037683.6778 0.4473393 -0.4570037 1.197268
486037716.6763 0.4464551 -0.4586193 1.197288
486037749.6042 0.4459535 -0.4591097 1.197184
486037783.6677 0.445303 -0.4602658 1.197374
486037816.6686 0.444696 -0.4601118 1.19787
486037849.6269 0.4441916 -0.4600188 1.19826
486037883.6826 0.4436783 -0.4602358 1.198486
486037916.6688 0.4364953 -0.5145046 1.197056
486037949.6172 0.436088 -0.5148142 1.197712
486037983.6622 0.4358881 -0.5149832 1.197843
486038016.6608 0.4310601 -0.4573509 1.205824
486038049.5997 0.4304641 -0.4573073 1.205536
486038083.6636 0.4304311 -0.4572469 1.205094
486038116.6745 0.4282026 -0.4328032 1.206346
486038149.5991 0.4281296 -0.4325578 1.206006
486038183.6634 0.4300388 -0.4795539 1.205198
486038216.6668 0.4308324 -0.4760664 1.20547
486038249.5886 0.4313927 -0.4734601 1.205645
486038283.6689 0.4285342 -0.4564827 1.20805
486038316.6629 0.431924 -0.4710211 1.205979
486038349.5953 0.4320242 -0.4703422 1.205893
486038383.6728 0.4286505 -0.5161247 1.205609
486038416.6729 0.4283532 -0.4564576 1.209309
486038449.5869 0.4282988 -0.4564857 1.209319
486038483.659 0.4283019 -0.4562196 1.206996
486038516.6669 0.4276445 -0.4563672 1.208531
486038549.5841 0.4261355 -0.4307201 1.204459
486038583.6694 0.4313046 -0.4627488 1.204286
486038616.663 0.4313287 -0.4627971 1.204285
486038649.595 0.4313269 -0.4627984 1.204285
486038683.6617 0.4312839 -0.4629081 1.204174
486038716.7108 0.4282942 -0.5098634 1.2096
486038749.6001 0.428298 -0.5094016 1.209467
486038783.6668 0.4298189 -0.46671 1.203295
486038816.6617 0.4289955 -0.5074839 1.205089
486038849.5937 0.427487 -0.4646639 1.204776
486038883.6621 0.4322843 -0.4540401 1.20642
486038916.6631 0.4321745 -0.4548473 1.206547
486038949.5996 0.4305564 -0.4694093 1.206216
486038983.675 0.4279304 -0.5012502 1.20705
486039016.6649 0.4326884 -0.4568647 1.207098
486039049.5932 0.4283285 -0.4558108 1.209223
486039083.6591 0.4318224 -0.50133 1.20293
486039116.6716 0.4288233 -0.4555629 1.209222
486039149.588 0.4287684 -0.4578303 1.207605
486039183.6675 0.4287138 -0.4577816 1.207592
486039216.6607 0.4286605 -0.4574573 1.20664
486039249.5816 0.4284078 -0.457695 1.206511
486039283.6578 0.4283683 -0.4580682 1.205961
486039316.6555 0.4282455 -0.4582746 1.20573
486039349.583 0.4281473 -0.4584705 1.205356
486039383.6543 0.427414 -0.4600368 1.205503
486039416.6696 0.4272826 -0.4600921 1.205272
486039449.5906 0.4267211 -0.4578703 1.205288
486039483.6668 0.4263625 -0.4582803 1.204468
486039516.6616 0.4262893 -0.4583856 1.204342
486039549.578 0.4257683 -0.455405 1.204352
486039583.6595 0.4256341 -0.4560181 1.203998
486039616.663 0.4255445 -0.4562381 1.20388
486039649.5925 0.4254716 -0.4577539 1.203783
486039683.6609 0.4253821 -0.4580273 1.203583
486039716.68 0.4253308 -0.4585191 1.203354
486039749.5886 0.4252395 -0.4586957 1.203126
486039783.6631 0.4248075 -0.4565551 1.203386
486039816.6629 0.4247931 -0.4569192 1.203298
486039849.5822 0.4245198 -0.4549341 1.203319
486039883.6756 0.4245059 -0.4555378 1.203101
486039916.668 0.4245335 -0.4578243 1.202729
486039949.5832 0.4245259 -0.4579716 1.202709
486039983.6635 0.424529 -0.458008 1.2027
486040016.6616 0.4244998 -0.4580114 1.202592
486040049.5809 0.4245415 -0.4582272 1.202576
486040083.6587 0.4245452 -0.4582742 1.202534
486040116.6617 0.424539 -0.4583487 1.202486
486040149.5777 0.4246025 -0.4589297 1.202471
486040183.6556 0.424529 -0.457619 1.20278
486040216.6623 0.4245719 -0.4583656 1.202727
486040249.5791 0.4246133 -0.458616 1.202628
486040283.6594 0.4251054 -0.4559539 1.202555
486040316.6567 0.4246429 -0.4589412 1.202599
486040349.5867 0.4246498 -0.4589581 1.202566
486040383.6588 0.4251359 -0.4565411 1.202529
486040416.6524 0.4247023 -0.4592488 1.202491
486040449.5819 0.4246979 -0.4594777 1.202239
486040483.6528 0.4247176 -0.4595699 1.2022
486040516.6608 0.4247248 -0.4596527 1.202165
486040549.5813 0.4257462 -0.503745 1.205071
486040583.6591 0.4267677 -0.4565189 1.203121
486040616.6531 0.4253553 -0.4648059 1.20319
486040649.5896 0.4255781 -0.4624903 1.203095
486040683.6737 0.4181505 -0.3966798 1.211483
486040716.657 0.4242312 -0.4605157 1.200409
486040749.5837 0.4242049 -0.4610063 1.200491
486040783.6533 0.4242066 -0.4609361 1.200537
486040816.6555 0.4242368 -0.4609845 1.200618
486040849.583 0.4242764 -0.4610305 1.200695
486040883.6629 0.4238437 -0.4574208 1.201427
486040916.6594 0.4239343 -0.4576393 1.201356
486040949.5799 0.4239566 -0.4577426 1.201311
486040983.6532 0.4242297 -0.4604709 1.20109
486041016.6612 0.424245 -0.4604556 1.201074
486041049.5833 0.4242409 -0.4605413 1.201086
486041083.6521 0.4242468 -0.4605992 1.201136
486041116.6535 0.4242496 -0.4605893 1.201123
486041149.5888 0.4242448 -0.4604594 1.201086
486041183.6523 0.4242541 -0.4604847 1.201093
486041216.6631 0.4242513 -0.4604799 1.201126
486041249.5771 0.4242567 -0.4605003 1.201065
486041283.6693 0.4242607 -0.4604682 1.201047
486041316.6608 0.4242587 -0.4604827 1.201053
486041349.5822 0.4242634 -0.4604851 1.201
486041383.6502 0.4243006 -0.460404 1.201016
486041416.6532 0.424298 -0.4603938 1.201006
486041449.5745 0.4249565 -0.4567121 1.200928
486041483.6618 0.4243425 -0.4604232 1.201059
486041516.6587 0.4243665 -0.4604567 1.201039
486041549.5739 0.4248713 -0.4576691 1.201031
486041583.6521 0.4243829 -0.4603246 1.201042
486041616.6613 0.424405 -0.4603994 1.201099
486041649.5757 0.4244597 -0.4604832 1.201112
486041683.6486 0.4244668 -0.4605522 1.201084
486041716.6594 0.4246322 -0.4622163 1.200953
486041749.5763 0.4246472 -0.4622106 1.200994
486041783.6488 0.4247064 -0.4625368 1.201024
486041816.6584 0.4247342 -0.4625977 1.201079
486041849.5789 0.4247326 -0.4625836 1.201084
486041883.6452 0.4247406 -0.4627138 1.201152
486041916.6655 0.4247359 -0.4627213 1.201155
486041949.5791 0.4246862 -0.4630001 1.200922
486041983.6462 0.4246735 -0.4629771 1.200933
486042016.6484 0.4246821 -0.4629008 1.200951
486042049.5755 0.4246814 -0.4628905 1.200941
486042083.6591 0.4246784 -0.4628892 1.200946
486042116.6601 0.4247154 -0.4624858 1.200896
