486331315.6234 0.4454139 -0.4734309 1.207928
486331348.6236 0.444417 -0.4757074 1.207592
486331382.6903 0.4416569 -0.51254 1.200553
486331415.6067 0.4396968 -0.5337664 1.198546
486331448.6188 0.440754 -0.5450582 1.21688
486331482.7697 0.4394382 -0.5100754 1.199594
486331515.6073 0.4394409 -0.5100701 1.199594
486331548.6128 0.4359071 -0.5466596 1.195627
486331582.6989 0.4394503 -0.5092942 1.20014
486331615.6292 0.43822 -0.4811687 1.200888
486331648.622 0.4431601 -0.5068582 1.198614
486331682.6941 0.4353292 -0.6050506 1.192262
486331715.6204 0.440696 -0.5503159 1.198141
486331748.6107 0.6088452 -0.4995655 1.272072
486331782.7012 0.6075923 -0.4954506 1.267226
486331815.6115 0.4421952 -0.5541719 1.19775
486331848.6051 0.6112087 -0.5028942 1.271665
486331882.6952 0.6099119 -0.5038425 1.27003
486331915.6125 0.4416903 -0.5517246 1.190898
486331948.6278 0.4471402 -0.5062556 1.190408
486331982.6921 0.4471603 -0.5060314 1.19027
486332015.6114 0.4470071 -0.5091128 1.189496
486332048.6247 0.4470817 -0.5082945 1.189643
486332082.689 0.4470761 -0.5080626 1.1892
486332115.6144 0.4471202 -0.5079454 1.189011
486332148.6203 0.4471957 -0.5070668 1.189099
486332182.7261 0.4471655 -0.507082 1.188894
486332215.6191 0.4479041 -0.4999586 1.190837
486332248.6111 0.4479458 -0.4982976 1.191251
486332282.6992 0.4477171 -0.4978447 1.191197
486332315.6164 0.4472614 -0.4973788 1.191545
486332348.6038 0.4469648 -0.4957144 1.191776
486332382.6993 0.4467612 -0.4951441 1.191868
486332415.6227 0.4463415 -0.4947268 1.192149
486332448.6122 0.4461624 -0.494492 1.192119
486332482.7406 0.4459585 -0.494427 1.192213
486332515.6155 0.4456789 -0.4983896 1.191478
486332548.6025 0.4455802 -0.4975345 1.191643
486332582.6972 0.4455261 -0.4966412 1.192039
486332615.6083 0.4454477 -0.496284 1.192132
486332648.6511 0.4452563 -0.4960695 1.192219
486332682.6945 0.4451655 -0.4958193 1.19233
486332715.6035 0.4449691 -0.4950389 1.192256
486332748.6127 0.4448848 -0.4948904 1.192161
486332782.684 0.4448431 -0.4947646 1.192159
486332815.6119 0.4447295 -0.4945836 1.19205
486332848.61 0.4446062 -0.4944038 1.192019
486332882.6936 0.4445421 -0.4940386 1.192058
486332915.6211 0.4443772 -0.4939239 1.191967
486332948.6262 0.4441724 -0.4983918 1.191202
486332982.6962 0.4440795 -0.4973941 1.191336
486333015.625 0.444053 -0.4963127 1.191424
486333048.6083 0.4439635 -0.4961163 1.191485
486333082.6947 0.4439892 -0.4958478 1.191469
486333115.6058 0.4439335 -0.4955631 1.191312
486333148.6171 0.4439578 -0.4952319 1.191347
486333182.6957 0.4439192 -0.494858 1.191553
486333215.606 0.4439329 -0.4945484 1.191665
486333248.6246 0.4436054 -0.5004762 1.190674
486333282.686 0.4436509 -0.4996608 1.190823
486333315.6119 0.4436589 -0.4986536 1.191033
486333348.6617 0.4436466 -0.4981004 1.191263
486333382.6969 0.4436816 -0.497763 1.191181
486333415.6383 0.4436624 -0.4974148 1.191254
486333448.6057 0.4437069 -0.4966689 1.191444
486333482.695 0.4437426 -0.4962765 1.191646
486333515.6061 0.4437632 -0.4959902 1.191719
486333548.607 0.4437901 -0.4959436 1.191723
486333582.7161 0.443819 -0.4953941 1.191894
486333615.6149 0.443846 -0.4951982 1.19196
486333648.6113 0.4438364 -0.4949519 1.191984
486333682.6896 0.4438655 -0.4949271 1.192033
486333715.6093 0.4438972 -0.4944815 1.19211
486333748.6094 0.4439569 -0.4945124 1.192212
486333782.6848 0.4439619 -0.4944498 1.192186
486333815.6176 0.4436692 -0.5004485 1.191215
486333848.6063 0.4437295 -0.4991646 1.191468
486333882.6891 0.4435954 -0.5018568 1.191045
486333915.6092 0.4436951 -0.5001885 1.191384
486333948.5991 0.4435683 -0.5032321 1.190961
486333982.6741 0.4435353 -0.5050474 1.190842
486334015.6061 0.4436452 -0.5018479 1.191358
486334048.6029 0.4435323 -0.5033677 1.191078
486334082.6824 0.4435182 -0.504496 1.190642
486334115.6243 0.4434744 -0.505481 1.190558
486334148.6245 0.443428 -0.5063133 1.190436
486334182.6904 0.4433656 -0.5076519 1.190257
486334215.6253 0.4433854 -0.5079571 1.1902
486334248.6345 0.4433519 -0.5081601 1.190192
486334282.6774 0.4434296 -0.508472 1.190266
486334315.6419 0.4434736 -0.5088816 1.19022
486334348.603 0.4435271 -0.5089735 1.189979
486334382.685 0.4437727 -0.5090882 1.19014
486334415.603 0.4439647 -0.5088661 1.190255
486334448.6069 0.4440429 -0.5084944 1.19045
486334482.686 0.4443166 -0.4985542 1.192095
486334515.6036 0.4445884 -0.4975318 1.192237
486334548.6181 0.4445933 -0.4997613 1.191762
486334582.6849 0.4451112 -0.4966045 1.191968
486334615.6099 0.4459069 -0.4941876 1.192116
486334648.6146 0.4460137 -0.4956313 1.191429
486334682.6851 0.4483843 -0.4745304 1.194218
486334715.6146 0.4491533 -0.4744193 1.194334
486334748.6172 0.4507168 -0.4745912 1.195497
486334782.6754 0.4516919 -0.4747183 1.195467
486334815.5971 0.4523377 -0.4747517 1.195421
486334848.635 0.4528119 -0.4747617 1.195489
486334882.6874 0.4533097 -0.4748765 1.195661
486334915.6075 0.4536566 -0.4747252 1.195423
486334948.6151 0.4538919 -0.4746485 1.195394
486334982.681 0.454081 -0.4747563 1.195239
486335015.6061 0.4542282 -0.4746101 1.195045
486335048.6079 0.4543462 -0.4745032 1.195049
486335082.6993 0.4544025 -0.4742571 1.194946
486335115.6157 0.4545084 -0.4740362 1.194889
486335148.6232 0.4545551 -0.4738029 1.194658
486335182.6785 0.4546952 -0.4734307 1.194697
486335215.599 0.4546978 -0.4734951 1.194645
486335248.6008 0.4547597 -0.4732604 1.194687
486335282.6692 0.4547977 -0.4731722 1.194816
486335315.6053 0.454953 -0.4731451 1.195291
486335348.6129 0.4550317 -0.4730955 1.195981
486335382.6911 0.4549458 -0.4729928 1.196625
486335415.6293 0.4534135 -0.4963658 1.201016
486335448.5987 0.4550545 -0.4754788 1.2023
486335482.6786 0.4532721 -0.4938523 1.206833
486335515.65 0.4526486 -0.4955159 1.206824
486335548.5951 0.4519223 -0.4968537 1.206817
486335582.6804 0.45128 -0.4974262 1.206413
486335615.6062 0.450181 -0.4986682 1.206126
486335648.6031 0.4493913 -0.4747017 1.204004
486335682.7122 0.4490063 -0.4725929 1.203393
486335715.6064 0.4440112 -0.4895809 1.201948
486335748.5979 0.4449426 -0.4763057 1.201518
486335782.675 0.4447054 -0.4739514 1.20143
486335815.5967 0.4442916 -0.4738048 1.201814
486335848.5948 0.443182 -0.4745337 1.202533
486335882.6681 0.4427936 -0.4745149 1.202669
486335915.5973 0.4424442 -0.4743221 1.202616
486335948.6007 0.441976 -0.474227 1.202565
486335982.6695 0.4414376 -0.4741329 1.202722
486336015.6085 0.4410429 -0.4737935 1.202555
486336048.6042 0.4406023 -0.473407 1.202282
486336082.6783 0.4397919 -0.4736384 1.201853
486336115.6029 0.439338 -0.4735328 1.201573
486336148.606 0.4384669 -0.4739305 1.20123
486336182.6842 0.4379221 -0.4741373 1.201112
486336215.6117 0.4374535 -0.4739016 1.200652
486336248.609 0.4368355 -0.4740278 1.200075
486336282.6713 0.4360909 -0.4742596 1.199835
486336315.593 0.4352874 -0.4742423 1.199491
486336348.6728 0.4346827 -0.4740311 1.199345
486336382.6747 0.4336841 -0.4737688 1.198527
486336415.6178 0.4329935 -0.4734811 1.198491
486336448.5901 0.432282 -0.4720485 1.198273
486336482.6925 0.4318572 -0.4706902 1.198105
486336515.6176 0.4306573 -0.469727 1.197788
486336548.6034 0.4302236 -0.4677057 1.198087
486336582.68 0.4295752 -0.466834 1.198117
486336615.6017 0.4287314 -0.465097 1.198541
486336648.5994 0.4280064 -0.4632627 1.198691
486336682.669 0.4269614 -0.4615083 1.199015
486336715.599 0.4328905 -0.4456303 1.191443
486336748.5992 0.4228805 -0.4461357 1.198902
486336782.6762 0.4226733 -0.4459704 1.198791
486336815.5942 0.4274008 -0.442333 1.192102
486336848.5923 0.4272463 -0.4428287 1.19156
486336882.7022 0.4272801 -0.4427589 1.191499
486336915.6014 0.4272298 -0.442427 1.191801
486336948.611 0.4268779 -0.4419151 1.191711
486336982.6823 0.4134594 -0.4350195 1.201951
486337015.6073 0.4127118 -0.4344788 1.202265
486337048.5947 0.41206 -0.4342877 1.202413
486337082.6718 0.4107918 -0.4342898 1.202419
486337115.6021 0.4095235 -0.4337262 1.203113
486337148.6109 0.4070699 -0.4332431 1.203632
486337182.6978 0.4062679 -0.4322616 1.20392
486337215.5933 0.4047518 -0.4312297 1.204214
486337248.6185 0.4037362 -0.4297598 1.204265
486337282.6782 0.3786701 -0.4373535 1.208706
486337315.6185 0.3882849 -0.4288977 1.206077
486337348.5973 0.3908703 -0.4260769 1.205374
486337382.7059 0.3928351 -0.4237136 1.205406
486337415.5956 0.3946543 -0.4213392 1.205691
486337448.6098 0.3945049 -0.4207517 1.205597
486337482.7118 0.3942876 -0.4202155 1.205375
486337515.5979 0.3942845 -0.4194324 1.20511
486337548.5988 0.3940469 -0.418932 1.204929
486337582.6685 0.3935444 -0.4182723 1.204628
486337615.6075 0.3927412 -0.4173812 1.20415
486337648.6117 0.3921484 -0.4165437 1.20401
486337682.6732 0.4012322 -0.423617 1.204155
486337715.5904 0.358487 -0.4157953 1.203722
486337748.6094 0.3566375 -0.4157517 1.203544
486337782.6717 0.3565999 -0.4152266 1.203567
486337815.6 0.3556473 -0.4139031 1.203784
486337848.5932 0.355096 -0.4117866 1.204411
486337882.6722 0.3572231 -0.4074391 1.204222
486337915.5915 0.3573687 -0.4039866 1.203863
486337948.6135 0.3566696 -0.4014848 1.204307
486337982.6695 0.3556994 -0.3979312 1.204455
486338015.5843 0.3550207 -0.394608 1.204563
486338048.6444 0.3552979 -0.3909588 1.205178
486338082.675 0.3555477 -0.3878301 1.205349
486338115.5968 0.3568263 -0.3827961 1.20615
486338148.6047 0.3584744 -0.3790182 1.208457
486338182.6756 0.3584908 -0.3757915 1.208309
486338215.59 0.359034 -0.3722568 1.207933
486338248.5889 0.3720807 -0.3691052 1.20972
486338282.6639 0.3722008 -0.3689756 1.210402
486338315.584 0.3732563 -0.3703055 1.211877
486338348.6018 0.3731843 -0.3701738 1.212066
486338382.6747 0.3679347 -0.3729293 1.210335
486338415.5915 0.3668064 -0.3724623 1.210427
486338448.5847 0.3658398 -0.3713442 1.211092
486338482.6667 0.365071 -0.3706918 1.211357
486338515.618 0.363962 -0.3690504 1.211554
486338548.5894 0.3617329 -0.3660587 1.21072
486338582.6824 0.360323 -0.3641069 1.21014
486338615.5923 0.3587213 -0.3616404 1.210341
486338648.6035 0.3573777 -0.3599686 1.2099
486338682.66 0.3359769 -0.325307 1.221824
486338715.6195 0.3358495 -0.324967 1.22191
486338748.6144 0.3368618 -0.3222517 1.220934
486338782.6774 0.3378778 -0.3196581 1.220921
486338815.5893 0.3363363 -0.3183546 1.222191
486338848.6006 0.3219795 -0.3117112 1.220434
486338882.6616 0.3185252 -0.3092311 1.221469
486338915.5837 0.3199449 -0.3091704 1.222944
486338948.5917 0.3224837 -0.308483 1.226815
486338982.6773 0.3223819 -0.3079389 1.227874
486339015.6081 0.3184958 -0.3039042 1.227557
486339048.5923 0.3196737 -0.3033346 1.228942
486339082.6709 0.330431 -0.3051758 1.228984
486339115.6239 0.3294269 -0.3050032 1.229348
486339148.5887 0.3042322 -0.2954154 1.231981
486339182.6781 0.302157 -0.2939874 1.232624
486339215.6097 0.3008509 -0.2926282 1.233254
486339248.591 0.3165536 -0.2938306 1.232415
486339282.6614 0.3249963 -0.2964706 1.231542
486339315.5955 0.3174241 -0.2950054 1.234354
486339348.5911 0.3136591 -0.2953551 1.235006
486339382.669 0.3235466 -0.2967561 1.232158
486339415.594 0.3145983 -0.2934169 1.232204
486339448.5958 0.3231122 -0.2960433 1.23052
486339482.6564 0.3231659 -0.2962278 1.230587
486339515.5987 0.3075802 -0.2916388 1.238149
486339548.6005 0.3014643 -0.2902022 1.234259
486339582.6726 0.3063848 -0.294532 1.233715
486339615.5865 0.3039309 -0.2921323 1.235979
486339648.5863 0.3035497 -0.2919335 1.235768
486339682.6592 0.3059514 -0.2929682 1.234591
486339715.5842 0.3038077 -0.2931426 1.234433
486339748.5897 0.3023806 -0.2937862 1.232576
486339782.6565 0.3036178 -0.2949167 1.232611
486339815.5901 0.3072266 -0.2968138 1.231521
486339848.5915 0.3291354 -0.3111449 1.22864
486339882.671 0.3296049 -0.3107451 1.229082
486339915.5973 0.331297 -0.3176745 1.228358
486339948.5851 0.3335243 -0.323697 1.229078
486339982.6548 0.3508331 -0.3679919 1.204224
486340015.579 0.3507681 -0.3670979 1.205158
486340048.5865 0.3512298 -0.3660662 1.206463
486340082.6755 0.363764 -0.3814963 1.237109
486340115.6001 0.3639714 -0.3808751 1.235609
486340148.5859 0.3648766 -0.3824929 1.222396
486340182.6637 0.3648247 -0.38052 1.220864
486340215.5818 0.3659929 -0.380388 1.22009
486340248.586 0.366796 -0.3799128 1.216491
486340282.6614 0.3689715 -0.3805562 1.215727
486340315.5823 0.3706083 -0.3820976 1.214675
486340348.5919 0.3727345 -0.3840217 1.213441
486340382.6517 0.3759982 -0.3868934 1.212181
486340415.5948 0.3777612 -0.3878436 1.211923
486340448.5929 0.3758219 -0.3935494 1.212497
486340482.6589 0.3645032 -0.4118832 1.212503
486340515.5868 0.3640586 -0.4132359 1.211996
486340548.5902 0.3643238 -0.4152237 1.211699
486340582.666 0.3654603 -0.41753 1.21209
486340615.5841 0.3663672 -0.4198049 1.212165
486340648.5797 0.3671271 -0.4223663 1.213157
486340682.6678 0.3771355 -0.4244943 1.212797
486340715.5875 0.388177 -0.4246638 1.212574
486340748.6657 0.3827102 -0.4348992 1.215793
486340782.6598 0.3941358 -0.4334038 1.213627
486340815.5967 0.3974375 -0.4344721 1.213263
486340848.5878 0.3837625 -0.455168 1.215974
486340882.6854 0.4005091 -0.4465734 1.209309
486340915.5956 0.3884754 -0.462542 1.211735
486340948.5859 0.3869875 -0.4661931 1.211853
486340982.665 0.4361904 -0.4334523 1.195546
486341015.5814 0.4290089 -0.4345129 1.203154
486341048.5935 0.428563 -0.4361445 1.203004
486341082.6906 0.4279625 -0.4385014 1.202854
486341115.5808 0.4282362 -0.4399709 1.203274
486341148.5867 0.4286762 -0.4422801 1.203698
486341182.6571 0.4290998 -0.4449431 1.203595
486341215.5789 0.4296207 -0.4478793 1.203745
486341248.5733 0.4303447 -0.4492756 1.203827
486341282.6524 0.4312066 -0.4506056 1.20372
486341315.5791 0.4414902 -0.4413559 1.201365
486341348.5804 0.4392815 -0.4488349 1.201327
486341382.6558 0.4377761 -0.4548056 1.200948
486341415.5792 0.4376794 -0.4562141 1.200831
486341448.5896 0.4417697 -0.4521751 1.199299
486341482.6835 0.4382104 -0.4666062 1.199246
486341515.5831 0.4380649 -0.468208 1.199777
486341548.5853 0.4383301 -0.4682797 1.199737
486341582.6598 0.4277428 -0.5129203 1.205158
486341615.596 0.4312586 -0.5092831 1.200661
486341648.5924 0.4331873 -0.505984 1.198786
486341682.6703 0.4502877 -0.4572866 1.195235
486341715.6002 0.4504216 -0.4568807 1.195316
486341748.5733 0.4495359 -0.4597329 1.195188
486341782.6524 0.4487432 -0.4624208 1.195248
486341815.586 0.4482131 -0.4642621 1.195027
486341848.6445 0.4479701 -0.4652492 1.194877
486341882.664 0.4477548 -0.4660032 1.194539
486341915.6034 0.4502433 -0.4570341 1.195009
486341948.5814 0.4500932 -0.4575537 1.194819
486341982.6531 0.4495924 -0.4597953 1.194532
486342015.5798 0.4489955 -0.4620931 1.194006
486342048.582 0.4496174 -0.4596143 1.194117
486342082.673 0.4495278 -0.45984 1.194027
486342115.5841 0.4492723 -0.4611439 1.193867
486342148.5715 0.4486299 -0.4643683 1.193516
486342182.7232 0.4483095 -0.4660144 1.193361
486342215.5928 0.4492669 -0.4613357 1.193719
486342248.5848 0.4492208 -0.4615692 1.193708
486342282.661 0.4495623 -0.4597208 1.193775
486342315.5766 0.4492635 -0.4610216 1.193521
486342348.5845 0.4492851 -0.4598705 1.193688
486342382.6587 0.449213 -0.4590496 1.193533
486342415.5817 0.449184 -0.4589581 1.193731
486342448.5753 0.4485566 -0.4623336 1.193439
486342482.6515 0.4486805 -0.4619556 1.193485
486342515.5757 0.4481216 -0.4650603 1.193392
486342548.5738 0.4483618 -0.4639776 1.193426
486342582.6582 0.4479885 -0.4650296 1.193251
486342615.5898 0.4480617 -0.4646228 1.193427
486342648.574 0.4481481 -0.4641131 1.193195
486342682.6662 0.4479356 -0.4655667 1.193226
486342715.5744 0.4475922 -0.4668562 1.193376
486342748.5745 0.4477683 -0.4654616 1.193471
486342782.6479 0.4476818 -0.4669922 1.193455
486342815.5836 0.4495253 -0.505313 1.196089
486342848.5784 0.4486638 -0.4679545 1.193511
486342882.6694 0.4486341 -0.4682902 1.193788
486342915.5833 0.4489369 -0.4662678 1.193891
486342948.5851 0.4484991 -0.4695344 1.193566
486342982.6609 0.4479871 -0.4724617 1.193248
486343015.5724 0.4476599 -0.4740914 1.193181
486343048.5894 0.4469164 -0.4763823 1.192882
486343082.6525 0.4464834 -0.4773809 1.192838
486343115.5832 0.4458292 -0.4787837 1.192674
486343148.5805 0.4452991 -0.4791852 1.19244
486343182.6489 0.4451891 -0.4794405 1.192415
486343215.5707 0.4454258 -0.4769337 1.192604
486343248.584 0.4455318 -0.4752358 1.192652
486343282.67 0.4456674 -0.4736489 1.192818
486343315.5774 0.4456746 -0.4734047 1.192832
486343348.5661 0.445538 -0.4727827 1.192726
486343382.6456 0.4456619 -0.4723713 1.192846
486343415.5895 0.4456185 -0.4727269 1.192948
486343448.5683 0.4464918 -0.4985622 1.193289
486343482.6621 0.4457554 -0.4734866 1.193058
486343515.5757 0.4456235 -0.4739152 1.193146
486343548.5812 0.438321 -0.5232723 1.188141
486343582.6418 0.4446065 -0.4964373 1.189845
486343615.5808 0.4428167 -0.5099792 1.189259
486343648.5674 0.4443655 -0.5000998 1.190152
486343682.6576 0.4450193 -0.497941 1.190438
486343715.5941 0.4393387 -0.514912 1.188644
486343748.5725 0.4380221 -0.5224413 1.187664
486343782.6458 0.4419432 -0.4966916 1.190626
486343815.5827 0.4422511 -0.4949852 1.19078
486343848.5718 0.4357403 -0.529569 1.187285
486343882.6632 0.44086 -0.5291675 1.189762
486343915.5944 0.4388151 -0.529256 1.189456
486343948.5781 0.4438599 -0.4972824 1.192652
486343982.6523 0.4444436 -0.5101129 1.19341
486344015.5671 0.4472095 -0.492854 1.194266
486344048.5804 0.44344 -0.5201057 1.19293
486344082.6414 0.4466532 -0.4957047 1.193587
486344115.5734 0.445206 -0.5075112 1.193783
486344148.5715 0.4444502 -0.5132371 1.193458
486344182.6764 0.4437309 -0.4997911 1.190383
486344215.5686 0.4423504 -0.5256254 1.190729
486344248.5696 0.4465218 -0.492034 1.191086
486344282.6446 0.446422 -0.4833159 1.189845
486344315.5676 0.4436618 -0.522994 1.191637
486344348.5804 0.441792 -0.5258341 1.190458
486344382.6538 0.4430578 -0.5285583 1.191039
486344415.5685 0.4372531 -0.5830042 1.194762
486344448.5687 0.4460913 -0.5003959 1.19123
486344482.6441 0.4462367 -0.5004923 1.191357
486344515.5712 0.4474321 -0.482382 1.190794
486344548.5767 0.4464897 -0.4821193 1.190201
486344582.6455 0.4464258 -0.4817316 1.189974
486344615.5746 0.4461898 -0.4813575 1.190023
486344648.5777 0.44737 -0.4947852 1.192769
486344682.6596 0.4466121 -0.4811294 1.190315
486344715.5703 0.4463845 -0.4807691 1.189898
486344748.5749 0.447573 -0.4907169 1.191249
486344782.6429 0.447171 -0.4804728 1.190414
486344815.57 0.4460844 -0.480116 1.190071
486344848.5648 0.4456458 -0.4801749 1.18971
486344882.6525 0.4454057 -0.4796544 1.189584
486344915.5616 0.4423854 -0.5030996 1.188947
486344948.5662 0.4418639 -0.5052586 1.188966
486344982.6445 0.4426371 -0.4985082 1.189579
486345015.5679 0.4448288 -0.4796757 1.189759
486345048.5816 0.444636 -0.4809896 1.189613
486345082.6878 0.4443926 -0.4815017 1.189566
486345115.5709 0.4439926 -0.48234 1.189368
486345148.5657 0.4393922 -0.515877 1.188498
486345182.6399 0.4392835 -0.5167257 1.18859
