486406215.3642 0.4476519 -0.454264 1.180505
486406248.3672 0.4476503 -0.4537312 1.180608
486406282.4356 0.4476232 -0.4531645 1.1806
486406315.359 0.4476091 -0.453113 1.18041
486406348.3719 0.4475482 -0.4529388 1.180078
486406382.453 0.4442422 -0.4749356 1.177518
486406415.3887 0.4444118 -0.4748774 1.176913
486406448.363 0.4446079 -0.4748398 1.176602
486406482.4376 0.4476864 -0.4749681 1.1767
486406515.3622 0.4475396 -0.4745485 1.176251
486406548.3595 0.4472251 -0.474237 1.176266
486406582.4509 0.4466152 -0.4739166 1.175703
486406882.4436 0.4366117 -0.5020151 1.18676
486406915.3822 0.4362692 -0.5021831 1.18641
486406948.3979 0.4358667 -0.5024099 1.185943
486406982.4392 0.4353826 -0.5023869 1.186072
486407015.3589 0.4348672 -0.5029129 1.186336
486407048.3574 0.434444 -0.5028186 1.186138
486407082.4353 0.433874 -0.5028023 1.186368
486407115.3669 0.4335289 -0.5028955 1.186358
486407148.3679 0.4350243 -0.4809622 1.188036
486407182.4371 0.4349619 -0.4811584 1.188001
486407215.3662 0.4348899 -0.4818546 1.187996
486407248.3643 0.4352244 -0.4814281 1.187936
486407282.4451 0.435379 -0.4817261 1.188274
486407315.3771 0.4352973 -0.4822016 1.188335
486407348.3612 0.435354 -0.4826626 1.188329
486407382.4362 0.4354751 -0.4828249 1.188285
486407415.3633 0.435355 -0.4833011 1.188354
486407448.3614 0.4353142 -0.4835964 1.188199
486407482.4306 0.4353979 -0.4838839 1.188158
486407515.3684 0.4347105 -0.4865733 1.188339
486407548.3661 0.4333819 -0.5023706 1.18733
486407582.432 0.4333177 -0.5035526 1.18746
486407615.357 0.4333441 -0.5033615 1.187576
486407648.3609 0.4334304 -0.5033867 1.187514
486407682.4412 0.4334603 -0.5032356 1.187553
486407715.3707 0.4335907 -0.5032834 1.187535
486407748.3627 0.4338602 -0.5052463 1.188056
486407782.443 0.4338472 -0.5048659 1.188156
486407815.3578 0.4339511 -0.5046898 1.188223
486407848.3596 0.433994 -0.5043303 1.188222
486407882.4419 0.4340495 -0.5043557 1.188312
486407915.3629 0.4342458 -0.5041939 1.188545
486407948.3889 0.4344194 -0.5042424 1.188731
486407982.4331 0.4345045 -0.50425 1.188866
486408015.3544 0.4346498 -0.5042968 1.189113
486408048.3656 0.4346721 -0.5042899 1.189197
486408082.448 0.4347479 -0.504251 1.189239
486408115.3702 0.4347851 -0.5042475 1.189206
486408148.3584 0.4348235 -0.5042256 1.18938
486408182.4375 0.4349904 -0.5042359 1.189575
486408215.3613 0.4350556 -0.5042031 1.189597
486408248.3701 0.4351149 -0.5041735 1.189581
486408282.4315 0.4352032 -0.5042077 1.189657
486408315.3693 0.4353808 -0.5044006 1.189855
486408348.3649 0.4354773 -0.504411 1.189915
486408382.4378 0.435527 -0.504527 1.189979
486408415.3723 0.4355572 -0.5044968 1.190018
486408448.3987 0.4355759 -0.5043807 1.189976
486408482.4302 0.4355659 -0.5043489 1.189981
486408515.4398 0.4355952 -0.5042445 1.189942
486408548.3927 0.4356318 -0.5042208 1.190144
486408582.441 0.4356953 -0.5042087 1.190144
486408615.3771 0.4358265 -0.5044305 1.190295
486408648.3642 0.4358672 -0.5044999 1.190383
486408682.4342 0.4360538 -0.5035239 1.190662
486408715.3695 0.4361658 -0.5034094 1.190753
486408748.3758 0.436036 -0.5048002 1.19068
486408782.4266 0.4360557 -0.5048128 1.19069
486408815.3561 0.4368141 -0.4987136 1.19115
486408848.3555 0.4361027 -0.5048497 1.190741
486408882.4411 0.4361152 -0.5048667 1.190727
486408915.3596 0.4361659 -0.5049765 1.190566
486408948.3638 0.436161 -0.5091121 1.19071
486408982.4277 0.4360933 -0.5123639 1.191049
486409015.3659 0.4361396 -0.5113121 1.191202
486409048.3644 0.436396 -0.5102956 1.191477
486409082.4299 0.4364415 -0.5098987 1.191532
486409115.3587 0.4363165 -0.5091531 1.191361
486409148.349 0.4368371 -0.4777642 1.196106
486409182.4334 0.4369477 -0.4961897 1.193262
486409215.3633 0.4368933 -0.4979436 1.193228
486409248.3935 0.4366133 -0.4987624 1.192646
486409282.4286 0.4365564 -0.4995636 1.192701
486409315.3582 0.4369633 -0.4975307 1.192906
486409348.3497 0.4372383 -0.48918 1.191098
486409382.423 0.4371765 -0.4970974 1.191821
486409415.3657 0.4356675 -0.5089663 1.190959
486409448.3618 0.4371 -0.4972261 1.191655
486409482.4351 0.4356705 -0.50844 1.191056
486409515.3667 0.4356709 -0.5081878 1.191061
486409548.3525 0.4373871 -0.4941831 1.191822
486409582.4373 0.4358009 -0.5077087 1.191242
486409615.3505 0.4358194 -0.5076748 1.191268
486409648.3564 0.4357719 -0.5075504 1.191207
486409682.4416 0.4357974 -0.5074825 1.191243
486409715.3486 0.4358047 -0.5073131 1.191294
486409748.3454 0.4357993 -0.5072853 1.191363
486409782.4426 0.4358863 -0.5072069 1.191456
486409815.3582 0.4359401 -0.5071805 1.191525
486409848.3485 0.4359853 -0.5071309 1.191547
486409882.4382 0.4361107 -0.5060304 1.191589
486409915.3563 0.4359886 -0.5069536 1.19146
486409948.3593 0.4359982 -0.5069341 1.191475
486409982.431 0.436007 -0.5068002 1.191508
486410015.3614 0.4360166 -0.5066299 1.191486
486410048.3509 0.4360228 -0.5065485 1.191471
486410082.4349 0.4362433 -0.504247 1.191555
486410115.362 0.4362016 -0.5042144 1.191583
486410148.3535 0.4363295 -0.5030558 1.191603
486410182.4248 0.43594 -0.5062478 1.191434
486410215.3572 0.4360171 -0.5134851 1.190916
486410248.3487 0.4359235 -0.5122404 1.191104
486410282.4266 0.4358314 -0.5104997 1.191292
486410315.3524 0.4362239 -0.5094056 1.191567
486410348.3501 0.4363947 -0.5090656 1.191702
486410382.4235 0.4366201 -0.5084775 1.191858
486410415.3477 0.4367816 -0.5082123 1.19215
486410448.3556 0.4370057 -0.5079133 1.192427
486410482.502 0.4369797 -0.5103149 1.192344
486410515.3688 0.437187 -0.5087262 1.192477
486410548.3492 0.4371839 -0.5082592 1.192441
486410582.4291 0.437025 -0.5125078 1.192038
486410615.3488 0.4373606 -0.5103481 1.192257
486410648.3564 0.4373662 -0.5093118 1.192376
486410682.4264 0.437068 -0.5113716 1.19211
486410715.3543 0.4369105 -0.5128349 1.191931
486410748.3496 0.4368594 -0.5106781 1.191969
486410782.4623 0.4368263 -0.5092385 1.191994
486410815.3454 0.4367984 -0.5075629 1.191272
486410848.3608 0.436961 -0.5059101 1.1907
486410882.4304 0.4371401 -0.5047934 1.19062
486410915.3867 0.4368485 -0.5091599 1.189586
486410948.3577 0.438356 -0.4727263 1.190489
486410982.4322 0.4376339 -0.5209104 1.189099
486411015.3511 0.4383774 -0.4743307 1.186627
486411048.3595 0.4416783 -0.4929039 1.19236
486411082.4213 0.4397435 -0.5073601 1.190169
486411115.3521 0.4392039 -0.5114523 1.189001
486411148.3666 0.4391924 -0.5124269 1.188879
486411182.4387 0.4430442 -0.4917453 1.189954
486411215.3543 0.4430302 -0.4917969 1.189911
486411248.3401 0.4451457 -0.4498419 1.187385
486411282.429 0.4413508 -0.4276326 1.181353
486411315.3475 0.4413598 -0.4276963 1.181378
486411348.3534 0.4433015 -0.4469793 1.184465
486411382.4378 0.443297 -0.4469052 1.184425
486411415.3477 0.4432462 -0.4469127 1.184426
486411448.3638 0.44311 -0.4468085 1.184371
486411482.4589 0.4427747 -0.4459509 1.183974
486411515.3499 0.4421237 -0.4429404 1.182593
486411548.3587 0.4413666 -0.4433268 1.182586
486411582.4254 0.4396386 -0.444891 1.182573
486411615.3566 0.4388383 -0.4449288 1.182446
486411648.3601 0.4350109 -0.4254812 1.17393
486411682.4285 0.4317226 -0.4424619 1.182523
486411715.3535 0.4355966 -0.4258804 1.174671
486411748.3528 0.4363695 -0.4262874 1.176103
486411782.4307 0.429823 -0.4463021 1.173689
486411815.3459 0.4288348 -0.4496857 1.174115
486411848.344 0.4324723 -0.4384064 1.175715
486411882.4255 0.4331763 -0.4364201 1.176091
486411915.362 0.4334789 -0.4354158 1.176235
486411948.3593 0.4298911 -0.4457988 1.175305
486411982.4249 0.4318472 -0.4400826 1.176074
486412015.3528 0.4310865 -0.4422864 1.176749
486412048.3542 0.4247837 -0.4632573 1.172575
486412082.4246 0.4246119 -0.457721 1.174734
486412115.3603 0.4325003 -0.4367074 1.177862
486412148.3592 0.4336287 -0.4332787 1.178133
486412182.4256 0.4339219 -0.4323595 1.178164
486412215.3514 0.4344697 -0.4307227 1.178431
486412248.3606 0.4345422 -0.4301374 1.178689
486412282.418 0.4347647 -0.4294148 1.178455
486412315.3574 0.4322126 -0.4341557 1.177701
486412348.3427 0.4202993 -0.4588141 1.173586
486412382.4173 0.4218863 -0.4538347 1.175207
486412415.3378 0.4319482 -0.432007 1.17707
486412448.338 0.4307685 -0.4348216 1.176271
486412482.4298 0.4293171 -0.4368965 1.175603
486412515.3433 0.4279041 -0.4379522 1.175092
486412548.3529 0.4262179 -0.4388065 1.175081
486412582.4131 0.4273888 -0.4394438 1.172798
486412615.3525 0.4246992 -0.4388949 1.172412
486412648.3441 0.4221323 -0.4382123 1.171819
486412682.4272 0.4205168 -0.4376927 1.171669
486412715.3625 0.4192297 -0.4375221 1.171693
486412748.4173 0.4182177 -0.4372533 1.172056
486412782.4286 0.4149538 -0.43625 1.177027
486412815.3504 0.4145614 -0.4360652 1.176946
486412848.3399 0.4136526 -0.4354374 1.175794
486412882.4161 0.4157601 -0.4364605 1.178542
486412915.3567 0.4184505 -0.4373825 1.176787
486412948.356 0.4193911 -0.4376639 1.176014
486412982.4129 0.4189857 -0.4374819 1.176231
486413015.3569 0.4184592 -0.4371981 1.176252
486413048.3443 0.4170476 -0.4364908 1.176312
486413082.4369 0.4160621 -0.4354486 1.175872
486413115.3464 0.4150206 -0.4342991 1.175384
486413148.3416 0.4058859 -0.4283632 1.176665
486413182.4141 0.4029944 -0.4261566 1.177357
486413215.3363 0.3582284 -0.3933342 1.188656
486413248.3348 0.3587096 -0.3931048 1.188652
486413282.4295 0.2932225 -0.4079715 1.193766
486413315.3401 0.3345061 -0.3950781 1.190673
486413348.3477 0.3351528 -0.394645 1.190793
486413382.446 0.335748 -0.3940204 1.190905
486413415.346 0.3844509 -0.4123037 1.179167
486413448.3491 0.3830265 -0.4110551 1.180458
486413482.4298 0.3944905 -0.418662 1.17985
486413515.3437 0.3978897 -0.4199278 1.178315
486413548.3443 0.4001859 -0.4197924 1.177818
486413582.4102 0.4014398 -0.4196762 1.177756
486413615.3406 0.4025643 -0.4197747 1.178067
486413648.333 0.4034093 -0.4191709 1.177968
486413682.4371 0.4041953 -0.4186569 1.177939
486413715.3461 0.4052747 -0.4180109 1.178568
486413748.3487 0.408726 -0.4171498 1.178974
486413782.443 0.4107589 -0.4165972 1.178642
486413815.3385 0.4120885 -0.4161816 1.178221
486413848.3571 0.4124847 -0.4149476 1.176942
486413882.4292 0.4117957 -0.4142945 1.176337
486413915.3411 0.4118665 -0.413104 1.175966
486413948.3359 0.4457555 -0.426178 1.175372
486413982.4273 0.4456683 -0.4256628 1.175383
486414015.3782 0.3516763 -0.3597631 1.184119
486414048.3513 0.3877539 -0.3957452 1.181075
486414082.4082 0.3891797 -0.3962508 1.180522
486414115.3394 0.3895335 -0.3966411 1.180397
486414148.3609 0.4461449 -0.4232782 1.173633
486414182.4174 0.3887078 -0.3945975 1.172353
486414215.3523 0.3896027 -0.3952374 1.172383
486414248.3574 0.3899584 -0.3955247 1.172534
486414282.4167 0.39047 -0.3957319 1.17257
486414315.336 0.3908917 -0.3958948 1.172511
486414348.3546 0.3917157 -0.3960709 1.172614
486414382.4152 0.3950983 -0.3986671 1.171986
486414415.3744 0.3956675 -0.3987226 1.172251
486414448.3491 0.4500653 -0.4232421 1.178618
486414482.4244 0.3968987 -0.3994188 1.172781
486414515.3396 0.3971682 -0.3995168 1.172738
486414548.3365 0.3974103 -0.3996967 1.173148
486414582.4349 0.3980219 -0.3997381 1.172888
486414615.3472 0.3991258 -0.4004241 1.17376
486414648.3354 0.4028051 -0.4028208 1.175755
486414682.4211 0.4064386 -0.4050064 1.177891
486414715.3358 0.3372528 -0.2493966 1.153674
486414748.334 0.411238 -0.4081905 1.175827
486414782.4212 0.3305675 -0.3576153 1.181274
486414815.3323 0.3296908 -0.3562482 1.187696
486414848.3444 0.329854 -0.3558108 1.19103
486414882.4247 0.3452313 -0.3877415 1.17678
486414915.3575 0.4211688 -0.4219622 1.186264
486414948.3367 0.420707 -0.4217449 1.185981
486414982.424 0.4263284 -0.4197859 1.185251
486415015.3478 0.4281967 -0.4206479 1.185541
486415048.3492 0.3514929 -0.3790999 1.168325
486415082.4156 0.4107307 -0.4215235 1.183663
486415115.332 0.4114833 -0.422086 1.183768
486415148.3519 0.4115642 -0.4230734 1.183537
486415182.412 0.4106406 -0.4230821 1.18341
486415215.349 0.4084147 -0.4209563 1.177035
486415248.3496 0.4196557 -0.4291998 1.18013
486415282.4196 0.419011 -0.4294172 1.180054
486415315.3352 0.4160298 -0.427687 1.173644
486415348.3292 0.4165064 -0.428355 1.173813
486415382.4079 0.4161122 -0.4294223 1.174156
486415415.3329 0.4167324 -0.4313573 1.175161
486415448.3367 0.4170983 -0.4333919 1.175257
486415482.4109 0.4163065 -0.434488 1.175332
486415515.3367 0.4168818 -0.4362597 1.175002
486415548.3381 0.4165871 -0.4382672 1.174491
486415582.4213 0.417228 -0.4392875 1.17388
486415615.3443 0.4175603 -0.4411914 1.173168
486415648.3432 0.4176583 -0.4426051 1.172662
486415682.4125 0.4166444 -0.444501 1.171941
486415715.3342 0.4172862 -0.4456161 1.170915
486415748.3352 0.4170508 -0.4462733 1.169945
486415782.418 0.4171239 -0.4473704 1.169551
486415815.3282 0.4169907 -0.4484146 1.168914
486415848.3448 0.4167004 -0.448958 1.168526
486415882.4173 0.4165959 -0.4491856 1.167871
486415915.3386 0.416674 -0.4494731 1.167733
486415948.3289 0.4167947 -0.4500742 1.167551
486415982.4072 0.4169822 -0.4506585 1.167241
486416015.3363 0.4171056 -0.4511234 1.167186
486416048.3796 0.4174561 -0.4515811 1.167083
486416082.4049 0.4178069 -0.4519777 1.166991
486416115.3353 0.4182897 -0.4524192 1.167429
486416148.3408 0.4189562 -0.452775 1.167379
486416182.4198 0.4196736 -0.453093 1.16745
486416215.3301 0.4203767 -0.4534783 1.167387
486416248.3237 0.4211352 -0.4543066 1.167889
486416282.4159 0.4219918 -0.4547251 1.16809
486416315.3303 0.4231031 -0.4553445 1.168964
486416348.3251 0.4251953 -0.4567901 1.168742
486416382.4074 0.4259878 -0.4569379 1.168748
486416415.3296 0.4263492 -0.4572908 1.169067
486416448.3318 0.4272901 -0.4582832 1.170185
486416482.4421 0.4283569 -0.4589041 1.171257
486416515.3277 0.429076 -0.4594346 1.171662
486416548.3283 0.4295806 -0.4599214 1.17235
486416582.4033 0.4303538 -0.460403 1.173422
486416615.3431 0.431381 -0.4608926 1.17411
486416648.3252 0.4326644 -0.4611501 1.174434
486416682.4157 0.4355106 -0.4620306 1.174451
486416715.3326 0.4359844 -0.4622982 1.175177
486416748.3438 0.4373063 -0.462699 1.176051
486416782.4048 0.4381456 -0.4629797 1.176567
486416815.329 0.4393987 -0.4634219 1.177247
486416848.3444 0.4399033 -0.4636036 1.176919
486416882.4033 0.4405865 -0.4638571 1.176739
486416915.4039 0.4408548 -0.4638466 1.176641
486416948.3294 0.4422205 -0.4645316 1.177245
486416982.4023 0.4420196 -0.4660561 1.177119
486417015.3277 0.4423667 -0.4667608 1.176887
486417048.3303 0.4431131 -0.4670453 1.17727
486417082.4065 0.4436845 -0.4673889 1.177778
486417115.3336 0.4442762 -0.4676203 1.177862
486417148.3399 0.4443402 -0.4684561 1.178123
486417182.4088 0.4448143 -0.4686843 1.178757
486417215.326 0.4441782 -0.4705133 1.179368
486417248.3196 0.4447103 -0.4711199 1.180832
486417282.4065 0.4444549 -0.4710326 1.181322
486417315.3393 0.4445444 -0.4710715 1.181378
486417348.337 0.4446576 -0.4715404 1.180996
486417382.4132 0.4443012 -0.4715476 1.181018
486417415.3325 0.443434 -0.4716571 1.181765
486417448.3306 0.442127 -0.471446 1.182329
486417482.4146 0.4428977 -0.4723526 1.185106
486417515.3413 0.4429626 -0.4725294 1.185012
486417548.3398 0.4429211 -0.4725375 1.184917
486417582.4176 0.4427638 -0.4723366 1.184791
486417615.3316 0.4426648 -0.4720561 1.184807
486417648.3326 0.4473311 -0.4530143 1.185606
486417682.4334 0.4468509 -0.452475 1.18567
486417715.3338 0.4461444 -0.4510835 1.185757
486417748.3459 0.4454161 -0.4500384 1.185508
486417782.4093 0.4448034 -0.4494981 1.185591
486417815.3241 0.4440037 -0.448622 1.185378
486417848.3345 0.4433222 -0.4477697 1.185495
486417882.4009 0.4426376 -0.4469407 1.185595
486417915.3255 0.4329455 -0.4935328 1.192051
486417948.3236 0.4333822 -0.4299847 1.184871
486417982.4035 0.4334624 -0.4299242 1.1848
486418015.3409 0.4267615 -0.4275578 1.180839
486418048.3238 0.430613 -0.494647 1.195144
486418082.3975 0.4302512 -0.495205 1.191783
486418115.3188 0.4295893 -0.4953093 1.1945
486418148.3264 0.4291 -0.4954062 1.195244
486418182.4051 0.429311 -0.4951609 1.19151
486418215.3445 0.4296055 -0.4953656 1.190605
486418248.3192 0.4268492 -0.5090421 1.188688
486418282.3962 0.4208224 -0.5145844 1.20103
486418315.3319 0.4259551 -0.4920137 1.203358
486418348.3197 0.4310955 -0.4927235 1.194358
486418382.4009 0.428897 -0.4924344 1.197432
486418415.3243 0.4291343 -0.4925279 1.197043
486418448.3474 0.4281951 -0.4925514 1.198487
486418482.4207 0.4250891 -0.492077 1.207698
486418515.3232 0.4285977 -0.4928643 1.198595
486418548.3242 0.4277322 -0.4929112 1.200105
486418582.395 0.4287692 -0.4948086 1.199798
486418615.316 0.4234555 -0.5163436 1.200051
486418648.326 0.4228111 -0.5186741 1.201237
486418682.4083 0.4187269 -0.5358205 1.201566
486418715.3194 0.4348212 -0.5049855 1.19477
486418748.3282 0.4199293 -0.4413094 1.20319
486418782.3958 0.4302494 -0.4027377 1.204054
486418815.3241 0.4159337 -0.4642853 1.201668
486418848.3185 0.4159952 -0.464301 1.201282
486418882.3968 0.4159136 -0.5378115 1.199068
486418915.339 0.4251667 -0.5210468 1.198656
486418948.324 0.4250288 -0.5208552 1.198726
486418982.3998 0.4226094 -0.5190969 1.198092
486419015.3339 0.4198402 -0.5401065 1.201836
486419048.3275 0.4196787 -0.5403312 1.201684
486419082.409 0.4206988 -0.5406211 1.205383
486419115.3266 0.420905 -0.5406832 1.204457
486419148.3252 0.4205256 -0.5406932 1.203203
486419182.4063 0.4197809 -0.5406487 1.201937
486419215.3305 0.4179296 -0.5405537 1.201885
486419248.3204 0.4180087 -0.5407695 1.201703
486419282.3925 0.4171807 -0.5406979 1.20148
486419315.3233 0.4168569 -0.5407744 1.20127
486419348.3185 0.415529 -0.5232405 1.200637
486419382.3976 0.4159468 -0.5226437 1.200756
486419415.3177 0.4183028 -0.5315631 1.202275
486419448.3285 0.41838 -0.5315025 1.20161
486419482.3928 0.4208097 -0.5414509 1.197996
486419515.3179 0.4196831 -0.5419551 1.198555
486419548.3139 0.4208179 -0.5326527 1.19912
486419582.4082 0.4203946 -0.5325185 1.199721
486419615.3184 0.4168595 -0.5418 1.199634
486419648.3313 0.4177164 -0.5417056 1.203037
486419682.3952 0.4179621 -0.5417902 1.201348
486419715.3313 0.4179277 -0.5419055 1.200326
486419748.3163 0.4199938 -0.5133806 1.197723
486419782.4073 0.41912 -0.5156633 1.197933
486419815.3216 0.4169685 -0.5419967 1.198609
486419848.323 0.4170739 -0.5421758 1.19851
486419882.3906 0.4155745 -0.5421722 1.201838
486419915.3197 0.4155135 -0.5310377 1.200786
486419948.3228 0.4141117 -0.5420627 1.201258
486419982.3994 0.4146519 -0.5282663 1.201467
486420015.3261 0.4145678 -0.5282919 1.201292
486420048.3238 0.4157986 -0.5214629 1.198811
486420082.3975 0.4159813 -0.5430467 1.199952
486420115.3184 0.4221967 -0.5082344 1.200991
486420148.3223 0.4236362 -0.5173487 1.199317
486420182.4387 0.4325271 -0.4782086 1.200634
486420215.3482 0.4048807 -0.4050652 1.195207
486420248.3126 0.4102715 -0.4077317 1.196625
486420282.4159 0.4095765 -0.4072268 1.196265
486420315.3167 0.4127672 -0.4063669 1.196517
486420348.3436 0.4144047 -0.4061523 1.195855
486420382.4029 0.4146022 -0.405898 1.195479
486420415.3136 0.4156437 -0.4057193 1.19573
486420448.3207 0.418472 -0.5276601 1.204527
486420482.3973 0.424702 -0.5204733 1.201941
486420515.3158 0.42224 -0.523873 1.200978
486420548.3139 0.4108165 -0.5422008 1.196015
486420582.4 0.4160058 -0.535138 1.202351
486420615.3414 0.4123872 -0.5425294 1.197888
486420648.3157 0.4122747 -0.5426463 1.19784
486420682.4083 0.4188981 -0.5246806 1.196701
486420715.3182 0.4185221 -0.525694 1.197314
486420748.3196 0.4115705 -0.5426099 1.196538
486420782.395 0.4114876 -0.5426214 1.196458
486420815.3233 0.4168226 -0.5339926 1.201291
486420848.3173 0.4167785 -0.5435873 1.203984
486420882.4033 0.4150291 -0.5431634 1.203322
486420915.3206 0.415271 -0.5397425 1.200913
486420948.3183 0.4154585 -0.5395898 1.200889
486420982.3891 0.415478 -0.5370854 1.199409
486421015.3216 0.4155449 -0.5363523 1.199194
486421048.3168 0.4128971 -0.5337052 1.198518
486421082.4184 0.4169918 -0.529211 1.197886
486421115.3188 0.4169793 -0.5292189 1.197883
486421148.3133 0.4169602 -0.5293777 1.19819
486421182.4005 0.4204746 -0.5068527 1.198603
486421215.3141 0.4202303 -0.5205086 1.196707
486421248.3142 0.4215105 -0.5088999 1.197616
486421282.4159 0.421366 -0.5086783 1.198087
486421315.3175 0.4183215 -0.527433 1.198185
486421348.3144 0.4181493 -0.527584 1.198151
486421382.435 0.4185929 -0.5247678 1.197576
486421415.3165 0.4211375 -0.5082856 1.19837
486421448.3211 0.4187784 -0.5253906 1.198505
486421482.3941 0.4288915 -0.4721687 1.197775
486421515.3109 0.4155821 -0.5296397 1.199144
486421548.3143 0.4156899 -0.5295581 1.199062
486421582.4086 0.4158115 -0.5299672 1.19958
486421615.3143 0.4194186 -0.5320031 1.199011
486421648.3071 0.4191492 -0.5318952 1.199138
486421682.403 0.4189152 -0.5318428 1.199104
486421715.3313 0.418742 -0.5316497 1.199142
486421748.3138 0.4139956 -0.5395634 1.201405
486421782.3863 0.4142309 -0.5398403 1.20088
486421815.3266 0.4156959 -0.5319588 1.200845
