486462215.1831 0.4454132 -0.3916201 1.211358
486462248.2371 0.4460432 -0.3912075 1.21318
486462282.2611 0.4458796 -0.3911142 1.212652
486462315.1907 0.4456526 -0.3908015 1.211386
486462348.2516 0.4456535 -0.3905527 1.211725
486462382.2514 0.4452216 -0.3901773 1.21236
486462415.1867 0.445201 -0.3901404 1.21253
486462448.2464 0.4449316 -0.3899018 1.212445
486462482.2619 0.4449012 -0.3897958 1.212351
486462515.1836 0.4448219 -0.3898197 1.210666
486462548.2425 0.444686 -0.3895099 1.210715
486462582.2575 0.4443223 -0.3893554 1.210495
486462615.1834 0.4438098 -0.3890223 1.21027
486462648.2537 0.443005 -0.3888121 1.208097
486462682.2634 0.442218 -0.3886195 1.207217
486462715.1794 0.4410168 -0.3881638 1.207335
486462748.2502 0.4402726 -0.3877403 1.207281
486462782.2541 0.4403221 -0.3874831 1.207305
486462815.1779 0.4404967 -0.387449 1.206686
486462848.2454 0.4399618 -0.3872412 1.206565
486462882.2543 0.4396604 -0.3869975 1.206733
486462915.1765 0.4395708 -0.3870348 1.205691
486462948.2555 0.4394699 -0.3867703 1.206468
486462982.2705 0.4394843 -0.3865883 1.206828
486463015.1881 0.4394254 -0.3864749 1.207287
486463048.316 0.439355 -0.3863766 1.207348
486463082.2505 0.4392064 -0.3862556 1.207247
486463115.1686 0.4389246 -0.3860492 1.207526
486463148.25 0.4377819 -0.3859331 1.195215
486463182.2499 0.4377012 -0.3856289 1.194678
486463215.1749 0.4376119 -0.3855883 1.194286
486463248.187 0.4376556 -0.3868003 1.194253
486463282.278 0.4377172 -0.4478478 1.189978
486463315.1833 0.4356754 -0.3971244 1.192115
486463348.2487 0.4356753 -0.3971835 1.192114
486463382.2543 0.435667 -0.3971948 1.192114
486463415.1724 0.4356534 -0.3972209 1.192087
486463448.2382 0.4356471 -0.3972594 1.192087
486463482.2479 0.4394716 -0.4477889 1.190074
486463515.2497 0.4394582 -0.4477598 1.190077
486463548.238 0.4394296 -0.4478279 1.190144
486463582.2698 0.4393425 -0.4478811 1.190136
486463615.1871 0.438755 -0.4514749 1.189997
486463648.2468 0.4387613 -0.4514743 1.189997
486463682.2466 0.4394857 -0.4476147 1.190268
486463715.1782 0.4396627 -0.4476265 1.190526
486463748.2523 0.4394439 -0.4495118 1.190674
486463782.2583 0.4397532 -0.4476888 1.190736
486463815.1718 0.4394836 -0.4495444 1.190686
486463848.252 0.4398696 -0.4475867 1.190807
486463882.2461 0.4398955 -0.4476854 1.190826
486463915.1715 0.4400247 -0.4477299 1.19103
486463948.2341 0.4402039 -0.4478628 1.191248
486463982.2598 0.440207 -0.4479984 1.191271
486464015.1926 0.4402527 -0.4480891 1.191427
486464048.2474 0.4402146 -0.4485483 1.191468
486464082.2427 0.4402839 -0.4485636 1.191447
486464115.1817 0.4403677 -0.4486957 1.191473
486464148.2517 0.4404431 -0.4488724 1.191565
486464182.2528 0.4407207 -0.4500124 1.191614
486464215.1761 0.4409217 -0.4504425 1.191738
486464248.233 0.4412067 -0.4511032 1.191518
486464282.2447 0.4415486 -0.4524781 1.191577
486464315.1665 0.441907 -0.4339665 1.197025
486464348.2483 0.4421746 -0.4343657 1.19696
486464382.2605 0.4423614 -0.4345613 1.197123
486464415.1695 0.4425677 -0.4346763 1.197135
486464448.2345 0.4429001 -0.435131 1.197317
486464482.2442 0.4430461 -0.4353743 1.197081
486464515.1721 0.4431982 -0.4355364 1.197024
486464548.2359 0.4433068 -0.435614 1.197103
486464582.2423 0.4431824 -0.4351863 1.197128
486464615.1661 0.4431751 -0.4352167 1.197056
486464648.2283 0.4432473 -0.4353528 1.197148
486464682.2408 0.4432367 -0.4353454 1.197145
486464715.1683 0.4432322 -0.4351094 1.197273
486464748.2428 0.4432858 -0.4351458 1.197297
486464782.2451 0.4433186 -0.4352032 1.197217
486464815.1673 0.4434575 -0.4353532 1.197181
486464848.2536 0.4434335 -0.4352769 1.197263
486464882.2432 0.4444884 -0.4566026 1.192472
486464915.1654 0.4434418 -0.4354582 1.197126
486464948.2435 0.4433487 -0.4352031 1.19724
486464982.2578 0.4434189 -0.4353662 1.197207
486465015.1713 0.4434889 -0.4354582 1.197333
486465048.2347 0.4433334 -0.4350131 1.197518
486465082.2415 0.4433824 -0.4351733 1.197503
486465115.1674 0.4434262 -0.4352656 1.197524
486465148.2459 0.4433166 -0.4350819 1.197508
486465182.2569 0.4434783 -0.4351862 1.197512
486465215.1901 0.4447004 -0.4570208 1.192634
486465248.2358 0.4434912 -0.4354116 1.197428
486465282.2447 0.4433305 -0.4351376 1.197512
486465315.1656 0.4433953 -0.4352524 1.197529
486465348.2323 0.4433777 -0.4354053 1.197448
486465382.2535 0.4433578 -0.4355451 1.197262
486465415.1748 0.4431147 -0.4351611 1.197402
486465448.2657 0.4431576 -0.4352949 1.197351
486465482.2454 0.4430075 -0.4350855 1.197413
486465515.1824 0.4431072 -0.4353428 1.197385
486465548.2306 0.4428914 -0.4350814 1.197489
486465582.2473 0.4430127 -0.4353592 1.197434
486465615.1735 0.4428702 -0.4351486 1.197229
486465648.227 0.4429816 -0.4353645 1.197156
486465682.2614 0.4428529 -0.4351706 1.197174
486465715.172 0.4429493 -0.4353301 1.197116
486465748.2342 0.4431298 -0.435117 1.19723
486465782.2443 0.4430659 -0.4349223 1.197366
486465815.1755 0.4432437 -0.4351173 1.197367
486465848.2298 0.4432074 -0.4350052 1.197837
486465882.2551 0.4432756 -0.4351501 1.197751
486465915.1908 0.4432851 -0.4351263 1.198476
486465948.2263 0.4431468 -0.435031 1.19865
486465982.2475 0.4431891 -0.4352165 1.198666
486466015.1758 0.4428282 -0.4350154 1.198512
486466048.247 0.4426557 -0.4347552 1.198671
486466082.2374 0.442458 -0.4346369 1.198661
486466115.1739 0.4424497 -0.4346185 1.199467
486466148.2439 0.4445574 -0.4503987 1.194512
486466182.2372 0.4443325 -0.4500293 1.194518
486466215.1688 0.444087 -0.4497504 1.194879
486466248.2338 0.4436839 -0.4493747 1.19482
486466282.2451 0.4423918 -0.4565765 1.194738
486466315.1656 0.4427769 -0.4488836 1.195499
486466348.229 0.4397821 -0.4332827 1.201901
486466382.2399 0.4395016 -0.4330624 1.202081
486466415.2089 0.439239 -0.4329503 1.202515
486466448.2288 0.4385662 -0.4328362 1.202178
486466482.2549 0.4407957 -0.4478972 1.197509
486466515.1668 0.4404399 -0.4483913 1.197768
486466548.2359 0.4403977 -0.4481961 1.197729
486466582.2616 0.4401351 -0.4476351 1.198097
486466615.1616 0.4276637 -0.432496 1.207135
486466648.2287 0.4268242 -0.4322599 1.20756
486466682.24 0.425034 -0.4317532 1.207637
486466715.1913 0.422225 -0.4296947 1.206639
486466748.2457 0.4184085 -0.4284073 1.20636
486466782.241 0.414076 -0.4264867 1.207353
486466815.1677 0.429372 -0.447678 1.201085
486466848.2331 0.4268084 -0.4454309 1.20153
486466882.2399 0.4245058 -0.4440193 1.202785
486466915.1625 0.4273418 -0.4184477 1.206299
486466948.2288 0.4262832 -0.40578 1.208549
486466982.2532 0.4257127 -0.4005385 1.208634
486467015.1762 0.3906291 -0.4489393 1.210678
486467048.2326 0.3942552 -0.4336227 1.213494
486467082.2464 0.4020498 -0.4360148 1.203202
486467115.1834 0.4017 -0.4360736 1.203233
486467148.2316 0.4016944 -0.436318 1.203
486467182.2392 0.4111618 -0.4059803 1.206477
486467215.1667 0.4100278 -0.4057465 1.207006
486467248.2313 0.4078895 -0.4051785 1.207188
486467282.2336 0.4060626 -0.4049106 1.207319
486467315.171 0.404201 -0.4042987 1.207431
486467348.2302 0.4030256 -0.4035985 1.20767
486467382.242 0.3703064 -0.415245 1.205987
486467415.1683 0.3702804 -0.4152898 1.206145
486467448.2386 0.3958671 -0.3943844 1.212806
486467482.2549 0.3958674 -0.3942777 1.212759
486467515.1701 0.4123493 -0.3668828 1.215536
486467548.2298 0.366612 -0.412993 1.206024
486467582.23 0.410595 -0.3659129 1.214737
486467615.1653 0.4105218 -0.3657627 1.214686
486467648.2192 0.4104657 -0.3654165 1.214859
486467682.2458 0.4103356 -0.3650245 1.214801
486467715.163 0.4101949 -0.3648726 1.215012
486467748.2309 0.4101762 -0.3648091 1.2152
486467782.2439 0.4101366 -0.3645008 1.215244
486467815.166 0.3692227 -0.3919593 1.208006
486467848.2229 0.369066 -0.3919903 1.20813
486467882.2375 0.3673515 -0.392645 1.208296
486467915.1605 0.415065 -0.36709 1.217552
486467948.2316 0.3879765 -0.3795745 1.214836
486467982.2393 0.3991963 -0.3660271 1.214841
486468015.1614 0.4073254 -0.3642934 1.213887
486468048.2265 0.4096313 -0.3653564 1.214581
486468082.2304 0.4107293 -0.3661937 1.214667
486468115.169 0.4109158 -0.3665108 1.215052
486468148.2283 0.4110047 -0.3666468 1.215183
486468182.238 0.4110839 -0.3668053 1.215121
486468215.1544 0.4111856 -0.366887 1.215031
486468248.2178 0.3794892 -0.4096465 1.205557
486468282.2402 0.3790269 -0.4092508 1.205097
486468315.1525 0.4127201 -0.3639537 1.214584
486468348.238 0.4132291 -0.3623946 1.214918
486468382.2297 0.4133233 -0.3620969 1.215059
486468415.1617 0.4129631 -0.3622292 1.215301
486468448.2275 0.4129407 -0.3621106 1.215558
486468482.2323 0.4127264 -0.3624521 1.21558
486468515.1573 0.4126188 -0.3626623 1.215784
486468548.222 0.4125804 -0.3627154 1.216286
486468582.2436 0.4123611 -0.3624994 1.216331
486468615.1694 0.4126827 -0.3617131 1.216727
486468648.2172 0.4125349 -0.3606222 1.216699
486468682.2318 0.4127021 -0.3609796 1.217207
486468715.1659 0.4129227 -0.3604487 1.217438
486468748.2424 0.4123861 -0.3607932 1.217648
486468782.2324 0.411602 -0.3607252 1.217795
486468815.1582 0.4113651 -0.360535 1.217643
486468848.229 0.4104165 -0.3603413 1.217806
486468882.235 0.4098709 -0.3601797 1.218069
486468915.1687 0.4093534 -0.3600399 1.217922
486468948.2173 0.4083885 -0.3596961 1.218029
486468982.2446 0.3561278 -0.3210375 1.220931
486469015.168 0.3561918 -0.3210657 1.221002
486469048.2322 0.3534391 -0.3225747 1.221064
486469082.2682 0.3769926 -0.3467215 1.219893
486469115.1522 0.3476889 -0.3175786 1.22008
486469148.2332 0.3472214 -0.3178332 1.220007
486469182.2298 0.3697504 -0.3398508 1.217533
486469215.1679 0.3452249 -0.3101455 1.214955
486469248.2367 0.3454551 -0.3099127 1.214988
486469282.2279 0.3452766 -0.3096742 1.214863
486469315.1677 0.3452353 -0.3095514 1.214785
486469348.2463 0.3734668 -0.3414202 1.219617
486469382.2416 0.3731894 -0.3412166 1.219658
486469415.1678 0.4530324 -0.3815765 1.231873
486469448.2156 0.4520083 -0.3814655 1.232002
486469482.2799 0.4504562 -0.3809779 1.232158
486469515.1557 0.4498001 -0.3808772 1.232226
486469548.2142 0.4490333 -0.3807103 1.232274
486469582.2337 0.448255 -0.380428 1.232554
486469615.1604 0.4474263 -0.3800932 1.232658
486469648.2283 0.3741655 -0.3405946 1.220205
486469682.2376 0.3457736 -0.3059346 1.20883
486469715.1761 0.3766136 -0.3425839 1.222011
486469748.2223 0.3473714 -0.3082895 1.212049
486469782.2295 0.3481112 -0.3087959 1.212175
486469815.1829 0.3484025 -0.3088424 1.212167
486469848.2298 0.3499173 -0.3107871 1.213034
486469882.2387 0.3884425 -0.3510734 1.223082
486469915.1744 0.3866827 -0.3493716 1.221803
486469948.2555 0.3881439 -0.3500426 1.221483
486469982.2409 0.394397 -0.353784 1.22154
486470015.1651 0.3966642 -0.3550442 1.221538
486470048.2868 0.4016055 -0.3575703 1.22165
486470082.2711 0.4043427 -0.3559527 1.21639
486470115.1743 0.4075977 -0.3562428 1.216232
486470148.2307 0.4095969 -0.3563763 1.216066
486470182.2684 0.4114688 -0.3563978 1.215367
486470215.1638 0.4134065 -0.3569852 1.214686
486470248.2206 0.4152566 -0.3580459 1.213955
486470282.2365 0.4177291 -0.3592132 1.213605
486470315.1656 0.4189378 -0.3589539 1.213092
486470348.2163 0.420933 -0.3596597 1.21278
486470382.2206 0.422758 -0.3603199 1.212283
486470415.1473 0.4251154 -0.3611605 1.21193
486470448.2456 0.4266562 -0.3616043 1.211531
486470482.2323 0.4464084 -0.3664454 1.214757
486470515.1491 0.4494512 -0.3666754 1.215646
486470548.2199 0.4519475 -0.3666894 1.216152
486470582.2419 0.4530641 -0.3662434 1.216479
486470615.153 0.4546896 -0.3667461 1.217034
486470648.2114 0.4574639 -0.3672522 1.216821
486470682.2404 0.458941 -0.3673674 1.21663
486470715.1581 0.4600323 -0.3675771 1.216517
486470748.2169 0.4606136 -0.3677222 1.216163
486470782.225 0.4611042 -0.36788 1.216023
486470815.1665 0.4614911 -0.3681648 1.215938
486470848.2183 0.4618283 -0.3681978 1.215605
486470882.2252 0.4621194 -0.3681513 1.215446
486470915.1658 0.4624389 -0.3682006 1.214918
486470948.2185 0.4627145 -0.3683297 1.21458
486470982.22 0.4631089 -0.3685155 1.213957
486471015.1545 0.4633779 -0.3687299 1.213145
486471048.2277 0.4634853 -0.3660744 1.213064
486471082.2185 0.4636802 -0.3664632 1.213046
486471115.1509 0.4638257 -0.3669559 1.213057
486471148.2131 0.4637529 -0.3672713 1.212447
486471182.2482 0.4638194 -0.3676655 1.211956
486471215.1618 0.4637853 -0.3677457 1.211537
486471248.2178 0.4636728 -0.3678024 1.211313
486471282.225 0.4634402 -0.3678683 1.21071
486471315.1587 0.4591385 -0.3666456 1.210203
486471348.2278 0.4596978 -0.3666131 1.210148
486471382.2231 0.4601314 -0.3666756 1.210016
486471415.1522 0.459529 -0.3664138 1.209683
486471448.2259 0.4595756 -0.3663296 1.209509
486471482.2266 0.4605634 -0.3666533 1.20927
486471515.1598 0.441355 -0.4034215 1.200903
486471548.2129 0.4656113 -0.3723268 1.209958
486471582.2616 0.4654076 -0.3743593 1.209775
486471615.1587 0.442524 -0.4113917 1.204772
486471648.2504 0.4401401 -0.4147588 1.202698
486471682.2339 0.4381561 -0.4185659 1.201863
486471715.1519 0.4316671 -0.4382741 1.198629
486471748.2145 0.4360182 -0.42366 1.200617
486471782.2271 0.4350194 -0.4268698 1.200414
486471815.155 0.4310143 -0.4404546 1.198479
486471848.2085 0.4307242 -0.4406787 1.198268
486471882.2367 0.4302494 -0.4407846 1.197988
486471915.158 0.4309235 -0.4373118 1.198842
486471948.2136 0.4297177 -0.4426658 1.198755
486471982.222 0.4297623 -0.4421415 1.199144
486472015.1446 0.42904 -0.4444319 1.199286
486472048.2142 0.4283764 -0.4466784 1.199183
486472082.2152 0.4281329 -0.4472354 1.199362
486472115.1513 0.4270777 -0.4507573 1.199474
486472148.2094 0.4265375 -0.4519359 1.199682
486472182.2224 0.4263663 -0.4524951 1.1998
486472215.1425 0.4259117 -0.4532783 1.19993
486472248.219 0.4257306 -0.4533519 1.200054
486472282.2184 0.4251831 -0.4538696 1.200142
486472315.1443 0.4162049 -0.5066538 1.19396
486472348.2196 0.4159319 -0.5074808 1.193653
486472382.2145 0.4161536 -0.5084077 1.192335
486472415.1617 0.4166378 -0.5089597 1.191712
486472448.2119 0.4178026 -0.5095983 1.191602
486472515.1495 0.4204192 -0.5109923 1.18938
486472548.2113 0.4260206 -0.4595657 1.188265
486472582.2185 0.4285836 -0.4600824 1.186526
486472615.1554 0.430481 -0.460474 1.184936
486472648.2086 0.4329433 -0.4638953 1.189829
486472682.2569 0.4339968 -0.4647527 1.191605
486472715.1811 0.4345378 -0.4651469 1.191603
486472748.2075 0.4351804 -0.4655935 1.192253
486472782.2221 0.435908 -0.464186 1.185114
486472815.141 0.4360614 -0.4644397 1.186685
486472848.2134 0.4364407 -0.4648121 1.187574
486472882.2243 0.4364829 -0.463989 1.183494
486472915.1477 0.4365623 -0.4639995 1.182937
486472948.2193 0.4345524 -0.4649197 1.194933
486472982.2339 0.4360251 -0.4645799 1.191606
486473015.1643 0.4362227 -0.4648012 1.191396
486473048.2051 0.4362384 -0.4648163 1.191561
486473082.2247 0.4367724 -0.4635517 1.183528
486473115.1538 0.4342774 -0.4184737 1.207641
486473148.2065 0.4335405 -0.4196293 1.215612
486473182.2597 0.4272879 -0.4071688 1.256462
486473215.1499 0.4222335 -0.4102688 1.204242
486473248.2042 0.4325247 -0.4194516 1.217364
486473282.2098 0.4326628 -0.4194876 1.217596
486473315.1443 0.4319021 -0.4207302 1.230529
486473348.2068 0.4342607 -0.4202752 1.222462
486473382.2178 0.4388606 -0.4645011 1.182983
486473415.1527 0.4388455 -0.4645908 1.182837
486473448.2087 0.4392792 -0.4656379 1.187008
486473482.22 0.4392866 -0.4659487 1.188078
486473515.1454 0.4390371 -0.4656466 1.184728
486473548.2273 0.4389802 -0.465603 1.184447
486473582.2103 0.4393462 -0.4660487 1.186588
486473615.1497 0.4391242 -0.4658038 1.185064
486473648.2168 0.4393053 -0.4663269 1.186947
486473682.2248 0.4392228 -0.4660383 1.185006
486473715.138 0.439439 -0.4666357 1.188166
486473748.2079 0.4396308 -0.4669568 1.189893
486473782.2168 0.4396729 -0.4664233 1.185678
486473815.1369 0.4398592 -0.4668545 1.187647
486473848.204 0.4398865 -0.4664995 1.186385
486473882.2231 0.4398684 -0.4668284 1.18784
486473915.1449 0.4395094 -0.4673435 1.190463
486473948.2045 0.4395877 -0.467191 1.190613
486473982.2155 0.439513 -0.4662862 1.186602
486474015.1491 0.4403921 -0.4669974 1.190891
486474048.2109 0.4404132 -0.4667877 1.191004
486474082.2152 0.4399842 -0.4658639 1.186591
486474115.1472 0.4401314 -0.4655807 1.185314
486474148.211 0.4400954 -0.4657292 1.185359
486474182.2117 0.4437345 -0.4554962 1.194638
486474215.1437 0.4404834 -0.465403 1.184024
486474248.2781 0.4403875 -0.4653083 1.183682
486474282.2279 0.4405657 -0.4672101 1.192828
486474315.1435 0.440625 -0.4671193 1.192701
486474348.2118 0.4406278 -0.4671184 1.19277
486474382.2178 0.440268 -0.4659219 1.186865
486474415.1358 0.4403717 -0.4662836 1.188481
486474448.2029 0.4404353 -0.465718 1.186248
486474482.2134 0.4404198 -0.4660572 1.188696
486474515.136 0.4405815 -0.466451 1.190793
486474548.2022 0.4405427 -0.4661877 1.190693
486474582.2173 0.4399114 -0.4657961 1.187914
486474615.1304 0.4399208 -0.4661567 1.189554
486474648.1958 0.4399012 -0.4662489 1.189909
486474682.2232 0.4399154 -0.4655212 1.186474
486474715.1326 0.4396717 -0.4662639 1.190058
486474748.2005 0.4400173 -0.4652639 1.185292
486474782.2139 0.4401371 -0.4654616 1.184695
486474815.1328 0.4400521 -0.4647374 1.183941
486474848.1986 0.4404238 -0.4661257 1.190138
486474882.2149 0.440507 -0.4650506 1.185014
486474915.1477 0.440484 -0.4650071 1.184861
486474948.2107 0.4404338 -0.4640663 1.184664
486474982.222 0.4396208 -0.4656284 1.191177
486475015.1463 0.4397689 -0.4658116 1.191103
486475048.2142 0.440085 -0.4645279 1.184748
486475082.2349 0.4393816 -0.4656165 1.191239
486475115.1501 0.4397842 -0.4648054 1.187208
486475148.2135 0.4400196 -0.4644579 1.185367
486475182.2191 0.4406716 -0.4657089 1.191764
486475215.1519 0.4406893 -0.465727 1.191265
486475248.2124 0.4407971 -0.4656934 1.191243
486475282.2804 0.4404961 -0.4644722 1.18474
486475315.1348 0.4403477 -0.4655968 1.18953
486475348.2151 0.4404153 -0.465596 1.189856
486475382.2104 0.4402458 -0.4647643 1.186408
486475415.1494 0.4415131 -0.4539508 1.186538
486475448.2357 0.439837 -0.4655025 1.190265
486475482.2471 0.4396912 -0.4647949 1.186292
486475515.1331 0.4397927 -0.4652942 1.18932
486475548.2072 0.4399306 -0.4653015 1.189497
486475582.207 0.4400068 -0.4653053 1.189619
486475615.139 0.4400951 -0.4645192 1.185805
486475648.1983 0.440081 -0.4643073 1.185508
486475682.2047 0.4399999 -0.4659037 1.190089
486475715.1322 0.4398027 -0.4661129 1.191567
486475748.2005 0.4387823 -0.4182407 1.221756
486475782.2073 0.4396239 -0.41832 1.224401
486475815.1389 0.4396198 -0.4183154 1.22438
486475848.2064 0.439595 -0.4182492 1.224065
486475882.2112 0.4398943 -0.4159706 1.22379
486475915.128 0.4399598 -0.4187989 1.225294
486475948.1992 0.4405591 -0.4177382 1.230611
486475982.2015 0.4411447 -0.4185466 1.234598
