486585281.8469 0.4234549 -0.647581 1.244547
486585314.7625 0.4233054 -0.647469 1.241893
486585347.8374 0.4233575 -0.6472176 1.24085
486585381.8421 0.4229608 -0.6470515 1.243113
486585414.7782 0.4228463 -0.644225 1.244097
486585447.8326 0.4247014 -0.6468088 1.247778
486585481.8591 0.4248396 -0.6440964 1.248898
486585514.7673 0.4244913 -0.6472842 1.243373
486585547.8319 0.4242822 -0.6468292 1.240646
486585581.8437 0.4231837 -0.6462796 1.245771
486585614.7736 0.4234656 -0.6432139 1.247356
486585647.8403 0.428222 -0.5870602 1.187504
486585681.8496 0.4274347 -0.6447533 1.234867
486585714.7746 0.4259453 -0.6437341 1.233654
486585747.8327 0.4257095 -0.6435404 1.233754
486585781.8485 0.4248304 -0.6480979 1.231247
486585814.7707 0.4248958 -0.6473805 1.232832
486585847.8304 0.4243644 -0.6470239 1.23351
486585881.8548 0.4239824 -0.6464452 1.233199
486585914.7819 0.4238496 -0.6476575 1.235645
486585947.8433 0.4240036 -0.6477201 1.235715
486585981.8411 0.4241521 -0.645668 1.235483
486586014.7792 0.4235804 -0.6468477 1.240004
486586047.8274 0.4226771 -0.6487187 1.236054
486586081.8482 0.4222841 -0.649868 1.236077
486586114.7777 0.4224837 -0.6504392 1.236235
486586147.8391 0.4257282 -0.588107 1.231357
486586181.9112 0.4231602 -0.647553 1.237248
486586214.8157 0.4339975 -0.5816737 1.211855
486586247.8372 0.4235212 -0.6434897 1.234801
486586281.8489 0.4237321 -0.6460161 1.236619
486586314.767 0.4235612 -0.6456516 1.236355
486586347.8419 0.4263301 -0.5884643 1.233753
486586381.8388 0.428338 -0.5913638 1.251503
486586414.7655 0.4245178 -0.6451128 1.236711
486586447.8675 0.4247714 -0.6427147 1.236443
486586481.8833 0.4287246 -0.5852116 1.252889
486586514.7595 0.4256421 -0.6342225 1.234717
486586547.8393 0.4250355 -0.6440134 1.236113
486586581.8334 0.4249623 -0.643114 1.236873
486586614.7642 0.4297476 -0.5836018 1.193053
486586647.8243 0.4363965 -0.5226807 1.206347
486586681.8438 0.4243081 -0.6350474 1.23865
486586714.842 0.4237265 -0.644213 1.239876
486586747.8425 0.4287326 -0.5877065 1.249932
486586781.8432 0.4285913 -0.5881295 1.249837
486586814.7666 0.4197773 -0.6363724 1.232009
486586847.8353 0.4199751 -0.6368271 1.232459
486586881.8356 0.434195 -0.5785241 1.211956
486586914.7766 0.4286925 -0.596593 1.254782
486586947.8408 0.4226492 -0.6315435 1.240105
486586981.848 0.4226652 -0.633579 1.239225
486587014.764 0.4226398 -0.634349 1.23845
486587047.8295 0.4231697 -0.6362668 1.236753
486587081.842 0.4236983 -0.6452786 1.236755
486587114.7584 0.4239171 -0.6474878 1.24155
486587147.8239 0.4242467 -0.6498618 1.244584
486587181.848 0.4244913 -0.6513427 1.246555
486587214.7841 0.4292297 -0.5895122 1.188573
486587247.831 0.4268676 -0.6486203 1.249563
486587281.8428 0.4248571 -0.6443858 1.243431
486587314.7678 0.4277208 -0.5886934 1.243842
486587347.8357 0.4276221 -0.5886064 1.24254
486587381.8417 0.4331927 -0.5151666 1.205817
486587414.7856 0.4278226 -0.5888721 1.186751
486587447.8326 0.4278551 -0.5882478 1.186817
486587481.8398 0.4336504 -0.5222759 1.206003
486587514.7673 0.4282765 -0.5859385 1.18717
486587547.8204 0.4277637 -0.5940848 1.186153
486587581.8342 0.4228589 -0.6451833 1.253843
486587614.8406 0.4275858 -0.5879309 1.206142
486587647.8313 0.4210973 -0.5130927 1.200687
486587681.8508 0.4280169 -0.5205648 1.189428
486587714.7635 0.4071881 -0.509608 1.205165
486587747.8306 0.4154499 -0.5122269 1.205418
486587781.8498 0.4270792 -0.5207878 1.185948
486587814.7547 0.4277732 -0.5930662 1.186132
486587847.8402 0.4249329 -0.6432356 1.240774
486587881.8327 0.4247948 -0.6418627 1.240435
486587914.7729 0.4277795 -0.5897161 1.186608
486587947.833 0.4353531 -0.5166046 1.203904
486587981.8337 0.4282084 -0.5971073 1.251839
486588014.7607 0.4229312 -0.643446 1.240329
486588047.8217 0.4266859 -0.591839 1.239473
486588081.8318 0.4280144 -0.5920617 1.1881
486588114.7621 0.4280144 -0.5920617 1.1881
486588147.8391 0.4244315 -0.6457121 1.240761
486588181.8332 0.4243973 -0.64644 1.24846
486588214.78 0.4248957 -0.6499333 1.251987
486588247.8323 0.4252658 -0.650812 1.252848
486588281.8374 0.425881 -0.650594 1.253511
486588314.7744 0.4259777 -0.6505854 1.253581
486588347.8357 0.42736 -0.6510623 1.251542
486588381.8343 0.4282937 -0.6500723 1.257325
486588414.7557 0.4285002 -0.6494851 1.259181
486588447.8309 0.4277817 -0.6493116 1.259403
486588481.8439 0.4276466 -0.6495199 1.259416
486588514.8572 0.4263991 -0.6498269 1.258127
486588547.8734 0.426303 -0.6498517 1.258176
486588581.833 0.4264019 -0.6496534 1.258272
486588614.7535 0.4262352 -0.6492441 1.25838
486588647.8235 0.4244148 -0.6492716 1.255324
486588681.8463 0.4234919 -0.6489961 1.253114
486588714.7627 0.4231456 -0.6487825 1.249543
486588747.831 0.4221401 -0.6474485 1.245506
486588781.8366 0.420244 -0.6440655 1.239744
486588814.7514 0.4115444 -0.6379121 1.288224
486588847.8304 0.4203607 -0.6295474 1.215369
486588881.8458 0.4190976 -0.6386751 1.222971
486588914.7606 0.418344 -0.6375262 1.221425
486588947.8186 0.4166724 -0.6332747 1.213331
486588981.8419 0.4089151 -0.6410316 1.283195
486589014.7887 0.4049345 -0.6411133 1.27923
486589047.8213 0.4102673 -0.6252165 1.19974
486589081.8379 0.4092078 -0.6275825 1.205163
486589114.7531 0.3987866 -0.6455603 1.25907
486589147.8465 0.3989942 -0.6453212 1.261584
486589181.8512 0.4070017 -0.631623 1.2056
486589214.7956 0.402238 -0.6322614 1.308296
486589247.8294 0.4072408 -0.6261421 1.210541
486589281.8387 0.4072928 -0.6260461 1.210051
486589314.7686 0.3918779 -0.6356362 1.294458
486589347.823 0.4147943 -0.5817116 1.25127
486589381.8413 0.4068617 -0.6292952 1.31904
486589414.7659 0.4103912 -0.6122128 1.309969
486589447.8301 0.4194097 -0.6281034 1.247759
486589481.8353 0.4008942 -0.6284725 1.29538
486589514.7649 0.4151163 -0.5639492 1.238469
486589547.8192 0.4325707 -0.5064961 1.209927
486589581.8277 0.4475079 -0.4603448 1.214402
486589614.7716 0.4476767 -0.4603881 1.214259
486589647.8321 0.4475153 -0.4607124 1.214177
486589681.8369 0.4470578 -0.4615956 1.213912
486589714.7586 0.4462958 -0.4628318 1.213806
486589747.8294 0.4455057 -0.4638342 1.213725
486589781.8317 0.4373112 -0.4812692 1.209125
486589814.7604 0.4372717 -0.4793591 1.209175
486589847.8402 0.4371113 -0.4787404 1.209308
486589881.8429 0.4367708 -0.4781896 1.209428
486589914.7552 0.4362403 -0.4775449 1.209424
486589947.8141 0.435109 -0.4772543 1.209117
486589981.8218 0.4337011 -0.4771121 1.209165
486590014.7624 0.4291699 -0.4802407 1.20859
486590047.8139 0.4118919 -0.5025532 1.210591
486590081.831 0.4071503 -0.5089524 1.212028
486590114.7511 0.4065172 -0.5081961 1.212052
486590147.8329 0.4052069 -0.5076125 1.2119
486590181.8332 0.4034121 -0.5071406 1.211434
486590214.7631 0.4023921 -0.506604 1.211245
486590247.8199 0.3987054 -0.5073504 1.211756
486590281.8272 0.3980246 -0.500573 1.211999
486590314.7658 0.39844 -0.4929486 1.212177
486590347.8164 0.3981492 -0.4893179 1.212519
486590381.8351 0.3151741 -0.5715953 1.103358
486590414.7602 0.3146547 -0.5710352 1.10166
486590447.8273 0.3133862 -0.5697887 1.099536
486590481.8263 0.3124489 -0.5691674 1.098502
486590514.7595 0.3101826 -0.5662999 1.095514
486590547.8208 0.3095455 -0.5649004 1.095365
486590581.8326 0.3081577 -0.5616863 1.097083
486590614.7548 0.3045098 -0.5549274 1.094176
486590647.8231 0.3023308 -0.5516499 1.092955
486590681.8319 0.2978028 -0.5419865 1.089728
486590714.766 0.4005335 -0.4251985 1.205289
486590747.8195 0.4002443 -0.4251975 1.205006
486590781.8428 0.399777 -0.4250582 1.205631
486590814.7461 0.3986824 -0.4247245 1.206019
486590847.8234 0.3971367 -0.4241239 1.20725
486590881.8376 0.3959506 -0.4233623 1.207904
486590914.7458 0.3944053 -0.4225528 1.209254
486590947.8166 0.3931673 -0.4213209 1.209921
486590981.8357 0.3920243 -0.4202207 1.210114
486591014.7562 0.3907473 -0.4192375 1.210373
486591047.8172 0.3898852 -0.4179727 1.210929
486591081.8572 0.3879452 -0.4175809 1.211894
486591114.7626 0.3861768 -0.4162915 1.212629
486591147.8276 0.3848464 -0.4149412 1.213924
486591181.8258 0.3828812 -0.4138105 1.215679
486591214.7479 0.3805994 -0.4125971 1.217143
486591247.8269 0.3776628 -0.4132906 1.218891
486591281.8255 0.3752765 -0.412144 1.22022
486591314.7448 0.3737812 -0.4109886 1.221182
486591347.8156 0.3716038 -0.4100133 1.221956
486591381.8191 0.3696398 -0.409552 1.222632
486591414.7524 0.367705 -0.4076917 1.222935
486591447.8141 0.3661192 -0.4059398 1.223712
486591481.8349 0.3632453 -0.4036654 1.224451
486591514.7579 0.36011 -0.4015522 1.22517
486591547.8213 0.3567826 -0.3991898 1.225601
486591581.8342 0.3525366 -0.3982051 1.226556
486591614.7605 0.3501646 -0.3966912 1.227201
486591647.8161 0.3368282 -0.4018769 1.231759
486591681.8225 0.3348748 -0.3995276 1.231786
486591714.741 0.3355102 -0.3967618 1.231801
486591747.8105 0.3360672 -0.3944706 1.232458
486591781.821 0.3351488 -0.3922618 1.232121
486591814.7485 0.3344119 -0.3893762 1.231833
486591847.8197 0.3327082 -0.3853258 1.231289
486591881.8183 0.3321613 -0.380788 1.231199
486591914.7536 0.3322111 -0.3778841 1.231619
486591947.8231 0.3343408 -0.3730896 1.232046
486591981.8205 0.3351378 -0.3689661 1.23175
486592014.7472 0.3371903 -0.3650555 1.2324
486592047.8245 0.3391609 -0.3590707 1.230127
486592081.8371 0.3423102 -0.3553387 1.230707
486592114.747 0.3438903 -0.352493 1.230789
486592147.8452 0.3447485 -0.3495053 1.231593
486592181.8418 0.3443041 -0.3467901 1.231932
486592214.7545 0.3437717 -0.3439165 1.232441
486592247.8392 0.3435524 -0.3421866 1.232738
486592281.8387 0.3432666 -0.3403674 1.233378
486592314.7411 0.3435067 -0.3392521 1.233781
486592347.8168 0.3439959 -0.3384774 1.234084
486592381.8179 0.3442051 -0.3372489 1.234231
486592414.745 0.3449645 -0.3364145 1.2342
486592447.8075 0.3455667 -0.3359124 1.234299
486592481.8144 0.3459945 -0.3354253 1.234155
486592514.7447 0.3458348 -0.3348005 1.234254
486592547.8073 0.3461837 -0.334527 1.234324
486592581.8301 0.3463114 -0.3343315 1.234304
486592614.7453 0.3461948 -0.333887 1.23428
486592647.8235 0.3462698 -0.3337394 1.234134
486592681.8319 0.3462548 -0.333721 1.234132
486592714.7664 0.3459773 -0.333658 1.234199
486592747.8158 0.3455915 -0.3337441 1.234185
486592781.8235 0.3453013 -0.3339768 1.233885
486592814.7539 0.3451942 -0.3344431 1.23346
486592847.8345 0.3450966 -0.3355025 1.232581
486592881.836 0.3454383 -0.3369408 1.231324
486592914.7565 0.3462352 -0.3392069 1.229874
486592947.8121 0.3443861 -0.3427377 1.228217
486592981.8193 0.3427175 -0.3460326 1.226819
486593014.7378 0.3402526 -0.3503687 1.224674
486593047.8176 0.3397167 -0.354467 1.224798
486593081.8273 0.3406166 -0.3603877 1.225223
486593114.7556 0.3422301 -0.366145 1.224816
486593147.8144 0.34294 -0.372022 1.224876
486593181.8467 0.3441583 -0.3777168 1.225234
486593214.7512 0.3462688 -0.3828986 1.225779
486593247.8134 0.3470191 -0.3866343 1.226076
486593281.8259 0.3486147 -0.3911017 1.225705
486593314.7506 0.3502551 -0.3955819 1.226039
486593347.8098 0.351945 -0.4001194 1.226874
486593381.8278 0.3539123 -0.4036531 1.226835
486593414.7528 0.3560416 -0.4074691 1.227373
486593447.8084 0.3568092 -0.4104588 1.227207
486593481.814 0.3579027 -0.4134612 1.227816
486593514.739 0.3587444 -0.4159134 1.227998
486593547.8085 0.3597329 -0.4183174 1.228135
486593581.8149 0.3609357 -0.4205499 1.228456
486593614.7453 0.362112 -0.4228814 1.228929
486593647.8038 0.377774 -0.4215779 1.227056
486593681.8311 0.382145 -0.421707 1.227189
486593714.7512 0.3857496 -0.4219887 1.227008
486593747.829 0.3876546 -0.4224362 1.226715
486593781.8461 0.3899836 -0.4229911 1.226665
486593814.7477 0.3924006 -0.4236553 1.226621
486593847.8103 0.3963705 -0.4238187 1.226299
486593881.8113 0.3980533 -0.4244104 1.226142
486593914.7483 0.4005936 -0.4248169 1.226427
486593947.8071 0.4011734 -0.4255185 1.22616
486593981.8156 0.4014321 -0.4267054 1.226048
486594014.7419 0.4022537 -0.4280724 1.22611
486594047.8102 0.4023225 -0.429913 1.225395
486594081.8137 0.4015376 -0.4339843 1.225959
486594114.7379 0.4013759 -0.436641 1.226052
486594147.8021 0.4014733 -0.4384195 1.224917
486594181.8254 0.4000492 -0.44403 1.226413
486594214.7541 0.3995388 -0.4466855 1.226166
486594247.8093 0.3998522 -0.4488172 1.226397
486594281.8173 0.4028379 -0.4493329 1.225887
486594314.737 0.4079007 -0.4490016 1.223756
486594347.8119 0.4097262 -0.4498084 1.222621
486594381.8204 0.4115365 -0.4511716 1.221692
486594414.7483 0.4128842 -0.4536753 1.221366
486594447.8047 0.4142394 -0.4558047 1.221128
486594481.8213 0.4154441 -0.4579331 1.220725
486594514.7443 0.4168591 -0.4592502 1.219605
486594547.8057 0.4168945 -0.4638778 1.21798
486594581.8149 0.4169758 -0.467464 1.217797
486594614.7396 0.4171157 -0.4719841 1.217343
486594647.8066 0.4173065 -0.4747474 1.217322
486594681.8139 0.4171619 -0.477535 1.216358
486594714.7451 0.417585 -0.4786508 1.216342
486594747.8097 0.4199837 -0.4785303 1.216322
486594781.8128 0.4211619 -0.4792367 1.216469
486594814.7432 0.421753 -0.4794737 1.216332
486594847.8098 0.4222795 -0.4805744 1.216162
486594881.815 0.422936 -0.4809716 1.216169
486594914.7479 0.4246859 -0.4801956 1.215393
486594947.8125 0.4222686 -0.4889493 1.213854
486594981.8152 0.42383 -0.4894388 1.213005
486595014.7394 0.4253287 -0.4902395 1.212176
486595047.7983 0.4268194 -0.491008 1.211565
486595081.8519 0.4282239 -0.4919188 1.210515
486595114.7428 0.4300349 -0.4928773 1.209605
486595147.8169 0.4312646 -0.4934562 1.209643
486595181.8192 0.4344032 -0.4946512 1.20751
486595214.7364 0.4359847 -0.4952165 1.20734
486595247.8241 0.4369927 -0.4955425 1.206729
486595281.8136 0.4380177 -0.4958148 1.206138
486595314.7407 0.4391892 -0.4957955 1.206187
486595347.8094 0.440524 -0.4950463 1.206142
486595381.8183 0.4412536 -0.4950478 1.206082
486595414.736 0.4472223 -0.4986905 1.209262
486595447.8071 0.4451503 -0.4964461 1.205862
486595481.816 0.4454196 -0.4961326 1.205822
486595514.7373 0.4458517 -0.4960537 1.205755
486595547.8024 0.4460656 -0.4958749 1.205771
486595581.8158 0.4515394 -0.4709814 1.213802
486595614.7375 0.4515652 -0.4711934 1.213804
486595647.8034 0.4515748 -0.4712383 1.213802
486595681.8258 0.4515952 -0.4712589 1.213832
486595714.7373 0.4504528 -0.5029062 1.207174
486595747.7998 0.443476 -0.4973058 1.205419
486595781.8054 0.4482218 -0.5019189 1.207191
486595814.7469 0.4482217 -0.5019238 1.207211
486595847.8103 0.4481809 -0.5019075 1.207178
486595881.8228 0.4481545 -0.5019009 1.207206
486595914.7388 0.4394611 -0.4970857 1.205292
486595947.7924 0.4228729 -0.6271042 1.209486
486595981.8082 0.4459804 -0.503406 1.208174
486596014.7337 0.4391638 -0.4993737 1.204058
486596047.8167 0.441772 -0.4918809 1.206591
486596081.8096 0.4424929 -0.4903584 1.206844
486596114.7424 0.4267932 -0.6293935 1.2435
486596147.796 0.4430099 -0.5071495 1.205226
486596181.8213 0.4429373 -0.5070647 1.205178
486596214.7455 0.4378992 -0.5672122 1.199426
486596247.7998 0.4369707 -0.5681033 1.197961
486596281.8054 0.4359854 -0.5698343 1.196594
486596314.7411 0.4376251 -0.546602 1.197124
486596347.8111 0.4376933 -0.5698627 1.19533
486596381.8163 0.4370073 -0.57087 1.194572
486596414.745 0.429947 -0.551461 1.249734
486596447.8141 0.4284338 -0.5696571 1.253889
486596481.8209 0.4273812 -0.563179 1.246408
486596514.7345 0.4274629 -0.5639508 1.246494
486596547.7958 0.4140217 -0.628784 1.198921
486596581.8055 0.4270838 -0.550892 1.254376
486596614.7371 0.4271681 -0.5507234 1.253951
486596647.7956 0.4156771 -0.637121 1.231816
486596681.8118 0.4221302 -0.5592633 1.246335
486596714.7475 0.4206406 -0.5979681 1.212103
486596747.8089 0.4175994 -0.6031117 1.244166
486596781.8038 0.4187852 -0.596822 1.242265
486596814.7424 0.4240345 -0.5395475 1.243538
486596847.7901 0.4238856 -0.5407835 1.243638
486596881.8023 0.4192745 -0.5996023 1.251862
486596914.7269 0.4220598 -0.5673348 1.245254
486596947.8002 0.4168969 -0.6156559 1.22038
486596981.8074 0.419562 -0.5883015 1.231795
486597014.7423 0.4222568 -0.617304 1.224458
486597047.7974 0.4195304 -0.5659764 1.244163
486597081.801 0.4209434 -0.5526527 1.239781
486597114.7297 0.4238727 -0.5283292 1.236417
486597147.8009 0.4215726 -0.5776977 1.237202
486597181.8098 0.4215348 -0.577924 1.237152
486597214.7422 0.4217467 -0.5273697 1.231689
486597247.8039 0.4217467 -0.5272391 1.231742
486597281.8132 0.4217522 -0.5272532 1.231763
486597314.7428 0.4217977 -0.5273216 1.231943
486597347.8172 0.4218051 -0.5272844 1.232009
486597381.8048 0.4296862 -0.5119379 1.198464
486597414.7282 0.4233554 -0.5151139 1.216343
486597447.8121 0.4223079 -0.5179954 1.219417
486597481.8082 0.4189294 -0.5685115 1.232437
486597514.7382 0.4191153 -0.5692711 1.233341
486597547.7925 0.4214318 -0.535938 1.237579
486597581.817 0.4217509 -0.5357413 1.238839
486597614.7305 0.4218746 -0.5342924 1.238451
486597647.8042 0.428669 -0.5144701 1.201743
486597681.8048 0.4289953 -0.514731 1.200841
486597714.7397 0.4236388 -0.5371889 1.247312
486597747.7941 0.4176636 -0.5811121 1.242208
486597781.8013 0.4229168 -0.5408678 1.246017
486597814.7448 0.4231152 -0.5403992 1.24595
486597847.8029 0.4229842 -0.5398323 1.245779
486597881.8072 0.4222359 -0.5369805 1.243551
486597914.722 0.4212631 -0.5347062 1.240506
486597947.7932 0.4204806 -0.5331751 1.23814
486597981.8008 0.4194203 -0.5314819 1.235077
486598014.7673 0.4188392 -0.5299112 1.233238
486598047.7999 0.4185412 -0.5292527 1.232441
486598081.8047 0.4225754 -0.5204328 1.216903
486598114.7342 0.4197533 -0.5979434 1.200857
486598147.8009 0.4190097 -0.5288568 1.232674
486598181.8135 0.4190093 -0.5289432 1.232716
486598214.7471 0.4123769 -0.5801697 1.245473
486598247.8035 0.418855 -0.5289748 1.232341
486598281.805 0.4218412 -0.5295709 1.216348
486598314.7251 0.4216719 -0.5308649 1.213431
486598347.7926 0.4190072 -0.5321462 1.218349
486598381.799 0.4180679 -0.5327142 1.218737
486598414.7396 0.4141855 -0.5874513 1.23383
486598447.7944 0.413564 -0.5873846 1.23394
486598481.8842 0.4175974 -0.590769 1.21136
486598514.7353 0.417709 -0.5981929 1.206804
486598547.8069 0.4175774 -0.6018791 1.206235
486598581.8026 0.4178495 -0.6038349 1.206125
486598614.724 0.4180776 -0.6052614 1.206215
486598647.7853 0.4182463 -0.6063893 1.206133
486598681.8024 0.41397 -0.5313588 1.222733
486598714.7369 0.4214134 -0.6162177 1.208582
486598747.7875 0.4217442 -0.5292516 1.208781
486598781.8001 0.417553 -0.5327061 1.225201
486598814.7243 0.4191858 -0.5290759 1.219326
486598847.7864 0.4197318 -0.5280384 1.216264
486598881.822 0.4199521 -0.5259979 1.215051
486598914.7286 0.41998 -0.5249338 1.213607
486598947.7911 0.4172612 -0.526201 1.216196
486598981.8205 0.4175234 -0.5245733 1.214145
486599014.7193 0.4159668 -0.5271585 1.215925
486599047.7868 0.4164365 -0.5287307 1.215932
486599081.8092 0.4166315 -0.5294018 1.215821
486599114.7346 0.4170352 -0.5772437 1.23103
486599147.7976 0.4165195 -0.5773861 1.231193
486599181.7999 0.4152717 -0.530681 1.215621
486599214.718 0.419692 -0.617238 1.204658
486599247.7826 0.4196475 -0.6170586 1.204659
