481180965.8269 0.4324131 -0.4190929 1.202468
481180998.7576 0.4324986 -0.4190675 1.202245
481181031.8025 0.4325114 -0.4189964 1.202217
481181065.8254 0.4325412 -0.4190575 1.202043
481181098.7467 0.432543 -0.4191301 1.201853
481181131.8257 0.432558 -0.4191106 1.201724
481181165.8461 0.4325136 -0.4193008 1.201644
481181198.7555 0.4325396 -0.4192694 1.201578
481181231.8842 0.43256 -0.4193016 1.2015
481181265.8232 0.4325484 -0.4192671 1.201428
481181298.745 0.4326186 -0.4193013 1.201308
481181331.8059 0.4326938 -0.4192892 1.201117
481181365.8238 0.4327526 -0.4194084 1.201048
481181398.7595 0.432825 -0.4194021 1.20088
481181431.8057 0.4328841 -0.4193609 1.200801
481181465.8392 0.4329337 -0.419381 1.200775
481181498.7437 0.4330569 -0.419409 1.200771
481181531.8075 0.433091 -0.4194081 1.200706
481181565.8291 0.4332256 -0.419357 1.200411
481181598.7603 0.4332532 -0.4193501 1.200368
481181631.8044 0.433332 -0.4191761 1.200354
481181665.8247 0.433358 -0.4191917 1.200455
481181698.7522 0.4334586 -0.4191966 1.2004
481181731.8004 0.4334911 -0.4191586 1.200406
481181765.8278 0.4339587 -0.415243 1.200856
481181798.7392 0.4339551 -0.4155137 1.200729
481181831.8018 0.4339893 -0.4156249 1.200686
481181865.814 0.4339614 -0.4159738 1.200569
481181898.739 0.4339432 -0.4162477 1.200507
481181931.8217 0.4339082 -0.4167434 1.200374
481181965.8113 0.4339626 -0.4168341 1.200274
481181998.7527 0.4339302 -0.4171496 1.200187
481182031.7976 0.432714 -0.4279874 1.197731
481182065.8102 0.4329545 -0.4260449 1.198067
481182098.7557 0.4330016 -0.4256197 1.198106
481182131.8085 0.4330662 -0.425141 1.198199
481182165.8223 0.4332093 -0.4241143 1.198427
481182198.7485 0.4332625 -0.4238838 1.198525
481182231.8057 0.4332943 -0.423705 1.198604
481182265.8364 0.4333276 -0.4234138 1.198667
481182298.7684 0.4333259 -0.4234175 1.198665
481182331.8076 0.433677 -0.4196388 1.199347
481182365.8246 0.433676 -0.4196505 1.199345
481182398.7423 0.4336876 -0.4196784 1.199371
481182431.8012 0.4337517 -0.4196971 1.199369
481182465.8277 0.4337598 -0.419695 1.199326
481182498.8143 0.4337752 -0.419589 1.199308
481182531.8046 0.4337685 -0.419584 1.199345
481182565.8233 0.4337732 -0.4195995 1.199303
481182598.7545 0.4337535 -0.4197966 1.199246
481182631.8072 0.4337304 -0.4200729 1.199206
481182665.8342 0.4337548 -0.4200598 1.19925
481182698.7682 0.4337569 -0.4200329 1.199253
481182731.7992 0.433751 -0.4200699 1.199251
481182765.8146 0.4337533 -0.4200405 1.199249
481182798.7606 0.4337452 -0.4200762 1.199249
481182831.7989 0.4337245 -0.4203101 1.199199
481182865.832 0.4337543 -0.4202249 1.199205
481182898.7464 0.4337718 -0.4203061 1.199146
481182931.8163 0.433773 -0.4202911 1.199171
481182965.8117 0.4337924 -0.4201832 1.199236
481182998.7351 0.433814 -0.4202339 1.199245
481183031.7997 0.433818 -0.4204192 1.199181
481183065.8114 0.4338352 -0.4204246 1.199175
481183098.7332 0.4338318 -0.4205038 1.199157
481183131.8019 0.4338854 -0.4205047 1.199107
481183165.8288 0.4338985 -0.4205324 1.199124
481183198.7814 0.43389 -0.4205126 1.198973
481183231.8119 0.4338973 -0.4204446 1.199005
481183265.8282 0.4338883 -0.4204387 1.199005
481183298.7516 0.4338954 -0.4204354 1.199041
481183331.8034 0.4343342 -0.4166363 1.199688
481183365.8205 0.4343179 -0.4169218 1.199601
481183398.7369 0.4343371 -0.4167146 1.199603
481183431.8085 0.4343212 -0.4169774 1.199553
481183465.8269 0.4342826 -0.4172321 1.199529
481183498.7408 0.4342819 -0.4173226 1.199489
481183531.8001 0.4342514 -0.417655 1.199423
481183565.8151 0.4342166 -0.4179742 1.199383
481183598.7377 0.4342147 -0.4181252 1.199374
481183631.8089 0.4342136 -0.418336 1.199307
481183665.8202 0.4343387 -0.4184121 1.199309
481183698.7399 0.4344458 -0.4174356 1.199486
481183731.7971 0.4344129 -0.4177812 1.199446
481183765.8113 0.4343915 -0.4181139 1.19943
481183798.7429 0.4343773 -0.4184027 1.199384
481183831.8014 0.4343623 -0.4184861 1.199392
481183865.8226 0.4343262 -0.4189086 1.199342
481183898.7398 0.4343565 -0.4190392 1.199364
481183931.7962 0.4343151 -0.4193988 1.199272
481183965.8076 0.4343033 -0.419517 1.199227
481183998.7367 0.4342709 -0.4197192 1.199099
481184031.8071 0.4342678 -0.4197748 1.199089
481184065.8196 0.4342605 -0.4198625 1.199055
481184098.7434 0.4342633 -0.4198835 1.199052
481184131.8064 0.4343432 -0.4200656 1.199059
481184165.8042 0.4343762 -0.419553 1.199154
481184198.7374 0.4343441 -0.4198263 1.199084
481184231.8004 0.4343942 -0.4192722 1.199172
481184265.8216 0.4343647 -0.4194521 1.199127
481184298.7388 0.4343739 -0.4194632 1.199118
481184331.8084 0.434365 -0.4195509 1.199108
481184365.8222 0.4343429 -0.4197238 1.199064
481184398.7365 0.4343077 -0.4197696 1.199082
481184431.7999 0.4342963 -0.4197911 1.199097
481184465.81 0.4342891 -0.4198037 1.199087
481184498.7502 0.4342498 -0.4199795 1.199052
481184531.8013 0.434217 -0.4202642 1.199028
481184565.8295 0.4341966 -0.4202658 1.199057
481184598.7291 0.4342003 -0.4202319 1.19906
481184631.8409 0.4341635 -0.4202519 1.198992
481184665.8136 0.4341473 -0.4203688 1.198938
481184698.7682 0.434179 -0.4199838 1.198982
481184731.8012 0.4341873 -0.4200105 1.198972
481184765.8175 0.4340281 -0.4201118 1.199283
481184798.7392 0.4340051 -0.420097 1.199163
481184831.794 0.4340205 -0.4201595 1.199134
481184865.807 0.4340621 -0.4202058 1.199173
481184898.7452 0.4349087 -0.4191597 1.199519
481184931.7938 0.4339873 -0.4289805 1.197635
481184965.8051 0.4340135 -0.4280939 1.198061
481184998.7297 0.4340967 -0.4273849 1.198335
481185031.798 0.4341738 -0.4265601 1.198435
481185065.8168 0.4341678 -0.4261318 1.198815
481185098.7426 0.4342074 -0.4255672 1.198893
481185131.8064 0.4342129 -0.4252233 1.198821
481185165.8058 0.4344227 -0.4230439 1.199309
481185198.7218 0.4344185 -0.4228746 1.199226
481185231.7943 0.4343945 -0.4227591 1.199196
481185265.8179 0.4342616 -0.4227042 1.19944
481185298.7331 0.4342307 -0.4227238 1.199435
481185331.7977 0.4342176 -0.4226065 1.199437
481185365.8205 0.4342248 -0.422486 1.199219
481185398.7341 0.4342158 -0.4224995 1.199214
481185431.7938 0.4342001 -0.4223557 1.199084
481185465.8199 0.434193 -0.4223299 1.199097
481185498.7363 0.434194 -0.4223258 1.199096
481185531.7911 0.4341762 -0.4223121 1.199043
481185565.8894 0.4341809 -0.4223208 1.199018
481185598.7356 0.4341942 -0.4222116 1.199018
481185631.7986 0.4342057 -0.4222572 1.198924
481185665.8083 0.4342051 -0.4222696 1.198927
481185698.7465 0.434209 -0.4222888 1.198907
481185731.7992 0.4342058 -0.4222842 1.198895
481185765.7982 0.4342079 -0.4222683 1.198886
481185798.7401 0.4341846 -0.4222502 1.198853
481185831.7998 0.4341991 -0.4222335 1.198829
481185865.7984 0.4342169 -0.4221333 1.198874
481185898.7513 0.4342339 -0.4219571 1.198935
481185931.8016 0.4342194 -0.4219976 1.198929
481185965.8256 0.434229 -0.421985 1.198913
481185998.733 0.4342395 -0.4217983 1.198974
481186031.796 0.4342789 -0.4217466 1.198974
481186065.8143 0.4342826 -0.4217462 1.198983
481186098.7315 0.4343178 -0.4215062 1.199019
481186131.7888 0.434324 -0.4214895 1.19903
481186165.8145 0.4343253 -0.4215348 1.198984
481186198.7292 0.4343376 -0.4215271 1.198946
481186231.7869 0.4343461 -0.4215278 1.198964
481186265.8023 0.4343593 -0.4214002 1.198996
481186298.7224 0.434361 -0.4214045 1.19896
481186331.7883 0.434366 -0.4213735 1.198976
481186365.8148 0.4343892 -0.4212421 1.19904
481186398.7353 0.4343979 -0.4212267 1.199072
481186431.7979 0.434414 -0.421234 1.199076
481186465.8055 0.4344269 -0.4212045 1.199024
481186498.7379 0.4344077 -0.4212291 1.198953
481186531.821 0.4344305 -0.4212418 1.198903
481186565.8155 0.4344499 -0.4212247 1.198883
481186598.7262 0.4344564 -0.4212182 1.198852
481186631.7949 0.4344595 -0.4212588 1.198843
481186665.7972 0.4346003 -0.4210101 1.198854
481186698.7231 0.4346538 -0.4210123 1.198798
481186731.7914 0.4347881 -0.4208101 1.1987
481186765.8044 0.4351746 -0.418195 1.198917
481186798.7236 0.4353855 -0.4180298 1.198734
481186831.7973 0.4357799 -0.4144847 1.199278
481186865.8 0.4359781 -0.414621 1.19915
481186898.7205 0.4360719 -0.4146758 1.199109
481186931.8061 0.4350077 -0.4256739 1.196676
481186965.7961 0.4354087 -0.4231498 1.197081
481186998.7227 0.4356664 -0.4221217 1.196886
481187031.7906 0.4355982 -0.4264241 1.195501
481187065.8139 0.4357556 -0.425276 1.195808
481187098.7984 0.4361335 -0.4244922 1.195409
481187131.8048 0.4363635 -0.4241017 1.195208
481187165.8161 0.436437 -0.4241053 1.195361
481187198.7268 0.435617 -0.4329433 1.193491
481187231.7938 0.4355015 -0.4350753 1.192981
481187265.7982 0.4354102 -0.4363282 1.192557
481187298.7216 0.4360218 -0.431587 1.194024
481187331.8055 0.4356884 -0.4354821 1.193158
481187365.814 0.4360854 -0.4315041 1.194132
481187398.725 0.4356735 -0.4362091 1.193051
481187431.7847 0.4355714 -0.4370934 1.192844
481187465.8117 0.4363192 -0.4312586 1.194312
481187498.7375 0.4360452 -0.436482 1.192313
481187531.7861 0.4375754 -0.4309768 1.194019
481187565.811 0.4375786 -0.4332611 1.193577
481187598.7213 0.4381202 -0.429098 1.194686
481187631.7904 0.4378932 -0.4322431 1.194109
481187665.8021 0.4381091 -0.4337463 1.193142
481187698.751 0.4385519 -0.428682 1.19461
481187731.7885 0.4471928 -0.4961012 1.204746
481187765.7957 0.4495915 -0.4864821 1.195954
481187798.7195 0.4438769 -0.4238148 1.199442
481187831.7973 0.4436576 -0.4235085 1.19938
481187865.7963 0.4439564 -0.4187475 1.200274
481187898.7328 0.4443146 -0.4187076 1.199863
481187931.7938 0.4451165 -0.4182643 1.199221
481187965.792 0.4453099 -0.4183218 1.199091
481187998.7227 0.4451622 -0.4302653 1.196578
481188031.7894 0.4458979 -0.4270849 1.196698
481188065.8205 0.4459691 -0.4347517 1.194546
481188098.7315 0.4463921 -0.4274926 1.196032
481188131.7883 0.4465872 -0.4245083 1.196497
481188165.8021 0.4467707 -0.4211361 1.196784
481188198.721 0.4468472 -0.4205185 1.196362
481188231.7877 0.4469962 -0.4751669 1.192346
481188265.799 0.4486228 -0.4138 1.196839
481188298.715 0.4492647 -0.4128191 1.197365
481188331.8022 0.4478869 -0.4677373 1.192549
481188365.7947 0.4520438 -0.4059472 1.194546
481188398.7127 0.4479824 -0.4619139 1.19031
481188431.7847 0.4515204 -0.4242606 1.194472
481188465.8039 0.4527279 -0.414573 1.195368
481188498.7236 0.4533582 -0.4430363 1.190913
481188531.7869 0.4536051 -0.4377599 1.190745
481188565.809 0.4482839 -0.4336349 1.186501
481188598.7204 0.4605809 -0.4301181 1.184985
481188631.7888 0.4659649 -0.4140789 1.186397
481188665.8317 0.4699849 -0.4016266 1.187534
481188698.7321 0.4725648 -0.39752 1.187869
481188731.7836 0.4761085 -0.3909698 1.187409
481188765.7908 0.4878785 -0.3566141 1.190995
481188798.7236 0.4892237 -0.3545968 1.190486
481188831.7768 0.5033197 -0.3222404 1.191467
481188865.7955 0.5048167 -0.3174722 1.191237
481188898.7263 0.506478 -0.3128116 1.190457
481188931.786 0.51062 -0.2983639 1.189545
481188965.8043 0.5104539 -0.2969714 1.189419
481188998.7273 0.5095364 -0.2948472 1.189291
481189031.7861 0.5106747 -0.2800067 1.18852
481189065.7966 0.5101025 -0.2726934 1.188284
481189098.7401 0.5095759 -0.2550956 1.17812
481189131.783 0.5060192 -0.2517792 1.17438
481189165.8034 0.4724714 -0.2550852 1.132958
481189198.7284 0.5160807 -0.2138778 1.200354
481189231.8021 0.4836967 -0.2264693 1.147973
481189265.7994 0.4832367 -0.2245459 1.146953
481189298.7302 0.4823291 -0.217824 1.145912
481189331.8051 0.4807137 -0.2063675 1.139359
481189365.8053 0.4776483 -0.1964722 1.13097
481189398.7254 0.4768047 -0.1855858 1.123943
481189431.7761 0.4778081 -0.1759519 1.12185
481189465.7825 0.4798664 -0.1672359 1.123234
481189498.7199 0.4885096 -0.1396805 1.142254
481189531.7919 0.4884365 -0.1393532 1.141857
481189565.7971 0.4883442 -0.1385206 1.141206
481189598.7303 0.4879057 -0.1382798 1.140607
481189631.7855 0.487687 -0.1378304 1.140372
481189665.7943 0.4744526 -0.1521381 1.118157
481189698.7144 0.4744194 -0.1522906 1.11832
481189731.791 0.4737511 -0.1534098 1.117892
481189765.8048 0.472523 -0.1567487 1.117248
481189798.7187 0.4719916 -0.162676 1.119042
481189831.7895 0.4714431 -0.1723304 1.123285
481189865.7996 0.4691732 -0.1876691 1.126739
481189898.7168 0.4695562 -0.2014771 1.132939
481189931.788 0.4708713 -0.2090781 1.137154
481189965.8022 0.4736097 -0.2164968 1.140411
481189998.7174 0.4990314 -0.202166 1.198865
481190031.7898 0.5027885 -0.2038434 1.202201
481190065.7929 0.5043071 -0.2098569 1.202267
481190098.7229 0.4698601 -0.2485824 1.137869
481190131.7855 0.4904518 -0.2438622 1.176291
481190165.8067 0.4974087 -0.2397763 1.19193
481190198.7432 0.4978703 -0.2410221 1.192004
481190231.7852 0.4993753 -0.24346 1.193185
481190265.8048 0.5008425 -0.2489367 1.194732
481190298.7195 0.5014937 -0.25734 1.195951
481190331.7759 0.4965684 -0.2784593 1.191275
481190365.7918 0.4966961 -0.2833296 1.192357
481190398.7078 0.4978811 -0.2843315 1.192598
481190431.7757 0.4986736 -0.2901652 1.191973
481190465.7957 0.4990379 -0.2966951 1.192236
481190498.7182 0.499099 -0.3046572 1.191636
481190531.7775 0.4982923 -0.3165183 1.192128
481190565.7888 0.4943157 -0.3370343 1.191181
481190598.7237 0.4933207 -0.3431632 1.190818
481190631.7883 0.4927649 -0.3462715 1.190279
481190665.7968 0.4905775 -0.3535429 1.189077
481190698.7169 0.489184 -0.3583231 1.189404
481190731.7877 0.4871726 -0.3632326 1.190436
481190765.7912 0.4704067 -0.4046969 1.194508
481190798.7117 0.4689111 -0.4122144 1.193883
481190831.7764 0.4680399 -0.4177281 1.193773
481190865.7959 0.4673352 -0.4229881 1.193214
481190898.7135 0.4668438 -0.4272002 1.192779
481190931.7704 0.4663565 -0.4327245 1.191884
481190965.787 0.4658695 -0.4395893 1.190616
481190998.7162 0.465729 -0.4421071 1.19014
481191031.7915 0.4656891 -0.4420611 1.190115
481191065.8016 0.4656462 -0.4420373 1.190093
481191098.7163 0.4653841 -0.4428443 1.190005
481191131.7838 0.4651365 -0.4431795 1.190876
481191165.7874 0.4648243 -0.4433286 1.191751
481191198.7218 0.4645345 -0.4443553 1.192671
481191231.777 0.4645393 -0.4446183 1.192648
481191265.7916 0.4646292 -0.4447426 1.192574
481191298.7126 0.4647143 -0.4450726 1.192382
481191331.7739 0.4647572 -0.4452529 1.192248
481191365.7889 0.4647478 -0.44537 1.192061
481191398.7185 0.4647571 -0.4458365 1.192088
481191431.7847 0.4652761 -0.4472045 1.193044
481191465.7891 0.4666301 -0.4499076 1.195246
481191498.7137 0.4581888 -0.4694055 1.199799
481191531.7779 0.4618474 -0.4544142 1.197235
481191565.8032 0.4585547 -0.4700992 1.200984
481191598.7102 0.4595143 -0.4707852 1.19552
481191631.7801 0.4595563 -0.4708053 1.195531
481191665.7841 0.4596542 -0.4708267 1.195501
481191698.7144 0.4596514 -0.4710129 1.195335
481191731.7963 0.4596467 -0.4713281 1.195243
481191765.7863 0.4605036 -0.4634569 1.196235
481191798.7126 0.4592208 -0.4571159 1.19556
481191831.7755 0.4595896 -0.4558722 1.196364
481191865.7922 0.4595442 -0.4553855 1.196453
481191898.7357 0.4596575 -0.4545596 1.196975
481191931.7724 0.4583619 -0.4689592 1.194958
481191965.7813 0.4582009 -0.4723241 1.194795
481191998.7071 0.4580838 -0.4721561 1.194726
481192031.7742 0.4584801 -0.4598731 1.196944
481192065.7819 0.4586493 -0.456491 1.197803
481192098.7028 0.4587243 -0.455964 1.19795
481192131.7674 0.458923 -0.4553498 1.198344
481192165.7964 0.4590499 -0.4537023 1.198505
481192198.7206 0.4589316 -0.4531947 1.198579
481192231.8049 0.4589953 -0.452167 1.198674
481192265.7978 0.4590819 -0.4512178 1.198751
481192298.7085 0.4592139 -0.4504254 1.198938
481192331.7731 0.4592771 -0.4499739 1.199062
481192365.7914 0.4592602 -0.4492736 1.199084
481192398.7062 0.4591812 -0.4488641 1.199099
481192431.7654 0.4590787 -0.4483837 1.199017
481192465.7903 0.4589887 -0.4479413 1.199133
481192498.7071 0.4588345 -0.4474878 1.199146
481192765.7814 0.4572977 -0.4420744 1.198808
481192798.7052 0.4573624 -0.4422051 1.19907
481192831.7706 0.4553241 -0.4730533 1.192525
481192865.7893 0.4574142 -0.4565306 1.198216
481192898.709 0.4579334 -0.4755214 1.19682
481192931.8028 0.4598352 -0.4449506 1.20307
481192965.7936 0.4596362 -0.4448138 1.202839
481192998.7215 0.4594991 -0.4444903 1.202601
481193031.7787 0.4594408 -0.4444785 1.202477
481193065.7741 0.4591193 -0.4441392 1.201991
481193098.702 0.4589643 -0.4441485 1.2018
481193131.7723 0.4588795 -0.4437467 1.201432
481193165.7828 0.4588407 -0.4438647 1.201369
481193198.728 0.4587717 -0.4437889 1.201315
481193231.7672 0.4587308 -0.4438231 1.201219
481193265.8072 0.4587621 -0.4438011 1.201219
481193298.7068 0.4587655 -0.4438379 1.201249
481193331.764 0.4586824 -0.4438604 1.201146
481193365.7795 0.4586816 -0.4438588 1.201129
481193398.6988 0.4586699 -0.4437849 1.201094
481193431.7646 0.4586073 -0.4438817 1.201051
481193465.7944 0.4585404 -0.4439563 1.201014
481193498.71 0.4585434 -0.4439171 1.201053
481193531.7685 0.4585276 -0.4439015 1.201034
481193565.7864 0.4584641 -0.4438728 1.200952
481193598.7094 0.4586274 -0.4443294 1.201073
481193631.7649 0.4586219 -0.4443103 1.201053
481193665.8099 0.4585721 -0.4443005 1.201026
481193698.6976 0.4585675 -0.4442935 1.201054
481193731.7696 0.4585403 -0.4442219 1.201021
481193765.7937 0.4581665 -0.4902159 1.195455
481193798.6986 0.4574061 -0.4400614 1.200257
481193831.7657 0.4575205 -0.4404762 1.200347
481193865.7869 0.4575258 -0.4405602 1.200343
481193898.6988 0.4575423 -0.4406591 1.200338
481193931.7716 0.4575885 -0.4408014 1.200333
481193965.7739 0.4576227 -0.4409861 1.200388
481193998.7088 0.4577257 -0.4414249 1.200675
481194031.7878 0.4577583 -0.4415406 1.200702
481194065.8049 0.4569593 -0.4727055 1.195573
481194331.7612 0.4586179 -0.4346692 1.202003
