481833296.5941 0.4465622 -0.4813981 1.196628
481833329.639 0.4465227 -0.4822075 1.196593
481833363.5736 0.4465608 -0.4812488 1.196821
481833396.568 0.4464909 -0.4818005 1.196608
481833429.6392 0.4465251 -0.4819618 1.19682
481833729.6455 0.4466347 -0.4820415 1.196094
481833763.5739 0.4467109 -0.4817611 1.196091
481833796.5683 0.4467081 -0.4809031 1.195961
481833829.6485 0.4467338 -0.480831 1.195969
481833863.5753 0.4467233 -0.4807853 1.196141
481833896.582 0.4467776 -0.4806709 1.196206
481833929.6339 0.4466792 -0.481175 1.195706
481833963.589 0.4467048 -0.481044 1.195657
481833996.5727 0.4466918 -0.4806826 1.195898
481834029.6513 0.4466236 -0.4813652 1.19563
481834063.5928 0.4466056 -0.481992 1.195381
481834096.584 0.4465813 -0.482619 1.195376
481834129.6449 0.4465373 -0.483007 1.195728
481834163.5831 0.446533 -0.4831358 1.195673
481834196.6133 0.4465424 -0.4832177 1.195668
481834229.6479 0.446678 -0.4828495 1.195713
481834263.5755 0.4466643 -0.4830846 1.195618
481834296.572 0.4467084 -0.482685 1.195538
481834329.6321 0.446746 -0.4824011 1.19555
481834363.5732 0.4467011 -0.4827463 1.195644
481834396.5881 0.4467512 -0.4818224 1.195982
481834429.631 0.4467148 -0.4815288 1.196043
481834463.5845 0.4466988 -0.4820631 1.196039
481834496.5793 0.4468072 -0.4817009 1.196217
481834529.6464 0.4468777 -0.4816286 1.196233
481834563.5727 0.4468824 -0.4819193 1.196193
481834596.57 0.4469645 -0.4816435 1.196278
481834629.6367 0.4468661 -0.4819288 1.196299
481834663.5671 0.4468653 -0.4821923 1.196248
481834696.5759 0.4468598 -0.4824837 1.196183
481834729.6385 0.446905 -0.4821039 1.196246
481834763.5825 0.446898 -0.4823647 1.196232
481834796.5818 0.4468888 -0.4815037 1.196427
481834829.6358 0.4469607 -0.4811037 1.196383
481834863.5687 0.4469693 -0.4809389 1.196258
481834896.5688 0.4470019 -0.4803202 1.196417
481834929.6384 0.4469702 -0.4813876 1.19656
481834963.5832 0.4470027 -0.4810819 1.196566
481834996.5789 0.4469467 -0.4817069 1.196424
481835029.6447 0.4469693 -0.4814975 1.196345
481835063.585 0.4470223 -0.4811176 1.196334
481835096.5786 0.4470111 -0.4806959 1.196644
481835129.6601 0.446976 -0.4813206 1.196675
481835163.561 0.4469581 -0.4819386 1.196645
481835196.5693 0.4469486 -0.4822774 1.196488
481835229.6278 0.4468957 -0.4826394 1.196451
481835263.5784 0.4469925 -0.4819543 1.196514
481835296.5806 0.4469827 -0.4821696 1.196479
481835329.6308 0.4469802 -0.4820364 1.196575
481835363.6102 0.4470215 -0.4819182 1.196549
481835396.5725 0.4470274 -0.4811026 1.196501
481835429.6261 0.4471053 -0.4807898 1.196414
481835463.5664 0.4471793 -0.4802985 1.196359
481835496.5834 0.4471456 -0.4798354 1.196575
481835529.6353 0.4471876 -0.4794077 1.19673
481835563.5727 0.4471295 -0.4797566 1.196817
481835596.5782 0.4471276 -0.4793514 1.196998
481835629.6289 0.4470991 -0.4804678 1.196672
481835663.5667 0.4470797 -0.4806022 1.196727
481835696.64 0.4470129 -0.4808522 1.19674
481835729.6413 0.446971 -0.4817181 1.196561
481835763.58 0.4470062 -0.480991 1.196688
481835796.5794 0.4469238 -0.4822788 1.196429
481835829.6403 0.4469034 -0.4826217 1.196136
481835863.5711 0.4469117 -0.4826453 1.196409
481835896.5586 0.4468046 -0.4826452 1.196038
481835929.6388 0.4468359 -0.4827971 1.196129
481835963.561 0.44684 -0.4831709 1.196075
481835996.5629 0.4468331 -0.4832809 1.196089
481836029.6291 0.4468908 -0.4828253 1.196035
481836063.5637 0.4469078 -0.4829848 1.195986
481836096.5745 0.4468898 -0.4834453 1.195954
481836129.6276 0.4468762 -0.4836288 1.195947
481836163.5753 0.4468735 -0.4836414 1.195858
481836196.5681 0.4468856 -0.4838323 1.195871
481836229.6676 0.4469861 -0.4840392 1.196327
481836263.5882 0.4470639 -0.4836226 1.196086
481836296.6405 0.447093 -0.4838398 1.196108
481836329.6419 0.4470747 -0.4838626 1.196229
481836363.5699 0.4471052 -0.4842547 1.196303
481836396.5721 0.4471224 -0.4842874 1.196284
481836429.6367 0.4471588 -0.4840974 1.196544
481836463.5713 0.4471489 -0.4842186 1.196525
481836496.5616 0.4471511 -0.4842955 1.196345
481836529.6328 0.4471935 -0.4838135 1.196073
481836563.56 0.447201 -0.4838634 1.196205
481836596.5614 0.4471446 -0.4827231 1.196659
481836629.6399 0.4471722 -0.4826025 1.196651
481836663.5696 0.4472287 -0.4822894 1.19672
481836696.5583 0.4472935 -0.4820001 1.196483
481836729.6245 0.4473957 -0.4817096 1.196613
481836763.5755 0.4472704 -0.4825332 1.196489
481836796.5892 0.4473998 -0.4812292 1.197051
481836829.6403 0.447427 -0.4811659 1.197037
481836863.5945 0.4474545 -0.4816461 1.197068
481836896.575 0.4474106 -0.4815882 1.19728
481836929.6326 0.4472816 -0.4831026 1.197407
481836963.5709 0.4472686 -0.4839827 1.197343
481836996.5579 0.4471941 -0.4846312 1.197406
481837029.657 0.4471966 -0.4847859 1.197338
481837063.5739 0.4471946 -0.4848571 1.197268
481837096.5647 0.4471671 -0.4848379 1.197115
481837129.6338 0.4472488 -0.4842236 1.1971
481837163.5725 0.4474301 -0.4831863 1.196495
481837196.5661 0.4475135 -0.4830082 1.196446
481837229.7107 0.4475918 -0.4829324 1.196393
481837263.5628 0.4476082 -0.4830862 1.196417
481837296.5613 0.4477791 -0.4813464 1.196619
481837329.6354 0.4478891 -0.4804513 1.19663
481837363.5592 0.4480487 -0.4801843 1.196695
481837396.559 0.4484286 -0.4784015 1.196597
481837429.6273 0.4484866 -0.4783757 1.196322
481837463.5602 0.4485781 -0.4780443 1.196248
481837496.5592 0.4486887 -0.4777113 1.196109
481837529.6373 0.4487691 -0.4775901 1.196243
481837563.5978 0.4488905 -0.4771984 1.196324
481837596.5544 0.4490002 -0.4770006 1.19634
481837629.6399 0.4517894 -0.4494798 1.195143
481837663.5622 0.4508303 -0.4612601 1.195499
481837696.5689 0.4505274 -0.464524 1.195584
481837729.6348 0.450485 -0.4646676 1.195377
481837763.5578 0.4499532 -0.4685538 1.195192
481837796.5629 0.4422375 -0.4496944 1.18714
481837829.6267 0.4421656 -0.448881 1.186864
481837863.5646 0.4501214 -0.4618213 1.194827
481837896.5713 0.4425287 -0.440075 1.187147
481837929.6322 0.4423849 -0.439984 1.186904
481837963.561 0.4422113 -0.4393757 1.186732
481837996.5624 0.4406675 -0.4394702 1.190514
481838029.6193 0.4402843 -0.4391578 1.18733
481838063.5563 0.4397356 -0.4394893 1.189386
481838096.5581 0.4388056 -0.4377372 1.187909
481838129.6408 0.4388527 -0.4372805 1.1828
481838163.5614 0.4385281 -0.4363799 1.183222
481838196.5558 0.4381633 -0.4355712 1.183261
481838229.6208 0.4377977 -0.4350004 1.182962
481838263.5837 0.4374592 -0.434123 1.183265
481838296.556 0.4373187 -0.4333704 1.183366
481838329.6337 0.4375985 -0.4332443 1.183197
481838363.5597 0.4379784 -0.4329087 1.183141
481838396.5647 0.4383945 -0.4325174 1.182828
481838429.6216 0.4388807 -0.4316042 1.182384
481838463.5496 0.4426792 -0.4124589 1.178229
481838496.5579 0.4413636 -0.429329 1.179067
481838529.6472 0.4477158 -0.410464 1.176503
481838563.5575 0.4413058 -0.4190061 1.178658
481838596.5614 0.4523437 -0.3992536 1.164771
481838629.6256 0.4527409 -0.3993322 1.16408
481838663.5544 0.4676066 -0.388731 1.172369
481838696.5496 0.472024 -0.3840781 1.173136
481838729.6413 0.4747229 -0.3795198 1.171748
481838763.5644 0.4777152 -0.3727012 1.173465
481838796.5613 0.500542 -0.3456123 1.167931
481838829.6239 0.5006381 -0.345325 1.167932
481838863.565 0.5020268 -0.3365238 1.166721
481838896.5578 0.5018433 -0.3310615 1.163537
481838929.6363 0.5311408 -0.2739621 1.164986
481838963.5623 0.4889481 -0.3181371 1.144763
481838996.585 0.4884109 -0.3111192 1.143978
481839029.6205 0.4764717 -0.2941245 1.173365
481839063.5567 0.4999601 -0.2585481 1.165923
481839096.5528 0.4990959 -0.2572208 1.164856
481839129.6334 0.4981063 -0.2490619 1.159966
481839163.5569 0.496524 -0.2442476 1.157533
481839196.5697 0.4869841 -0.2447682 1.156923
481839229.6294 0.4898988 -0.2319532 1.151628
481839263.5529 0.4837975 -0.2349433 1.153515
481839296.5506 0.5115252 -0.1951742 1.18793
481839329.6333 0.4912339 -0.2076811 1.184649
481839363.5564 0.4775954 -0.2326171 1.148365
481839396.5606 0.4985475 -0.217618 1.200685
481839429.6294 0.4776672 -0.2475275 1.164485
481839463.5771 0.4799386 -0.2484504 1.173237
481839496.5534 0.5280148 -0.2229696 1.186901
481839529.6312 0.5176675 -0.2343607 1.181566
481839563.5592 0.5173286 -0.2400343 1.178882
481839596.5536 0.5174726 -0.246865 1.173541
481839629.6363 0.5185684 -0.2532694 1.171034
481839663.5466 0.5197843 -0.258339 1.171434
481839696.5644 0.5214792 -0.2647012 1.171795
481839729.6245 0.5231991 -0.2721599 1.17122
481839763.5652 0.5045261 -0.3150805 1.172924
481839796.5527 0.5308791 -0.2870284 1.164709
481839829.6214 0.5317123 -0.2936147 1.163786
481839863.5494 0.5324485 -0.2985812 1.162841
481839896.55 0.5204944 -0.304134 1.162328
481839929.6125 0.5185887 -0.3074237 1.162254
481839963.5569 0.5164432 -0.309633 1.162661
481839996.5674 0.5142673 -0.3112537 1.162551
481840029.6349 0.5098072 -0.3122525 1.163321
481840063.5719 0.5066272 -0.3132095 1.164192
481840096.5601 0.5025597 -0.3132285 1.1665
481840129.6161 0.4985094 -0.3183604 1.169749
481840163.5659 0.4604088 -0.3798812 1.184912
481840196.55 0.4563812 -0.3864235 1.187661
481840229.6179 0.4548707 -0.3921198 1.188231
481840263.5533 0.4536692 -0.3961297 1.18892
481840296.5633 0.4530932 -0.3985997 1.189184
481840329.6156 0.4527094 -0.400855 1.189867
481840363.5473 0.4524655 -0.4020717 1.190145
481840396.5504 0.4524316 -0.4034522 1.190625
481840429.6183 0.4523516 -0.4042904 1.1909
481840463.568 0.4528729 -0.4082077 1.191488
481840496.5604 0.4535731 -0.4098534 1.192171
481840529.6546 0.4540187 -0.4096167 1.192592
481840563.5579 0.4535805 -0.4113815 1.194196
481840596.5638 0.4402838 -0.4238943 1.192826
481840629.6149 0.440454 -0.4237434 1.192614
481840663.5487 0.4565415 -0.410841 1.193719
481840696.5599 0.4417462 -0.4234894 1.191118
481840729.6175 0.4415567 -0.4232809 1.191313
481840763.5464 0.4405053 -0.4231462 1.192564
481840796.5482 0.4545108 -0.3946902 1.194801
481840829.7093 0.4540614 -0.3937888 1.192799
481840863.5867 0.4396669 -0.4131793 1.194084
481840896.5984 0.4465377 -0.3916824 1.200365
481840929.6129 0.4506098 -0.3962447 1.193687
481840963.5594 0.4465342 -0.3962462 1.186753
481840996.5419 0.449612 -0.3972157 1.194544
481841029.6205 0.443745 -0.3949232 1.186703
481841063.5505 0.4438053 -0.3944421 1.186684
481841096.5503 0.4436253 -0.3939492 1.186638
481841129.6527 0.4433519 -0.3936955 1.186655
481841163.5528 0.44347 -0.3933705 1.186808
481841196.5546 0.4438213 -0.3933678 1.186822
481841229.6364 0.450082 -0.3940266 1.190914
481841263.5665 0.4500839 -0.3938552 1.190859
481841296.5642 0.4501433 -0.3937302 1.190824
481841329.6189 0.4501539 -0.3936954 1.190764
481841363.5506 0.4502597 -0.3935537 1.190745
481841396.5413 0.4494452 -0.3958268 1.191467
481841429.6088 0.4370153 -0.4126962 1.196227
481841463.5512 0.4372998 -0.4134086 1.194238
481841496.5501 0.4374157 -0.4105492 1.194492
481841529.6246 0.4373476 -0.4120569 1.194349
481841563.5645 0.4493769 -0.3968256 1.192012
481841596.5466 0.4498875 -0.3956715 1.191698
481841629.612 0.4502165 -0.3949461 1.191546
481841663.5396 0.4509442 -0.3946285 1.190035
481841696.5509 0.4359851 -0.4120623 1.194513
481841729.6056 0.4366445 -0.4138672 1.192807
481841763.5451 0.4371451 -0.4108568 1.193388
481841796.5449 0.4372198 -0.4096087 1.193742
481841829.6074 0.4505051 -0.3944646 1.191437
481841863.542 0.4499673 -0.3958602 1.191908
481841896.5508 0.4496951 -0.3964973 1.192121
481841929.6088 0.4495555 -0.3968667 1.192206
481841963.5471 0.4502285 -0.3952953 1.1917
481841996.5604 0.4500452 -0.3959606 1.19199
481842029.6209 0.4498633 -0.3964626 1.192047
481842063.5514 0.4497879 -0.3966745 1.192104
481842096.5495 0.4504189 -0.3953277 1.191726
481842129.6149 0.4501455 -0.3962286 1.192212
481842163.5425 0.4500099 -0.3967553 1.192421
481842196.5714 0.4499392 -0.3970682 1.192552
481842229.6147 0.4502732 -0.3972551 1.191971
481842263.5435 0.4371868 -0.4152141 1.193613
481842296.542 0.4380666 -0.4155506 1.192909
481842329.6066 0.4498738 -0.3983218 1.192778
481842363.5551 0.4494797 -0.398842 1.192646
481842396.5508 0.4494222 -0.4002837 1.19254
481842429.6195 0.449469 -0.4006148 1.19265
481842463.5467 0.4494675 -0.401219 1.19136
481842496.5456 0.4495447 -0.4021204 1.191641
481842529.611 0.449583 -0.4026266 1.191822
481842563.5403 0.4496275 -0.4029414 1.191088
481842596.5482 0.4496861 -0.4031304 1.191635
481842629.6207 0.4496026 -0.4035203 1.192116
481842663.5437 0.4496743 -0.4040484 1.192084
481842696.5562 0.4497061 -0.4043832 1.192054
481842729.6171 0.4497955 -0.4045698 1.190835
481842763.5554 0.449992 -0.4047502 1.191848
481842796.5432 0.4500543 -0.4047616 1.191987
481842829.6066 0.4501079 -0.4047841 1.192291
481842863.5941 0.4501744 -0.404841 1.192425
481842896.5483 0.4502079 -0.4049916 1.192625
481842929.6179 0.4502312 -0.4050166 1.19263
481842963.5656 0.4503218 -0.4050812 1.192809
481842996.5407 0.4504153 -0.405206 1.192954
481843029.6201 0.4505188 -0.4051968 1.192928
481843063.5444 0.450574 -0.4052217 1.192907
481843096.5441 0.4506595 -0.4052368 1.192937
481843129.6096 0.4507046 -0.4052368 1.192919
481843163.5392 0.4506859 -0.4066308 1.192928
481843196.5468 0.4507982 -0.4066248 1.192964
481843229.6056 0.4508597 -0.406501 1.19306
481843263.5398 0.4509007 -0.4064075 1.193062
481843296.556 0.4509235 -0.4063961 1.193078
481843329.6206 0.4509483 -0.4063372 1.193024
481843363.5625 0.4510498 -0.4063354 1.19305
481843396.5512 0.4510888 -0.4064277 1.19296
481843429.6433 0.4510761 -0.4063183 1.190863
481843463.5471 0.4511301 -0.4061977 1.190896
481843496.539 0.4511997 -0.4062479 1.191264
481843529.6287 0.4512708 -0.4062689 1.191338
481843563.5575 0.4513344 -0.4062204 1.191314
481843596.5437 0.4516653 -0.4062428 1.191055
481843629.6071 0.4516912 -0.4061641 1.19068
481843663.5417 0.4517506 -0.4062433 1.190386
481843696.5574 0.451746 -0.4061427 1.190233
481843729.6069 0.4517822 -0.4061425 1.190135
481843763.5377 0.4517571 -0.4085601 1.190045
481843796.5551 0.4517588 -0.4084003 1.189958
481843829.6009 0.4517863 -0.4083066 1.189903
481843863.5379 0.4519275 -0.4082037 1.189129
481843896.55 0.4517592 -0.408129 1.188881
481843929.6072 0.4518649 -0.4080664 1.188984
481843963.5348 0.4518733 -0.4080195 1.189048
481843996.5345 0.4519756 -0.4080789 1.189201
481844029.641 0.452031 -0.4080541 1.189315
481844063.5362 0.4520413 -0.4080424 1.189222
481844096.5445 0.4398616 -0.4228466 1.189149
481844129.6116 0.4522126 -0.4083142 1.189904
481844163.5417 0.4521654 -0.4082341 1.189957
481844196.5763 0.4521641 -0.4081969 1.189874
481844229.6779 0.4521525 -0.4080624 1.18978
481844263.6137 0.4521847 -0.4080972 1.189924
481844296.5371 0.4522179 -0.4081015 1.189951
481844329.6042 0.4522855 -0.4079927 1.18998
481844363.5494 0.4523697 -0.4078178 1.190081
481844396.5339 0.4524009 -0.4078184 1.190011
481844429.5957 0.452412 -0.4078043 1.19002
481844463.5409 0.4524193 -0.4077614 1.190177
481844496.5321 0.4524258 -0.4077637 1.190201
481844529.6106 0.4524195 -0.4077652 1.190143
481844563.5473 0.4524463 -0.4075849 1.190109
481844596.5421 0.4524801 -0.4075354 1.190162
481844629.6129 0.4524628 -0.4075344 1.190091
481844663.561 0.4525407 -0.4071288 1.190184
481844696.557 0.4525529 -0.4071267 1.19017
