481481497.8438 0.426705 -0.3937216 1.174969
481481530.823 0.42614 -0.3930137 1.175112
481481564.7383 0.4256336 -0.3930544 1.175306
481481597.8854 0.4251956 -0.3923297 1.175401
481481630.8026 0.4251048 -0.3922732 1.175558
481481664.7429 0.4248795 -0.3922494 1.175587
481481697.8404 0.4247437 -0.3918036 1.176095
481481730.82 0.4246791 -0.3917554 1.176048
481481764.7858 0.4244504 -0.3913583 1.176351
481481797.8352 0.4243429 -0.3911909 1.176329
481481830.8801 0.4243866 -0.3911991 1.176393
481481864.742 0.4242927 -0.3912092 1.176469
481481897.8247 0.4242152 -0.3907551 1.176519
481481930.8778 0.4243463 -0.3907659 1.176776
481481964.7508 0.4242693 -0.3908411 1.17713
481481997.8848 0.4249521 -0.3798717 1.178479
481482030.8862 0.4240629 -0.386974 1.181325
481482064.7493 0.4240223 -0.3870054 1.181095
481482097.8275 0.4239186 -0.38727 1.180687
481482130.8141 0.4238856 -0.3872456 1.180411
481482164.7511 0.4238148 -0.3873764 1.180144
481482197.824 0.4238333 -0.3876661 1.179562
481482230.8159 0.423777 -0.387945 1.17923
481482264.7784 0.423815 -0.3879868 1.178872
481482297.8167 0.4237446 -0.3896242 1.179421
481482330.8025 0.4237205 -0.3897189 1.179022
481482364.7741 0.4236962 -0.3898422 1.178511
481482397.8284 0.4240775 -0.3899367 1.178634
481482430.8282 0.4240449 -0.3899264 1.17857
481482464.7598 0.4239831 -0.3899688 1.178421
481482497.8269 0.4237179 -0.3917123 1.179508
481482530.8217 0.4237528 -0.3916905 1.179255
481482564.7407 0.4237511 -0.3917027 1.179217
481482597.8131 0.4237062 -0.3917202 1.178858
481482630.8178 0.4236415 -0.391905 1.178922
481482664.7413 0.4235483 -0.3917065 1.178686
481482697.8149 0.423459 -0.3914541 1.17846
481482730.8024 0.4233869 -0.3911059 1.178118
481482764.739 0.4232738 -0.3903673 1.177852
481482797.8126 0.4232957 -0.390328 1.177822
481482830.8034 0.4234707 -0.3903624 1.177767
481482864.74 0.4234325 -0.3904761 1.177724
481482897.8272 0.4233625 -0.3903289 1.177679
481482930.829 0.4231162 -0.389849 1.177605
481482964.7348 0.4231029 -0.3900765 1.177775
481482997.8327 0.423117 -0.3901022 1.177777
481483030.8164 0.4232643 -0.3901473 1.177839
481483064.7723 0.4232504 -0.3901469 1.177863
481483097.8164 0.423285 -0.3903671 1.178104
481483130.8145 0.4233117 -0.3905836 1.178154
481483164.7643 0.4233541 -0.3906592 1.178237
481483197.8174 0.4233608 -0.3905172 1.178092
481483230.8016 0.4233797 -0.3904715 1.178117
481483264.7583 0.4247567 -0.3685629 1.181966
481483297.8266 0.4240808 -0.3779945 1.179768
481483330.8124 0.4253674 -0.3842873 1.181568
481483364.772 0.4273403 -0.3635557 1.182457
481483397.8181 0.4255137 -0.3803901 1.180382
481483430.8076 0.4245594 -0.3829281 1.179568
481483464.7295 0.424046 -0.3852574 1.179203
481483497.8212 0.4239614 -0.385738 1.179267
481483530.8029 0.4238944 -0.3865068 1.179462
481483564.7469 0.4240869 -0.3869234 1.179497
481483597.8066 0.4239236 -0.3875239 1.179764
481483630.8084 0.4238863 -0.3876065 1.179668
481483664.7594 0.424598 -0.3798586 1.179777
481483697.8314 0.4245088 -0.3821445 1.179792
481483730.8172 0.4248103 -0.3726313 1.181584
481483764.7718 0.4244193 -0.3786977 1.180983
481483797.8373 0.4244192 -0.3816153 1.180943
481483830.8317 0.4247982 -0.3834319 1.180917
481483864.7342 0.4249308 -0.3846138 1.180749
481483897.8091 0.4249589 -0.3853848 1.180756
481483930.799 0.4251247 -0.3863561 1.180761
481483964.7627 0.4248919 -0.3869599 1.180413
481483997.8183 0.4246064 -0.3877529 1.180337
481484030.8361 0.4245676 -0.3878878 1.180252
481484064.7313 0.4244379 -0.3880088 1.180087
481484097.8776 0.4243517 -0.3880738 1.179959
481484130.7944 0.4273785 -0.3661155 1.181909
481484164.7327 0.4281894 -0.3610341 1.18223
481484197.8051 0.428352 -0.3604612 1.18241
481484230.795 0.428387 -0.3606555 1.182376
481484264.7415 0.428407 -0.3609202 1.182339
481484297.813 0.4251533 -0.3802117 1.17955
481484330.7968 0.42462 -0.3830754 1.179143
481484364.7396 0.4242907 -0.384919 1.179462
481484397.8087 0.4246059 -0.3859969 1.179659
481484430.7961 0.4248061 -0.3863144 1.179757
481484464.7447 0.4251114 -0.3869448 1.180278
481484497.8064 0.4252663 -0.3871112 1.180467
481484530.7988 0.425431 -0.3875949 1.180597
481484564.7354 0.4257669 -0.3884416 1.18138
481484597.8172 0.4257594 -0.3886044 1.181282
481484630.8104 0.425874 -0.3885805 1.181304
481484664.7339 0.4259338 -0.3886772 1.181324
481484697.8215 0.4261703 -0.389243 1.180898
481484730.802 0.4262906 -0.389342 1.18101
481484764.7271 0.4263348 -0.3899815 1.181815
481484797.8048 0.4263426 -0.3899436 1.181812
481484830.8202 0.4274703 -0.3779354 1.181832
481484864.7506 0.4275174 -0.3747794 1.182082
481484897.8177 0.4275496 -0.3789801 1.181702
481484930.7912 0.427004 -0.3830776 1.181432
481484964.8042 0.4271014 -0.3843482 1.181479
481484997.8425 0.4271395 -0.3853972 1.181656
481485030.791 0.4281572 -0.3687726 1.181786
481485064.7399 0.4267385 -0.3782918 1.180915
481485097.8119 0.4276754 -0.368967 1.183036
481485130.8117 0.4276448 -0.3792607 1.183328
481485164.736 0.4280001 -0.3763869 1.183672
481485197.8088 0.4277302 -0.381125 1.183074
481485230.7942 0.4273027 -0.3845972 1.183491
481485264.7579 0.4285124 -0.363176 1.183089
481485297.8406 0.4262812 -0.3779192 1.181828
481485330.7947 0.4268002 -0.3819072 1.182919
481485364.7244 0.4264009 -0.3840091 1.18328
481485397.812 0.4292528 -0.3612614 1.183661
481485430.7904 0.4293634 -0.3574826 1.183715
481485464.7241 0.4273793 -0.383921 1.182265
481485497.8199 0.4290992 -0.3603434 1.184016
481485530.8057 0.4275672 -0.3796152 1.183203
481485564.7341 0.4272029 -0.3819278 1.182884
481485597.8111 0.4282438 -0.3628527 1.184678
481485630.8108 0.427521 -0.3769178 1.18207
481485664.7331 0.4281503 -0.3663678 1.183323
481485697.8334 0.428343 -0.3590821 1.183897
481485730.8094 0.428325 -0.3594709 1.183705
481485764.7263 0.4282766 -0.3587927 1.183719
481485797.8098 0.4284718 -0.3563359 1.183531
481485830.8169 0.4285612 -0.3559089 1.183371
481485864.7556 0.4289303 -0.3543568 1.183453
481485897.8251 0.4257123 -0.3825253 1.183617
481485930.8158 0.4259071 -0.3849691 1.184059
481485964.7258 0.4259631 -0.3855874 1.183656
481485997.8023 0.4285154 -0.361405 1.183098
481486030.8115 0.4287796 -0.3569734 1.183029
481486064.7378 0.428955 -0.3562107 1.183385
481486097.8238 0.4274504 -0.382264 1.182875
481486130.7944 0.4305142 -0.3840237 1.203793
481486164.7347 0.4298263 -0.3568832 1.186229
481486197.8006 0.4269559 -0.3832527 1.183653
481486230.8073 0.426311 -0.3877355 1.184837
481486264.8149 0.4265085 -0.3889535 1.184953
481486297.8016 0.4264449 -0.3900871 1.185048
481486330.791 0.4265859 -0.390471 1.184345
481486364.7408 0.4266082 -0.3905414 1.184345
481486397.8112 0.4282135 -0.3763951 1.181929
481486430.7887 0.4271119 -0.3826545 1.182536
481486464.7278 0.4267611 -0.3853576 1.182791
481486497.8039 0.4266511 -0.3867779 1.182602
481486530.7881 0.4267231 -0.3881314 1.183105
481486564.7387 0.4266024 -0.3890809 1.183177
481486597.8057 0.4296123 -0.3609381 1.18291
481486630.8149 0.4279684 -0.3788798 1.182762
481486664.7401 0.427332 -0.382492 1.182997
481486697.8231 0.4289025 -0.3665465 1.183441
481486730.8048 0.4280829 -0.3770235 1.183087
481486764.7279 0.4279271 -0.3820846 1.182946
481486797.8081 0.4296605 -0.3645351 1.184599
481486830.7869 0.4278297 -0.3798228 1.185145
481486864.7387 0.4268722 -0.3841851 1.184985
481486897.8005 0.4266674 -0.3861601 1.184516
481486930.7998 0.4298789 -0.3627625 1.183348
481486964.7348 0.4302476 -0.3610507 1.183609
481486997.7974 0.4286642 -0.3828558 1.182966
481487030.7947 0.4298902 -0.362853 1.185335
481487064.7263 0.4285342 -0.3803878 1.183164
481487097.8037 0.4284605 -0.3854677 1.184242
481487130.7997 0.4285126 -0.3865774 1.184591
481487164.7224 0.4282911 -0.3874015 1.184331
481487197.7965 0.4284512 -0.3754602 1.184044
481487230.7909 0.4279429 -0.3824722 1.183515
481487264.7316 0.4275239 -0.3849584 1.183977
481487297.8089 0.4272132 -0.3880291 1.185128
481487330.7824 0.4269748 -0.3890508 1.185929
481487364.7392 0.4293665 -0.3637192 1.184399
481487397.7968 0.4276174 -0.3804555 1.185074
481487430.7859 0.428543 -0.3661505 1.186465
481487464.7221 0.4268457 -0.385002 1.190131
481487497.8212 0.4282251 -0.3665197 1.187454
481487530.7922 0.4286208 -0.362396 1.187241
481487564.7366 0.428851 -0.3612213 1.187004
481487597.8181 0.4283455 -0.3576573 1.18918
481487630.7882 0.4181558 -0.37732 1.215388
481487664.7364 0.4260806 -0.3574638 1.191814
481487697.8199 0.4188042 -0.3812693 1.228294
481487730.827 0.4259497 -0.389625 1.192097
481487764.7341 0.4261379 -0.3905925 1.191862
481487797.7999 0.419306 -0.3834237 1.216499
481487830.7861 0.4194262 -0.3829123 1.222017
481487864.74 0.4192789 -0.3826356 1.222971
481487897.7972 0.4248847 -0.3900999 1.200483
481487930.7957 0.4273191 -0.3925346 1.188789
481487964.7311 0.434994 -0.3954203 1.183661
481487997.8064 0.433661 -0.3949756 1.181413
481488030.8123 0.4351716 -0.3954409 1.180872
481488064.7255 0.4358966 -0.395703 1.18027
481488097.8062 0.4361975 -0.3955758 1.179899
481488130.7969 0.4363773 -0.3957189 1.179496
481488164.7208 0.4367668 -0.3962366 1.179837
481488197.8051 0.4331897 -0.4142267 1.189283
481488230.7942 0.4339036 -0.3949993 1.179249
481488264.732 0.4340442 -0.3948687 1.179349
481488297.8278 0.4344529 -0.3943747 1.179733
481488330.7878 0.437315 -0.386456 1.181073
481488364.7166 0.4366537 -0.4067102 1.183412
481488397.8066 0.4369963 -0.4067272 1.183195
481488430.7965 0.4360439 -0.4370475 1.17718
481488464.7406 0.4447595 -0.4593972 1.187558
481488497.8216 0.4392465 -0.4062971 1.178832
481488530.8558 0.4400928 -0.4054862 1.176486
481488564.728 0.4403442 -0.4042 1.172167
481488597.8213 0.4417027 -0.4043061 1.172109
481488630.8182 0.4412703 -0.403147 1.168818
481488664.7339 0.4426334 -0.4021409 1.165758
481488697.8067 0.4658539 -0.37144 1.180653
481488730.802 0.4712072 -0.3558898 1.179681
481488764.7936 0.4430904 -0.391177 1.158294
481488797.82 0.4746661 -0.3340026 1.17379
481488830.7873 0.5187449 -0.2747845 1.170979
481488864.7186 0.5197819 -0.2602909 1.173129
481488897.8103 0.5208167 -0.2514493 1.173715
481488930.7781 0.5211064 -0.2463919 1.173334
481488964.7323 0.5202569 -0.243534 1.172985
481488997.7994 0.5139239 -0.2441448 1.170045
481489030.7807 0.5059433 -0.2454539 1.165406
481489064.7144 0.5008523 -0.2424073 1.163616
481489097.7906 0.4957635 -0.232172 1.167261
481489130.7866 0.4927185 -0.2237476 1.164289
481489164.729 0.4881395 -0.2173406 1.160317
481489197.8133 0.4825662 -0.2107863 1.150468
481489230.8122 0.4814104 -0.2012225 1.144138
481489264.7394 0.4805444 -0.1930031 1.137626
481489297.8155 0.4807655 -0.186304 1.131977
481489330.7919 0.4801094 -0.1831605 1.130725
481489364.7227 0.4791619 -0.1800119 1.127575
481489397.8013 0.4791446 -0.1763161 1.126112
481489430.824 0.4829936 -0.1650475 1.124906
481489464.7098 0.4823259 -0.1647891 1.124189
481489497.8068 0.4816381 -0.1655634 1.123812
481489530.777 0.480403 -0.1672088 1.123508
481489564.73 0.4792262 -0.1686588 1.124023
481489597.7955 0.4789619 -0.1690847 1.126243
481489630.7882 0.4786797 -0.1711415 1.130133
481489664.7183 0.477547 -0.1769898 1.13396
481489697.794 0.4816777 -0.1953102 1.178338
481489730.7872 0.4785685 -0.2032811 1.18409
481489764.7513 0.490646 -0.2024238 1.181789
481489797.8016 0.4906979 -0.2151439 1.185329
481489830.7804 0.4914765 -0.2309595 1.174748
481489864.7129 0.492134 -0.235818 1.174199
481489897.791 0.4942844 -0.2379058 1.174368
481489930.7756 0.4997377 -0.2403866 1.175905
481489964.7188 0.5082139 -0.2393119 1.177066
481489997.8007 0.510765 -0.2396768 1.17632
481490030.8033 0.5140753 -0.2416208 1.1767
481490064.7099 0.5155678 -0.2426576 1.176136
481490097.8004 0.5171622 -0.243962 1.175444
481490130.8006 0.5180756 -0.2462533 1.175072
481490164.7167 0.5185845 -0.2484704 1.174761
481490197.7965 0.5186818 -0.2532305 1.173852
481490230.7753 0.5179814 -0.2565795 1.1729
481490264.7226 0.5175112 -0.2599656 1.172167
481490297.8159 0.4763381 -0.3198082 1.174231
481490330.773 0.4434117 -0.3827509 1.168949
481490364.7116 0.4429688 -0.3845934 1.170359
481490397.7869 0.4427288 -0.3850631 1.173152
481490430.7924 0.4419226 -0.3864681 1.175937
481490464.7249 0.4409975 -0.3866111 1.177878
481490497.7982 0.446922 -0.3855095 1.174924
481490530.8061 0.4460535 -0.3855182 1.175864
481490564.7194 0.4455114 -0.3852043 1.176118
481490597.7885 0.445242 -0.385212 1.176272
481490630.78 0.4448673 -0.3852513 1.176955
481490664.7314 0.445479 -0.3590446 1.177244
481490697.7895 0.4567775 -0.3582295 1.182559
481490730.7732 0.4559808 -0.3587166 1.182355
481490764.723 0.4552252 -0.3590903 1.181693
481490797.8143 0.4547094 -0.3593147 1.181428
481490830.7849 0.4543564 -0.359606 1.181716
481490864.7178 0.4537408 -0.3595905 1.181421
481490897.8157 0.4532233 -0.3597322 1.181138
481490930.8187 0.4528062 -0.3597949 1.180884
481490964.7208 0.4524895 -0.3596555 1.180547
481490997.797 0.4522107 -0.3585454 1.180266
481491030.791 0.4520207 -0.3588763 1.180173
481491064.7124 0.4517791 -0.3590612 1.18028
481491097.7942 0.4513954 -0.3592834 1.180287
481491130.78 0.4510122 -0.3597283 1.18034
481491164.7089 0.4504942 -0.360424 1.180526
481491197.8544 0.449956 -0.3607669 1.180974
481491230.7843 0.4491861 -0.3611751 1.181436
481491264.7098 0.4485152 -0.3618638 1.182115
481491297.7921 0.4480231 -0.3623953 1.182447
481491330.7886 0.4476091 -0.3627265 1.182666
481491364.7137 0.4471791 -0.3629803 1.183047
481491397.7927 0.4468703 -0.3630495 1.183329
481491430.7834 0.4466408 -0.3631134 1.18351
481491464.7093 0.4463392 -0.3632357 1.18392
481491497.7818 0.4460584 -0.363414 1.184156
481491530.7942 0.4458559 -0.3634975 1.184424
481491564.7025 0.4457209 -0.3636212 1.184428
481491597.7959 0.4456601 -0.3636355 1.184474
481491630.7841 0.4456483 -0.3636203 1.184529
481491664.7175 0.4456074 -0.3636223 1.185058
481491697.7874 0.4456121 -0.3636934 1.185122
481491730.788 0.4455552 -0.3638247 1.18544
481491764.7185 0.4457988 -0.3638542 1.185393
481491797.8007 0.445973 -0.3639079 1.18567
481491830.7738 0.4460486 -0.3639956 1.185738
481491864.7096 0.4461562 -0.3640762 1.185884
481491897.7956 0.445651 -0.3640888 1.185789
481491930.7822 0.4466509 -0.366996 1.184049
481491964.7171 0.4467719 -0.3660058 1.184114
481491997.7814 0.4469289 -0.3659432 1.18401
481492030.7852 0.4472159 -0.3652448 1.183831
481492064.7136 0.4470288 -0.3652123 1.184049
481492097.7963 0.4470298 -0.3645731 1.184114
481492130.7768 0.4470007 -0.3645482 1.184018
481492164.7454 0.447035 -0.3643911 1.183942
481492197.7977 0.4470399 -0.3642674 1.183879
481492230.7831 0.4470226 -0.3643147 1.183879
481492264.7242 0.4471642 -0.3639221 1.183819
481492297.7794 0.4471946 -0.3638979 1.183812
481492330.7828 0.4473321 -0.3635009 1.183754
481492364.7067 0.4473357 -0.3634568 1.183701
481492397.7976 0.4477341 -0.3649812 1.182949
481492430.7694 0.4479921 -0.3656889 1.182446
481492464.7122 0.4477223 -0.3645585 1.182914
481492497.7883 0.4476639 -0.3645098 1.182962
481492530.7959 0.4476108 -0.3644847 1.183046
481492564.7103 0.447473 -0.3639564 1.183299
481492597.7815 0.4470901 -0.3647066 1.183761
481492630.7747 0.4469244 -0.364439 1.183851
481492664.7171 0.4468059 -0.3643264 1.18409
481492697.7878 0.4465944 -0.3645314 1.184264
481492730.7769 0.4476966 -0.3647627 1.184412
481492764.702 0.4479308 -0.3648876 1.184391
481492797.7782 0.4473649 -0.3647499 1.184902
481492830.7705 0.4471776 -0.364893 1.185011
481492864.7034 0.4469821 -0.3649591 1.185093
481492897.7808 0.4470612 -0.3651951 1.185
481492930.7777 0.4469664 -0.3652177 1.184972
481492964.7028 0.4470705 -0.3654256 1.184844
481492997.7887 0.4471903 -0.3655835 1.184914
481493030.7803 0.4471083 -0.3656082 1.185137
481493064.6984 0.4469793 -0.3655366 1.185176
481493097.7914 0.4468647 -0.3654658 1.184981
481493130.7768 0.4468021 -0.36552 1.184975
481493164.713 0.4474988 -0.3656745 1.183827
481493197.7825 0.4478084 -0.3658219 1.184401
481493230.7966 0.4474738 -0.3657331 1.184684
481493264.7386 0.4471463 -0.3656934 1.184812
481493297.774 0.4471205 -0.3655561 1.184912
481493330.7882 0.4471937 -0.3654457 1.184615
481493364.71 0.447072 -0.3654049 1.184597
481493397.7972 0.4472996 -0.3652875 1.184581
481493430.7711 0.4471772 -0.3652843 1.184578
481493464.6995 0.4474134 -0.3654587 1.184262
481493497.7727 0.4476477 -0.3656534 1.184256
481493530.7696 0.447748 -0.3659671 1.183898
481493564.7025 0.4477237 -0.3660209 1.183626
481493597.8012 0.4477349 -0.3663044 1.183555
481493630.7739 0.4478381 -0.3665005 1.183531
481493664.7027 0.4480218 -0.3666199 1.183591
481493697.7784 0.4480426 -0.3668106 1.18367
481493730.763 0.4480852 -0.3667995 1.183676
481493764.7111 0.4481571 -0.3668435 1.183608
481493797.7786 0.4482478 -0.3668939 1.18364
481493830.7648 0.4476971 -0.3668793 1.184692
481493864.6985 0.4474859 -0.3667863 1.184604
481493897.7832 0.4474688 -0.3667128 1.184915
481493930.7645 0.447455 -0.3667467 1.185024
481493964.702 0.448375 -0.3669508 1.18458
481493997.7756 0.4485002 -0.3670071 1.184196
481494030.802 0.4477231 -0.3668967 1.184553
481494064.7231 0.4480171 -0.3669031 1.184717
481494097.7754 0.4482322 -0.3668457 1.184589
481494130.7895 0.4484632 -0.3669139 1.184459
481494164.7043 0.4485335 -0.3669304 1.184058
481494197.7887 0.4486022 -0.3671924 1.183908
481494230.7605 0.4487219 -0.3674018 1.183985
481494264.7086 0.448761 -0.3674274 1.183945
481494297.8434 0.4487782 -0.3675447 1.183951
481494330.7693 0.4488178 -0.3678677 1.183882
481494364.7252 0.4488887 -0.3679247 1.18397
481494397.7734 0.4489149 -0.3679411 1.184003
481494430.7727 0.4489486 -0.3679905 1.18396
481494464.7081 0.4489684 -0.3680699 1.183919
481494497.7912 0.4489986 -0.3681341 1.183889
481494530.7622 0.4490658 -0.3682238 1.183901
481494564.7091 0.4491957 -0.368295 1.184017
481494597.7963 0.4492236 -0.3683135 1.184001
481494630.7739 0.4497645 -0.370903 1.182988
481494664.6974 0.450125 -0.3724976 1.182353
481494697.78 0.45011 -0.3721905 1.182521
481494730.7667 0.4501083 -0.37183 1.182686
481494764.7193 0.4500713 -0.3717116 1.182701
481494797.7892 0.4500555 -0.3714879 1.182754
481494830.7676 0.450073 -0.3712988 1.182931
481494864.7043 0.4500685 -0.3712359 1.182905
481494897.7779 0.4500484 -0.3711363 1.182904
481494930.7621 0.4500311 -0.3710647 1.182926
481494964.6933 0.4503998 -0.3727167 1.182144
481494997.7982 0.4503734 -0.3725606 1.182053
481495030.7807 0.4503587 -0.3724113 1.182141
481495064.7005 0.4502901 -0.3722575 1.182198
481495097.77 0.4502669 -0.3720922 1.182264
481495130.7579 0.4502 -0.3720611 1.182366
481495164.7011 0.4502116 -0.3719897 1.182422
481495197.7743 0.4503074 -0.3721492 1.182614
481495230.7745 0.4508387 -0.3745627 1.181579
481495264.7131 0.4507587 -0.3740052 1.181713
481495297.7749 0.4506835 -0.3737235 1.181779
481495330.7873 0.4506367 -0.3734279 1.181919
481495364.6985 0.4508141 -0.3738025 1.181687
481495397.7701 0.4507044 -0.3729997 1.182099
481495430.7616 0.4508734 -0.3737304 1.181824
481495464.6929 0.4511893 -0.3748582 1.181207
481495497.7781 0.4513745 -0.375673 1.180821
481495530.7569 0.4511984 -0.3749004 1.181223
481495564.7099 0.4510262 -0.3740833 1.181598
