481542164.5409 0.4316013 -0.4581394 1.196344
481542197.6298 0.4316076 -0.458135 1.196341
481542230.6139 0.431029 -0.4588501 1.197353
481542264.5633 0.4310231 -0.4588436 1.197294
481542297.6156 0.4303667 -0.4607568 1.198774
481542330.6223 0.429863 -0.4607527 1.199763
481542364.5413 0.4300655 -0.4620274 1.199233
481542397.6174 0.4295008 -0.4621677 1.199615
481542430.6102 0.4256828 -0.4663004 1.206614
481542464.5525 0.4256328 -0.4665678 1.206038
481542497.613 0.4256493 -0.4655263 1.205583
481542530.6079 0.4254935 -0.4665186 1.20504
481542564.5416 0.4254475 -0.4647121 1.204357
481542597.6177 0.4253497 -0.4640303 1.204137
481542630.6322 0.425321 -0.4637294 1.204242
481542664.543 0.4273339 -0.4913119 1.21
481542697.6171 0.4224481 -0.4817695 1.210257
481542730.6254 0.424336 -0.4961058 1.206771
481542764.5391 0.4237789 -0.4913118 1.209684
481542797.6164 0.4271758 -0.4489922 1.206765
481542830.6235 0.426944 -0.4502792 1.206714
481542864.5417 0.426891 -0.4509305 1.206684
481542897.6231 0.426886 -0.4509673 1.206645
481542930.6048 0.4268954 -0.4510175 1.206307
481542964.5529 0.4269747 -0.4502316 1.206876
481542997.6286 0.4269938 -0.4503009 1.206861
481543030.6181 0.4270374 -0.4503899 1.206843
481543064.5359 0.4275071 -0.4533549 1.207709
481543097.6198 0.4275991 -0.4542294 1.207604
481543130.6162 0.4276789 -0.4549761 1.207197
481543164.5418 0.4282551 -0.4555074 1.205567
481543197.6175 0.4286061 -0.4557554 1.204523
481543230.6078 0.4283319 -0.4566886 1.204939
481543264.5534 0.4284719 -0.4567971 1.203389
481543297.6164 0.4282647 -0.4569173 1.203329
481543330.603 0.4299444 -0.433438 1.202029
481543364.5384 0.4277254 -0.4530472 1.201554
481543397.6125 0.4302838 -0.433516 1.193428
481543430.6143 0.4283383 -0.4322257 1.200681
481543464.5386 0.426901 -0.4582883 1.201067
481543497.611 0.4269108 -0.4590615 1.201245
481543530.6013 0.4268322 -0.4597579 1.201161
481543564.5449 0.4266704 -0.4608639 1.201066
481543597.6116 0.4264997 -0.4639853 1.200679
481543630.6158 0.4269215 -0.4277773 1.206528
481543664.5512 0.4268915 -0.4274967 1.206464
481543697.6269 0.4289441 -0.4258539 1.194655
481543730.6053 0.4264488 -0.4642767 1.200664
481543764.5473 0.4276825 -0.4272866 1.204104
481543797.6497 0.4282355 -0.4259658 1.193836
481543830.6125 0.4277051 -0.4269739 1.200317
481543864.5359 0.4282765 -0.4264321 1.196133
481543897.6219 0.4285907 -0.4268424 1.194824
481543930.6126 0.4287398 -0.4270899 1.193428
481543964.5336 0.4277073 -0.4286513 1.204042
481543997.6114 0.4267539 -0.4665926 1.199556
481544030.5972 0.4288012 -0.4272985 1.191787
481544064.5818 0.4288509 -0.4278039 1.191698
481544097.6087 0.4271956 -0.429175 1.201265
481544130.6142 0.4285935 -0.4286202 1.195249
481544164.5438 0.4264335 -0.4688047 1.199059
481544197.6355 0.426415 -0.468296 1.199109
481544230.6262 0.4263585 -0.4691538 1.198765
481544264.5313 0.4263704 -0.4688787 1.198591
481544297.6053 0.4263543 -0.4687849 1.19859
481544330.6777 0.4263797 -0.4688593 1.198399
481544364.5458 0.4263708 -0.4686591 1.198187
481544397.6141 0.4289206 -0.4289434 1.188074
481544430.6143 0.4270468 -0.4302801 1.203069
481544464.5505 0.4284863 -0.4290099 1.188816
481544497.6052 0.4290203 -0.4285212 1.189708
481544530.5939 0.4289186 -0.4285599 1.18925
481544564.5313 0.4264718 -0.4683746 1.197055
481544597.6173 0.4265774 -0.4683798 1.19691
481544630.5941 0.4269782 -0.468603 1.196781
481544664.5434 0.4287974 -0.4327008 1.188399
481544697.6093 0.4292037 -0.4317793 1.186851
481544730.6082 0.4291265 -0.4330474 1.202785
481544764.5333 0.4331164 -0.4307434 1.189808
481544797.6226 0.4325607 -0.4298416 1.189033
481544830.6203 0.4324469 -0.4292586 1.18908
481544864.5396 0.432259 -0.4290352 1.188802
481544897.6096 0.4321658 -0.4282085 1.188609
481544930.5974 0.431722 -0.427724 1.188009
481544964.5451 0.431277 -0.4275247 1.18749
481544997.6151 0.4309605 -0.4272177 1.186858
481545030.6719 0.4307388 -0.4272724 1.186545
481545064.5359 0.4305469 -0.4278492 1.186103
481545097.6087 0.4304434 -0.431563 1.185356
481545130.6056 0.4303526 -0.4329048 1.18508
481545164.6103 0.4303438 -0.4341669 1.184977
481545197.624 0.4303567 -0.4352418 1.184964
481545230.6102 0.4298289 -0.4362388 1.184407
481545264.608 0.4293606 -0.4372561 1.183596
481545297.6213 0.428331 -0.43641 1.184628
481545330.6096 0.4283593 -0.4377235 1.183931
481545364.5532 0.4283862 -0.438466 1.183547
481545397.633 0.4283772 -0.4388576 1.184558
481545430.5978 0.4281743 -0.438932 1.184797
481545464.5406 0.4279535 -0.4392783 1.185249
481545497.6828 0.4274778 -0.4399006 1.185128
481545530.5992 0.4245967 -0.4398124 1.19407
481545564.5281 0.4240541 -0.4384457 1.185015
481545597.6021 0.4293675 -0.4832689 1.190661
481545630.5986 0.4287332 -0.4825243 1.190836
481545664.6079 0.4286975 -0.4823851 1.190636
481545697.6269 0.4284223 -0.4799243 1.191249
481545730.6094 0.4278169 -0.4803141 1.19189
481545764.6101 0.4277241 -0.4800056 1.191976
481545797.6546 0.4265144 -0.4796516 1.192619
481545830.6724 0.4181027 -0.4502083 1.199001
481545864.5409 0.425459 -0.4674804 1.193229
481545897.6855 0.4265153 -0.4695143 1.191906
481545930.604 0.4252665 -0.470019 1.192373
481545964.5328 0.4252957 -0.4707784 1.192465
481545997.6102 0.4252056 -0.4716341 1.192707
481546030.6083 0.4246694 -0.462854 1.192873
481546064.533 0.4246304 -0.4618666 1.192833
481546097.6029 0.4251661 -0.4654188 1.192477
481546130.6232 0.4249342 -0.461744 1.192742
481546164.5323 0.416757 -0.4505238 1.202246
481546197.6113 0.424733 -0.4574694 1.193105
481546230.5971 0.416816 -0.4466211 1.197382
481546264.5415 0.424801 -0.4551942 1.193968
481546297.6094 0.4276287 -0.462988 1.194833
481546330.6092 0.4186434 -0.4572009 1.198478
481546364.531 0.4199532 -0.4476097 1.192275
481546397.6137 0.4198391 -0.4452678 1.190885
481546430.6003 0.4198152 -0.446627 1.189742
481546464.5267 0.4195043 -0.4437935 1.189257
481546497.6175 0.4177131 -0.4454833 1.198219
481546530.6079 0.4185112 -0.4442768 1.189894
481546564.5465 0.4195616 -0.4517969 1.189161
481546597.6177 0.4190706 -0.4431282 1.186891
481546630.5998 0.4191222 -0.4432374 1.186927
481546664.536 0.4194705 -0.4447922 1.187566
481546697.6109 0.4180532 -0.4451451 1.200001
481546730.5934 0.4191304 -0.4434816 1.190042
481546764.5276 0.4190003 -0.4426482 1.188973
481546797.6012 0.4202949 -0.4518474 1.188513
481546830.5915 0.4193272 -0.4533083 1.197875
481546864.5298 0.4194091 -0.4466643 1.192593
481546897.6137 0.4198129 -0.4453734 1.190378
481546930.5991 0.4178579 -0.446261 1.199284
481546964.5258 0.4268434 -0.46607 1.194125
481546997.6212 0.4273496 -0.4602629 1.194342
481547030.591 0.4199985 -0.4484247 1.188811
481547064.5367 0.419984 -0.4482571 1.188262
481547097.6128 0.420696 -0.4523402 1.188589
481547130.59 0.4207076 -0.4520251 1.188509
481547164.5631 0.4205799 -0.4506803 1.187967
481547197.6015 0.4202919 -0.4495199 1.187925
481547230.5942 0.4200225 -0.4445052 1.188069
481547264.5206 0.4200045 -0.4431285 1.188524
481547297.6357 0.4198736 -0.4424158 1.188427
481547330.601 0.4206855 -0.4426431 1.190065
481547364.5269 0.4206253 -0.4426385 1.190399
481547397.6137 0.4207743 -0.443082 1.190656
481547430.6065 0.4208677 -0.4431868 1.190603
481547464.5295 0.4188433 -0.4458785 1.199872
481547497.6767 0.4178606 -0.4258378 1.195166
481547530.6046 0.4206009 -0.4442866 1.191199
481547564.5359 0.420398 -0.4431431 1.189528
481547597.6756 0.4291029 -0.4638406 1.195798
481547630.5912 0.4294548 -0.4670635 1.195542
481547664.5697 0.429233 -0.4611822 1.194839
481547697.6051 0.4289226 -0.4588594 1.194802
481547730.5918 0.4228364 -0.4519379 1.189045
481547764.5317 0.422378 -0.4475758 1.189584
481547797.616 0.4222763 -0.4464498 1.189692
481548064.5198 0.4280304 -0.4567336 1.19459
481548097.6083 0.4222539 -0.452625 1.1884
481548130.5928 0.4224576 -0.4523266 1.189446
481548164.5307 0.4197126 -0.4566072 1.21132
481548197.606 0.4231123 -0.4543364 1.190225
481548230.5946 0.4206527 -0.4573624 1.203286
481548264.5349 0.4227472 -0.4548204 1.19147
481548297.6345 0.4227618 -0.4535126 1.191624
481548330.6285 0.4211831 -0.4351248 1.195628
481548364.5269 0.4217827 -0.4371539 1.19499
481548397.6071 0.4215799 -0.43764 1.196711
481548430.5876 0.4229622 -0.4551348 1.193597
481548464.5328 0.4229864 -0.462553 1.194965
481548497.6024 0.4224761 -0.4386361 1.195321
481548530.5898 0.4227851 -0.4386007 1.195028
481548564.5338 0.422547 -0.4385144 1.192844
481548597.6017 0.4205658 -0.4092552 1.195722
481548630.5858 0.4207805 -0.4095236 1.195763
481548664.5455 0.4325592 -0.4399978 1.192355
481548697.6101 0.4223545 -0.4041812 1.19782
481548730.5955 0.4224359 -0.4043669 1.197003
481548764.5308 0.4345041 -0.4538998 1.193742
481548797.5914 0.4253069 -0.4177559 1.194853
481548830.5837 0.4251994 -0.4160174 1.193675
481548864.5298 0.425135 -0.4162025 1.193687
481548897.6059 0.4306699 -0.3926929 1.188901
481548930.5843 0.4283757 -0.4149166 1.18716
481548964.5156 0.4342574 -0.3903258 1.190288
481548997.6015 0.4262775 -0.4126382 1.189117
481549030.6074 0.4341576 -0.3870602 1.186081
481549064.5313 0.4333295 -0.3835414 1.184961
481549297.6074 0.4898407 -0.2963388 1.173432
481549330.5813 0.4992153 -0.2876532 1.167814
481549364.5339 0.4973742 -0.2789218 1.169575
481549397.6026 0.4961876 -0.2705739 1.170615
481549430.5814 0.4766715 -0.3024189 1.165494
481549464.5271 0.4896211 -0.2555587 1.154944
481549497.5946 0.4655938 -0.2983875 1.165724
481549530.5845 0.464442 -0.2895771 1.160528
481549564.5744 0.4623799 -0.2734276 1.147514
481549597.6013 0.464752 -0.2538555 1.141114
481549630.6006 0.4662211 -0.2400547 1.141805
481549664.5175 0.4714439 -0.213416 1.171111
481549697.6203 0.4713773 -0.210866 1.169055
481549730.5827 0.473847 -0.1991425 1.085246
481549764.53 0.4739704 -0.1723642 1.158208
481549797.6037 0.471487 -0.1910105 1.09344
481549830.5878 0.468983 -0.1957721 1.139083
481549864.5207 0.4738502 -0.1802302 1.092342
481549897.6038 0.4744351 -0.1796038 1.092349
481549930.5954 0.4745389 -0.1795107 1.092612
481549964.5205 0.4745145 -0.179495 1.092777
481549997.6003 0.4648964 -0.1918956 1.147881
481550030.5812 0.4640947 -0.1917699 1.143252
481550064.5264 0.4698823 -0.1858881 1.096201
481550097.6132 0.4670852 -0.1884908 1.096953
481550130.5928 0.4597023 -0.2050054 1.14427
481550164.5212 0.4555923 -0.2192757 1.143271
481550197.5969 0.456165 -0.2250896 1.148328
481550230.5848 0.4504201 -0.248911 1.14491
481550264.553 0.4491216 -0.25973 1.146478
481550297.6 0.4493908 -0.2667045 1.148636
481550330.58 0.4482361 -0.2830656 1.160856
481550364.5203 0.4494499 -0.2895281 1.165834
481550397.601 0.4505759 -0.2984226 1.165698
481550430.581 0.4535017 -0.3026739 1.166969
481550464.5246 0.4554607 -0.3156216 1.166796
481550497.5954 0.467477 -0.3041945 1.167829
481550530.5816 0.472357 -0.3000949 1.167054
481550564.526 0.4867757 -0.2925544 1.16341
481550597.5898 0.4503797 -0.353818 1.184224
481550630.5834 0.4408332 -0.3532119 1.148128
481550664.5253 0.4401878 -0.3577368 1.148105
481550697.6598 0.4464717 -0.36542 1.182638
481550730.5831 0.4190784 -0.3914291 1.17747
481550764.5276 0.4185023 -0.3928227 1.173752
481550797.6106 0.4212761 -0.3958017 1.179217
481550830.656 0.4320499 -0.3859634 1.17495
481550864.5216 0.4615039 -0.3831538 1.177716
481550897.5915 0.4615177 -0.3859621 1.177039
481550930.5765 0.4615646 -0.3884849 1.176783
481551197.5982 0.4222695 -0.4237208 1.188673
481551230.5827 0.4385651 -0.4300102 1.188044
481551264.5144 0.4218815 -0.425866 1.19065
481551297.5959 0.4374332 -0.4314554 1.187502
481551330.5755 0.4369552 -0.4321775 1.187394
481551364.5129 0.4213971 -0.4271722 1.191832
481551397.5878 0.4214792 -0.4279232 1.193499
481551430.5769 0.4214332 -0.4292413 1.193321
481551464.5057 0.4212505 -0.4303387 1.193605
481551497.5917 0.4205462 -0.4310926 1.192974
481551530.5787 0.4202412 -0.4315329 1.193015
481551564.5083 0.4197161 -0.4318766 1.192178
481551597.584 0.4195111 -0.4320859 1.192127
481551630.5809 0.4194682 -0.4323708 1.192491
481551664.5258 0.4193343 -0.4324118 1.192953
481551697.5969 0.4191851 -0.4322286 1.192912
481551730.5745 0.4173908 -0.4340645 1.201649
481551764.5058 0.4176418 -0.4320095 1.188673
481551797.5992 0.4183511 -0.4325064 1.190687
481551830.5722 0.4181421 -0.4326445 1.191187
481551864.5043 0.417789 -0.4321531 1.19049
481552130.5883 0.4171066 -0.4329337 1.191101
481552164.5175 0.4172159 -0.432906 1.191306
481552197.5793 0.4170355 -0.4327179 1.190033
481552230.5827 0.4170487 -0.4325964 1.189286
481552264.512 0.4170009 -0.4325215 1.188871
481552297.5815 0.4169354 -0.4325115 1.1888
481552330.5804 0.4161451 -0.4345454 1.201889
481552364.5109 0.4169021 -0.4324004 1.186721
481552397.6211 0.4167632 -0.4325295 1.186319
481552430.5806 0.4167047 -0.432744 1.186288
481552464.5111 0.4166836 -0.4330141 1.187502
481552497.5843 0.4167112 -0.4338023 1.187875
481552530.5783 0.4170843 -0.4339983 1.189995
481552564.5055 0.4171435 -0.4340532 1.190326
481552597.5992 0.4148144 -0.435632 1.199959
481552630.5785 0.4162857 -0.4339613 1.188726
481552664.5171 0.4161575 -0.4338447 1.188582
481552697.5793 0.4160722 -0.4341106 1.188478
481552730.5766 0.4160705 -0.4342618 1.188238
481552764.5296 0.4161379 -0.434489 1.188604
481552797.5877 0.4159697 -0.4345184 1.188493
481552830.5813 0.4157195 -0.4345672 1.188577
481552864.5207 0.4157407 -0.4346209 1.188681
481552897.5944 0.4146088 -0.4360573 1.199518
481552930.5806 0.4156716 -0.4340219 1.18731
481552964.5082 0.4156525 -0.4339266 1.1877
481552997.5905 0.4155228 -0.4336297 1.187565
481553030.5762 0.4141911 -0.4353045 1.199005
481553064.5276 0.415071 -0.4340435 1.190426
481553097.5902 0.415036 -0.4339227 1.189793
481553130.5702 0.4150549 -0.4338966 1.189793
481553164.511 0.4137684 -0.4350201 1.197508
481553197.5961 0.4142709 -0.4336397 1.187753
481553230.5733 0.4142818 -0.4335732 1.187649
481553264.5124 0.4142535 -0.4332568 1.186825
481553297.5827 0.4140643 -0.4331575 1.186707
481553330.5915 0.4139941 -0.4330489 1.186696
481553364.5203 0.4140713 -0.4330215 1.186401
481553397.5866 0.4140347 -0.432915 1.186091
481553430.5818 0.4137288 -0.434766 1.200446
481553464.5086 0.4138263 -0.4333832 1.188353
481553497.6089 0.4138636 -0.4333957 1.188244
481553530.5738 0.4138737 -0.4334179 1.188162
481553564.5067 0.4139226 -0.4333433 1.188035
481553597.598 0.414007 -0.4333527 1.187864
481553630.5678 0.4141661 -0.4334542 1.188078
481553664.5077 0.4142065 -0.4333452 1.187638
481553697.5904 0.4142013 -0.4331784 1.186704
481553730.5983 0.4142014 -0.4330609 1.186207
481553764.5189 0.4142088 -0.43299 1.186211
481553797.6226 0.4146612 -0.4331151 1.187456
481553830.5825 0.4145617 -0.4330909 1.187459
481553864.5031 0.414557 -0.4331901 1.187593
481553897.5927 0.4145197 -0.4330134 1.187064
481553930.5777 0.4144987 -0.432837 1.186402
481553964.5115 0.4144905 -0.4327564 1.186624
481553997.5798 0.4145074 -0.4326334 1.186469
481554030.5795 0.4147246 -0.4327249 1.187385
481554064.5112 0.414746 -0.4327711 1.18796
481554097.589 0.414656 -0.4325876 1.187402
481554130.5735 0.4147579 -0.4326349 1.188378
481554164.4999 0.415017 -0.4327314 1.189277
481554197.6232 0.4150251 -0.4326575 1.189113
