481608964.3189 0.4403497 -0.4042469 1.194878
481608997.4082 0.4401787 -0.4044789 1.194809
481609030.4596 0.4396193 -0.4045933 1.194444
481609064.317 0.4392967 -0.4044151 1.194149
481609097.4161 0.4389779 -0.4045239 1.19402
481609130.4142 0.4387653 -0.4044957 1.193918
481609164.3139 0.4384176 -0.4043353 1.19369
481609197.3937 0.438124 -0.4044703 1.193528
481609230.421 0.4379153 -0.4042986 1.193376
481609264.3346 0.4376029 -0.4043783 1.193139
481609297.3947 0.4373905 -0.4047321 1.192981
481609330.3928 0.4371684 -0.4051149 1.192735
481609364.3208 0.4369657 -0.4048539 1.192803
481609397.4076 0.4368454 -0.4047239 1.192791
481609430.3967 0.4366834 -0.4040872 1.192656
481609464.3386 0.436469 -0.4039222 1.192397
481609497.4685 0.4364052 -0.4039126 1.192404
481609530.4092 0.4364882 -0.403716 1.192351
481609564.3277 0.4355878 -0.3862937 1.194874
481609597.3977 0.4353049 -0.3893471 1.194558
481609630.3945 0.4351143 -0.3870145 1.195449
481609664.3209 0.4348562 -0.3855238 1.196198
481609697.3871 0.4437125 -0.4111407 1.195315
481609730.3906 0.4334543 -0.3823136 1.197585
481609764.3157 0.4334301 -0.3819631 1.197863
481609797.4058 0.4334585 -0.3819759 1.197925
481609830.3846 0.4335004 -0.3820377 1.198075
481609864.3582 0.4334977 -0.3819218 1.198153
481609897.3932 0.4334014 -0.3863814 1.198548
481609930.3963 0.4334716 -0.3855572 1.198807
481609964.314 0.434376 -0.3967417 1.198172
481609997.3901 0.434367 -0.3968126 1.198227
481610030.3911 0.434553 -0.3914545 1.198337
481610064.3174 0.434803 -0.3890109 1.199046
481610097.3903 0.4346998 -0.3925596 1.198634
481610130.3826 0.4345998 -0.3933682 1.198741
481610164.3328 0.4344835 -0.3936788 1.198801
481610197.3904 0.4346947 -0.3988343 1.198371
481610230.3955 0.4345751 -0.3995036 1.198382
481610264.3284 0.4342067 -0.3941466 1.198759
481610297.3885 0.433981 -0.3916017 1.198715
481610330.3908 0.4340376 -0.3908065 1.198817
481610364.3122 0.4337085 -0.3919677 1.198459
481610397.3842 0.4335913 -0.3930331 1.198755
481610430.3794 0.4335107 -0.3908691 1.198715
481610464.3247 0.4333709 -0.3937162 1.198659
481610497.3893 0.4333312 -0.3957956 1.19822
481610530.4063 0.433366 -0.3918038 1.198042
481610564.3289 0.4331433 -0.3887315 1.198175
481610597.4108 0.4331535 -0.3938893 1.197642
481610630.4007 0.433196 -0.3951533 1.197619
481610664.3275 0.4333431 -0.3907854 1.198188
481610697.4015 0.4333123 -0.3923546 1.198415
481610730.3787 0.4333537 -0.3930343 1.198538
481610764.3231 0.4336286 -0.3946035 1.198526
481610797.4124 0.4340712 -0.4008014 1.198148
481610830.3842 0.434298 -0.4029567 1.19759
481610864.3368 0.4343813 -0.403789 1.197173
481610897.4006 0.434395 -0.4036822 1.197238
481610930.3815 0.4347881 -0.4056374 1.197276
481610964.3284 0.4349393 -0.4065916 1.197298
481610997.4258 0.4349357 -0.4060467 1.197422
481611030.3763 0.4349904 -0.4053775 1.197662
481611064.3166 0.4352745 -0.3965816 1.198439
481611097.3919 0.4353669 -0.3999077 1.198437
481611130.3781 0.4353969 -0.4000184 1.19833
481611164.3164 0.4353958 -0.4000279 1.198659
481611197.4709 0.4357886 -0.4019839 1.199004
481611230.382 0.4355418 -0.4018192 1.199118
481611264.3338 0.4347302 -0.3920386 1.19931
481611297.4719 0.4351003 -0.3945302 1.199779
481611330.3805 0.4359022 -0.3995514 1.199035
481611364.3105 0.4359258 -0.3996641 1.199007
481611397.4105 0.4359366 -0.3997876 1.19898
481611430.4028 0.4355155 -0.3940841 1.199166
481611464.339 0.4356628 -0.3955307 1.199212
481611497.4275 0.4356325 -0.3955862 1.199262
481611530.3849 0.4356114 -0.3959973 1.199279
481611564.3158 0.4354767 -0.3909987 1.199362
481611597.4629 0.4355523 -0.3907799 1.199138
481611630.374 0.4354364 -0.3923524 1.199369
481611664.3205 0.4355572 -0.3892576 1.199411
481611697.4623 0.4360912 -0.3925268 1.196897
481611730.3992 0.4363634 -0.3943531 1.195809
481611764.3063 0.4366414 -0.3966763 1.196608
481611797.3877 0.4367766 -0.3854448 1.198004
481611830.3747 0.4365827 -0.3897569 1.199314
481611864.304 0.4364633 -0.3911977 1.199675
481611897.4638 0.4367946 -0.3954611 1.195572
481611930.3712 0.4367727 -0.3960898 1.196224
481611964.328 0.4371134 -0.3968174 1.19556
481611997.3991 0.4370918 -0.3963439 1.194953
481612030.3816 0.4370346 -0.3964453 1.194981
481612064.3092 0.4368791 -0.3964911 1.195409
481612097.3808 0.4367876 -0.3961582 1.195701
481612130.3703 0.4365529 -0.3959444 1.196415
481612164.3238 0.436498 -0.3957168 1.195203
481612197.4077 0.4369209 -0.395717 1.194675
481612230.368 0.4377272 -0.4053595 1.194379
481612264.3046 0.4369729 -0.4051163 1.196059
481612297.3902 0.43572 -0.4041659 1.199511
481612330.3739 0.4355415 -0.3995401 1.201024
481612364.3249 0.4355054 -0.3991458 1.20115
481612397.3858 0.4354822 -0.3989554 1.201231
481612430.3716 0.4355216 -0.3987621 1.199379
481612464.3082 0.435311 -0.3981191 1.198302
481612497.4016 0.4353555 -0.3973391 1.198717
481612530.4486 0.435327 -0.396685 1.199344
481612564.3203 0.4351825 -0.3969573 1.199751
481612597.3944 0.4356896 -0.3961518 1.196725
481612630.3785 0.4359779 -0.3960963 1.19594
481612664.3065 0.4361663 -0.3959844 1.195129
481612697.4524 0.4361143 -0.3959476 1.194877
481612730.3844 0.4360334 -0.3954045 1.194362
481612764.3153 0.4360268 -0.3954099 1.194088
481612797.3791 0.4359721 -0.3953908 1.194478
481612830.3871 0.4378567 -0.4041528 1.194829
481612864.3073 0.4367039 -0.4039192 1.197525
481612897.4191 0.4352967 -0.4030966 1.201119
481612930.3688 0.4353705 -0.4007601 1.201835
481612964.3949 0.4410468 -0.424722 1.201755
481612997.3782 0.4353765 -0.3978954 1.20436
481613030.3829 0.4353765 -0.3978906 1.20436
481613064.317 0.4362767 -0.3971179 1.19933
481613097.3874 0.4363799 -0.3957027 1.196759
481613130.3724 0.4364248 -0.3955283 1.195742
481613164.3073 0.436198 -0.3950745 1.198028
481613197.381 0.4361967 -0.3953214 1.196917
481613230.3692 0.4364758 -0.3942403 1.195568
481613264.3087 0.4362599 -0.3940808 1.197494
481613297.384 0.4361819 -0.3941935 1.197702
481613330.3756 0.4360864 -0.3942091 1.197875
481613364.3023 0.436305 -0.3931422 1.196265
481613397.4729 0.4363244 -0.3935058 1.195337
481613430.3766 0.4362881 -0.3935993 1.19489
481613464.3058 0.436396 -0.3941275 1.194374
481613497.3811 0.4365014 -0.3945715 1.19409
481613530.3837 0.4365436 -0.3943977 1.193668
481613564.3055 0.4366241 -0.3945093 1.193453
481613597.3956 0.4380288 -0.4234875 1.196959
481613630.3703 0.4341308 -0.3959054 1.206333
481613664.3188 0.4343546 -0.3956884 1.205587
481613697.3847 0.4349047 -0.3959221 1.201105
481613730.3807 0.4355646 -0.3956076 1.198821
481613764.3108 0.4356682 -0.3949298 1.197635
481613797.4222 0.4357458 -0.3953453 1.196588
481613830.3797 0.4359037 -0.3955784 1.196038
481613864.3179 0.4359302 -0.3953947 1.196643
481613897.3826 0.4360766 -0.3949088 1.196172
481613930.3737 0.4360839 -0.3953742 1.197293
481613964.3025 0.4359542 -0.3936949 1.19592
481613997.372 0.4359811 -0.3939545 1.195319
481614030.4063 0.4358498 -0.3934044 1.196441
481614064.324 0.4358858 -0.3931789 1.195938
481614097.389 0.4360126 -0.3926787 1.195422
481614130.3691 0.4363595 -0.393304 1.194922
481614164.3098 0.4366433 -0.3940138 1.194329
481614197.3769 0.4367291 -0.3941555 1.194023
481614230.3668 0.4366734 -0.3942139 1.193784
481614264.2989 0.4368338 -0.394692 1.193131
481614297.3877 0.4370194 -0.3954188 1.192512
481614330.3739 0.4373753 -0.3960066 1.192156
481614364.3064 0.4374102 -0.3965461 1.191753
481614397.3875 0.4374363 -0.3962158 1.191467
481614430.3753 0.4372031 -0.3964777 1.193873
481614464.3062 0.4377274 -0.3939101 1.19289
481614497.377 0.4376782 -0.3940769 1.192505
481614530.3652 0.4377126 -0.3948025 1.193913
481614564.3092 0.4413463 -0.4244343 1.20225
481614597.3771 0.4354033 -0.3954375 1.199469
481614630.3724 0.4355421 -0.3955318 1.19791
481614664.3057 0.4361227 -0.3961195 1.196653
481614697.3793 0.4364396 -0.3957151 1.195577
481614730.3692 0.4364985 -0.3957152 1.195261
481614764.303 0.4365145 -0.3959613 1.194932
481614797.3746 0.4367703 -0.3962016 1.194609
481614830.3706 0.4367895 -0.3958976 1.194054
481614864.2974 0.4367517 -0.3955223 1.19357
481614897.3813 0.4366948 -0.3954397 1.193466
481614930.3766 0.4367528 -0.3953844 1.193168
481614964.3025 0.4368958 -0.3941383 1.19552
481614997.3704 0.4369748 -0.3944772 1.19512
481615030.3788 0.4371389 -0.3945621 1.194502
481615064.2994 0.4373233 -0.394583 1.193805
481615097.3702 0.4372728 -0.4086905 1.194955
481615130.3761 0.4377351 -0.3950828 1.19355
481615164.3135 0.4378596 -0.3965121 1.192655
481615197.3781 0.4380441 -0.3968596 1.192066
481615230.361 0.4382547 -0.3978302 1.191387
481615264.3235 0.4382677 -0.398053 1.191174
481615297.3725 0.4381878 -0.3971172 1.190968
481615330.3682 0.4382631 -0.3970171 1.190827
481615364.3114 0.4385241 -0.3976766 1.19056
481615397.3764 0.4407979 -0.403961 1.188837
481615430.3848 0.4385863 -0.4035784 1.188653
481615464.3119 0.4386556 -0.4015912 1.190463
481615497.3946 0.4390416 -0.4006578 1.190485
481615530.3562 0.4391804 -0.4005618 1.190004
481615564.2981 0.4393395 -0.4010041 1.189643
481615597.394 0.4394968 -0.4007514 1.189642
481615630.3646 0.4394357 -0.3988447 1.189264
481615664.3045 0.4395225 -0.3988366 1.189112
481615697.3937 0.4396889 -0.3995408 1.188934
481615730.3668 0.4399135 -0.4001575 1.188785
481615764.372 0.439902 -0.4002055 1.188686
481615797.3701 0.439955 -0.4000732 1.188685
481615830.3747 0.4397897 -0.3999194 1.18854
481615864.3044 0.4400802 -0.3976713 1.188571
481615897.3731 0.4400677 -0.3978902 1.188345
481615930.3585 0.4394535 -0.397555 1.190886
481615964.3337 0.4395052 -0.3976747 1.190652
481615997.3807 0.4394594 -0.3976782 1.190337
481616030.373 0.4393236 -0.3984603 1.189987
481616064.3179 0.4391323 -0.3981067 1.189654
481616097.3734 0.4391195 -0.3982739 1.189594
481616130.3662 0.4389437 -0.3983025 1.189469
481616164.3004 0.4387898 -0.3975602 1.189373
481616197.4475 0.4387679 -0.3975657 1.189312
481616230.3643 0.4386973 -0.3970275 1.188743
481616264.3174 0.4386639 -0.397001 1.188708
481616297.3729 0.4386194 -0.3968174 1.188707
481616330.3653 0.4385928 -0.3966295 1.188705
481616364.3216 0.4403575 -0.404252 1.188123
481616397.3936 0.4392117 -0.4042587 1.189242
481616430.3675 0.4389732 -0.4045795 1.188993
481616464.2972 0.4383369 -0.4038674 1.188418
481616497.3864 0.4380485 -0.4023442 1.188118
481616530.435 0.438095 -0.4015822 1.188309
481616564.2957 0.4380592 -0.4012038 1.18834
481616597.3743 0.4380967 -0.4011944 1.188384
481616630.3555 0.4381885 -0.4005834 1.188525
481616664.3036 0.4385612 -0.4002468 1.189162
481616697.3703 0.4399945 -0.395501 1.189322
481616730.3528 0.4405902 -0.3957537 1.190772
481616764.2944 0.443253 -0.3983884 1.194109
481616797.366 0.4416334 -0.4331432 1.200409
481616830.3731 0.4415305 -0.4328984 1.20069
481616864.2945 0.4422202 -0.432421 1.198106
481616897.378 0.4423245 -0.4317534 1.19731
481616930.3675 0.4424395 -0.4309042 1.196571
481616964.3021 0.4400588 -0.4232228 1.197328
481616997.37 0.4400265 -0.420497 1.196328
481617030.357 0.4413272 -0.4174248 1.19378
481617064.292 0.4417589 -0.4089177 1.191557
481617097.3788 0.4557838 -0.3734494 1.186259
481617130.3568 0.445073 -0.4029386 1.183761
481617164.3004 0.44613 -0.4017861 1.180093
481617197.3715 0.4699721 -0.3695473 1.188159
481617230.3528 0.4946646 -0.3474445 1.18074
481617264.2977 0.4951823 -0.3443738 1.179622
481617297.4087 0.4967024 -0.3315431 1.179554
481617330.3628 0.4970283 -0.323572 1.179908
481617364.2974 0.5214401 -0.2607201 1.176965
481617397.3949 0.5215915 -0.2590271 1.176114
481617430.3622 0.5218598 -0.2540107 1.173271
481617464.3267 0.5205916 -0.2501047 1.170451
481617497.3659 0.4836681 -0.2724066 1.133267
481617530.357 0.4916038 -0.2608277 1.139973
481617564.2908 0.4937497 -0.2502535 1.143677
481617597.3656 0.4949397 -0.2384498 1.148727
481617630.3535 0.4935116 -0.2338197 1.145424
481617664.3008 0.4926664 -0.2288069 1.1426
481617697.3728 0.4917183 -0.2233513 1.138816
481617730.3692 0.4940023 -0.2108352 1.138445
481617764.3009 0.4936911 -0.2035331 1.136012
481617797.3688 0.4933785 -0.2004564 1.137076
481617830.3756 0.492392 -0.1978098 1.137683
481617864.2876 0.5350209 -0.1513266 1.150936
481617897.3723 0.488364 -0.1869313 1.118907
481617930.3585 0.4969746 -0.1779522 1.183202
481617964.3037 0.5120564 -0.148327 1.171201
481617997.3667 0.4865594 -0.1915073 1.13499
481618030.3562 0.4851749 -0.1933369 1.140835
481618064.3113 0.4824021 -0.2028138 1.1357
481618097.364 0.4829669 -0.2048066 1.16602
481618130.3699 0.4796859 -0.2207401 1.149891
481618164.2934 0.4751972 -0.228789 1.143171
481618197.3826 0.4729583 -0.2412122 1.155001
481618230.3557 0.47273 -0.2505428 1.162841
481618264.2862 0.4883676 -0.2432319 1.157968
481618297.3639 0.4907217 -0.2453741 1.160326
481618330.3657 0.4948155 -0.2454338 1.161208
481618364.2999 0.4910813 -0.2784398 1.16776
481618397.4039 0.5013947 -0.2658478 1.164677
481618430.3589 0.5029954 -0.2646862 1.164796
481618464.2951 0.5042705 -0.265319 1.165583
481618497.3696 0.5008342 -0.2863813 1.172513
481618530.3866 0.5046281 -0.2819915 1.172037
481618564.2936 0.5072351 -0.280144 1.172289
481618597.3771 0.5092112 -0.2826822 1.170636
481618630.3568 0.5105913 -0.2859868 1.16958
481618664.311 0.5248008 -0.3176768 1.163644
481618697.3793 0.4705825 -0.3538283 1.182404
481618730.3602 0.4451705 -0.391171 1.172532
481618764.2866 0.4444887 -0.3944398 1.174684
481618797.3631 0.4437977 -0.3984985 1.175671
481618830.3575 0.4431264 -0.4024992 1.177895
481618864.2974 0.4429302 -0.4054006 1.178506
481618897.3764 0.4426433 -0.4077769 1.179191
481618930.3544 0.4418116 -0.4155142 1.179793
481618964.2922 0.4414828 -0.4156206 1.181742
481618997.3638 0.4404427 -0.4155138 1.183071
481619030.357 0.4395764 -0.4159995 1.183584
481619064.3006 0.4375861 -0.4173481 1.185357
481619097.3648 0.436195 -0.4173722 1.18571
481619130.3535 0.4329821 -0.4185194 1.18932
481619164.3234 0.4328132 -0.4190711 1.189822
481619197.3859 0.4321423 -0.4197177 1.190529
481619230.3582 0.431663 -0.421216 1.190727
481619264.2837 0.430808 -0.4257693 1.190953
481619297.3639 0.4300194 -0.4269735 1.191823
481619330.3468 0.4293826 -0.4284715 1.19209
481619364.2847 0.4293711 -0.4295015 1.192337
481619397.3665 0.4291185 -0.4303474 1.192099
481619430.3548 0.4288717 -0.4308331 1.192233
481619464.2922 0.428615 -0.4314082 1.192108
481619497.3692 0.4277681 -0.4082995 1.195272
481619530.3562 0.4277117 -0.4087332 1.195386
481619564.3605 0.4278536 -0.409196 1.195779
481619597.355 0.4278285 -0.4094033 1.195853
481619630.3481 0.4278269 -0.4096326 1.195889
481619664.2938 0.4278356 -0.4098451 1.195993
481619697.3605 0.4277332 -0.4100134 1.195961
481619730.3557 0.4275829 -0.4101177 1.195722
481619764.2997 0.4275849 -0.4103229 1.195781
481619797.3828 0.4276059 -0.4104952 1.195952
481619830.4343 0.4276159 -0.4105985 1.196045
481619864.3717 0.4276504 -0.4106489 1.196088
481619897.3834 0.4276501 -0.4107658 1.196249
481619930.3934 0.4276576 -0.4108754 1.196339
481619964.2836 0.4276969 -0.4109489 1.196501
481619997.3798 0.4277155 -0.4114335 1.197135
481620030.3504 0.4273389 -0.4181122 1.197166
481620064.2871 0.4274433 -0.4128821 1.198269
481620097.4087 0.4274194 -0.4111564 1.198709
481620130.3514 0.4274315 -0.4097246 1.199042
481620164.2922 0.4276009 -0.4092701 1.199365
481620197.3748 0.4277232 -0.4089688 1.199591
481620230.3495 0.4279047 -0.4182759 1.198522
481620264.2956 0.42794 -0.4194144 1.19842
481620297.3573 0.4279003 -0.4198366 1.198325
481620330.3509 0.4279128 -0.420106 1.19836
481620364.2974 0.4279059 -0.4200503 1.1984
481620397.3842 0.4279421 -0.4204488 1.198279
481620430.3544 0.427962 -0.4204197 1.198333
481620464.2881 0.4279388 -0.4203981 1.19813
481620497.3753 0.4279766 -0.4205874 1.198248
481620530.3455 0.4278367 -0.4099602 1.199651
481620564.2834 0.4280273 -0.4157137 1.199027
481620597.3743 0.4281046 -0.4181259 1.198758
481620630.3453 0.4281274 -0.4097888 1.200027
481620664.2991 0.4282 -0.4152871 1.199071
481620697.3724 0.4282126 -0.4095951 1.200411
481620730.3483 0.428243 -0.408608 1.200579
481620764.2964 0.4282441 -0.4077657 1.200671
481620797.3569 0.4282905 -0.4071984 1.200709
481620830.344 0.4284521 -0.4141445 1.200014
481620864.2933 0.4284341 -0.410276 1.200445
481620897.3854 0.4288605 -0.4154785 1.201236
481620930.3532 0.4285243 -0.4158048 1.199907
481620964.2898 0.4284537 -0.4004012 1.193439
481620997.3803 0.4349049 -0.3904606 1.184029
481621030.3587 0.4350172 -0.3892271 1.184095
481621064.2908 0.4351032 -0.3889405 1.183938
481621097.3702 0.4352147 -0.3886845 1.183622
481621130.3568 0.4352283 -0.3884397 1.183659
481621164.3151 0.4352559 -0.3880003 1.183376
481621197.3933 0.4352147 -0.3879226 1.183483
481621230.3524 0.4352299 -0.3877155 1.183415
481621264.2775 0.4352821 -0.3877296 1.183216
481621297.352 0.4353675 -0.3876516 1.18313
481621330.353 0.4353889 -0.3875695 1.18312
481621364.2834 0.4353925 -0.387549 1.183337
481621397.3559 0.4354315 -0.3874959 1.183303
481621430.3527 0.435463 -0.3873709 1.183068
481621464.2836 0.4355035 -0.3872083 1.183054
481621497.3704 0.4355412 -0.3871273 1.18303
481621530.3463 0.4355665 -0.387106 1.18308
481621564.2809 0.4355573 -0.3870539 1.182997
481621597.3644 0.4351876 -0.3803608 1.185033
481621630.3654 0.4352047 -0.3771421 1.185745
481621664.2798 0.4351443 -0.3813711 1.1846
481621697.3531 0.4352091 -0.3830157 1.184094
481621730.3606 0.4354022 -0.3836842 1.183688
481621764.2862 0.4354194 -0.3849622 1.183051
481621797.3565 0.4353598 -0.3859506 1.183019
481621830.3464 0.4353449 -0.3867417 1.182994
481621864.2839 0.4355294 -0.3867244 1.182968
481621897.3871 0.4355906 -0.3867002 1.182859
481621930.3593 0.4356801 -0.3864756 1.182855
481621964.2811 0.435718 -0.3864436 1.182833
481621997.3876 0.4357709 -0.3864131 1.182757
481622030.3755 0.4358335 -0.3862323 1.182846
481622064.2768 0.4357263 -0.3829716 1.184031
481622097.3587 0.4357746 -0.3845155 1.18346
481622130.3707 0.4356087 -0.3795704 1.184846
481622164.2868 0.4355897 -0.3779839 1.185201
481622197.411 0.4355627 -0.3821934 1.183924
481622230.3549 0.4355999 -0.3841935 1.183302
481622264.3009 0.435517 -0.3851138 1.182963
481622297.3491 0.4356008 -0.3854334 1.182733
481622330.3431 0.4356263 -0.3852248 1.182622
481622364.2761 0.4354744 -0.3875498 1.182352
481622397.36 0.4354235 -0.3881139 1.182191
481622430.3712 0.4355224 -0.3888712 1.182267
481622464.2865 0.4357198 -0.3878653 1.182403
