481652064.1725 0.4388653 -0.4128825 1.198816
481652097.2614 0.4389381 -0.4129952 1.198896
481652130.2508 0.4387046 -0.4234298 1.198214
481652164.2133 0.4387823 -0.4131349 1.198865
481652197.1827 0.4388209 -0.4131169 1.198917
481652230.2592 0.4388533 -0.4129952 1.19778
481652264.2131 0.4386965 -0.4130089 1.198309
481652297.1808 0.438699 -0.4130971 1.19831
481652330.2364 0.4387303 -0.4130433 1.197595
481652364.189 0.4386298 -0.4130189 1.197526
481652397.2684 0.4386976 -0.4130313 1.197741
481652430.2468 0.4386969 -0.4130521 1.197925
481652464.2003 0.4387185 -0.4130569 1.19803
481652497.1729 0.4387768 -0.4131181 1.197985
481652530.2437 0.4388331 -0.4132514 1.197958
481652564.1742 0.4386189 -0.4256745 1.19708
481652597.1792 0.4387105 -0.4138745 1.198281
481652630.248 0.4386386 -0.4217966 1.19758
481652664.171 0.4386409 -0.4140382 1.198429
481652697.2508 0.438751 -0.4140986 1.198308
481652730.2494 0.4384197 -0.4184861 1.1982
481652764.1728 0.4387015 -0.4145038 1.198527
481652797.1742 0.4387318 -0.422861 1.197676
481652830.3255 0.4387913 -0.4144208 1.198404
481652864.1705 0.4388753 -0.4141124 1.198319
481652897.1777 0.4388902 -0.4140369 1.198288
481652930.2493 0.4388928 -0.4140366 1.198307
481652964.1847 0.4388497 -0.4139188 1.198022
481652997.2596 0.4393708 -0.4135121 1.197589
481653030.249 0.439314 -0.4133819 1.196647
481653064.1713 0.4391475 -0.4197111 1.198536
481653097.1899 0.438972 -0.4137347 1.196954
481653130.2554 0.4391632 -0.4135574 1.196624
481653164.1776 0.43922 -0.4131998 1.195883
481653197.1975 0.4391156 -0.4241417 1.195943
481653230.2568 0.4390669 -0.4245339 1.19681
481653264.1679 0.4390984 -0.4133569 1.197681
481653297.2691 0.4387669 -0.4213332 1.197329
481653330.2389 0.4387526 -0.4217633 1.197268
481653364.1788 0.4389553 -0.41388 1.197713
481653397.1744 0.4390292 -0.4212704 1.197335
481653430.2378 0.4392994 -0.4135528 1.196523
481653464.1937 0.439086 -0.4133297 1.195546
481653497.1877 0.4389735 -0.4195158 1.195196
481653530.233 0.4391403 -0.4135258 1.195824
481653564.1676 0.4389819 -0.4134072 1.197031
481653597.2482 0.4387214 -0.4232608 1.196463
481653630.2336 0.4390771 -0.4133799 1.197717
481653664.1879 0.4390034 -0.425585 1.196617
481653697.2504 0.4391644 -0.4133979 1.197742
481653730.2403 0.4393313 -0.4131518 1.196864
481653764.1716 0.4394243 -0.4131139 1.197458
481653797.1845 0.4394714 -0.4131995 1.198
481653830.2339 0.4395263 -0.4132707 1.198126
481653864.1989 0.4394135 -0.4133656 1.198295
481653897.2491 0.4392424 -0.4194188 1.198508
481653930.2501 0.4391554 -0.414434 1.198433
481653964.1744 0.4396127 -0.4135885 1.195866
481653997.2041 0.4398353 -0.4135487 1.196397
481654030.2741 0.439401 -0.4136255 1.197953
481654064.1705 0.439416 -0.4134671 1.197933
481654097.1788 0.439154 -0.4214062 1.196601
481654130.2422 0.4394271 -0.413609 1.196996
481654164.1793 0.4394604 -0.4134573 1.197236
481654197.2447 0.4392152 -0.416433 1.19703
481654230.2481 0.4392815 -0.4135519 1.197022
481654264.1827 0.4392072 -0.4189909 1.196709
481654297.2371 0.439064 -0.4204603 1.195934
481654330.2582 0.4392947 -0.4132544 1.195994
481654364.1673 0.4392357 -0.4130667 1.196042
481654397.2056 0.438809 -0.4234233 1.195199
481654430.2407 0.4391742 -0.4129341 1.195975
481654464.1691 0.4390554 -0.4128976 1.196213
481654497.2567 0.4389644 -0.4129305 1.196605
481654530.2499 0.4388197 -0.4235463 1.196151
481654564.1852 0.4394631 -0.4128653 1.196716
481654597.1821 0.4393151 -0.4186221 1.196305
481654630.2291 0.4394031 -0.413128 1.197053
481654664.171 0.4389795 -0.4203358 1.198018
481654697.2426 0.438996 -0.4216059 1.197767
481654730.2301 0.4389719 -0.423544 1.197438
481654764.1601 0.439001 -0.4235897 1.19752
481654797.2366 0.4388724 -0.4133404 1.196895
481654830.2241 0.4393061 -0.4129295 1.195277
481654864.1788 0.439199 -0.4127739 1.194717
481654897.1859 0.4393067 -0.4127113 1.194874
481654930.2304 0.4396794 -0.412644 1.195535
481654964.1674 0.4396787 -0.4200633 1.194822
481654997.1733 0.4397344 -0.412571 1.195514
481655030.2326 0.4393956 -0.4125674 1.195335
481655064.1692 0.4394063 -0.4124576 1.1953
481655097.2371 0.4395813 -0.4126272 1.196335
481655130.241 0.4395928 -0.4127721 1.198217
481655164.1604 0.4395949 -0.4127294 1.198207
481655197.1659 0.4395957 -0.4127218 1.198014
481655230.2461 0.439319 -0.4218943 1.19759
481655264.204 0.4401222 -0.4129342 1.196821
481655297.171 0.4403695 -0.4165835 1.196697
481655330.2528 0.440252 -0.4129374 1.196872
481655364.1771 0.43992 -0.4125422 1.195639
481655397.2467 0.4398225 -0.4120516 1.193906
481655430.2517 0.4398651 -0.4118619 1.19419
481655464.1888 0.4398599 -0.411815 1.194132
481655497.1885 0.4399092 -0.4118669 1.194514
481655530.2252 0.4398005 -0.4118575 1.194683
481655564.1688 0.4399325 -0.4121139 1.195899
481655597.1739 0.4393367 -0.4124035 1.196449
481655630.2377 0.4402913 -0.412073 1.195282
481655664.1715 0.4388822 -0.412259 1.196982
481655697.2533 0.4400537 -0.4120494 1.195902
481655730.2243 0.4398708 -0.4119695 1.196395
481655764.1704 0.4397444 -0.4119554 1.196227
481655797.1607 0.4395603 -0.4209076 1.195596
481655830.2627 0.4388014 -0.4128513 1.19769
481655864.1648 0.4389442 -0.4127564 1.19759
481655897.1736 0.438576 -0.4203587 1.196288
481655930.2411 0.4402206 -0.4123165 1.195631
481655964.1851 0.4397995 -0.4122027 1.195788
481655997.2427 0.4398486 -0.4121813 1.196077
481656030.2511 0.4398176 -0.4120239 1.195613
481656064.1733 0.4397091 -0.4120121 1.195663
481656097.1636 0.4395557 -0.4232785 1.193424
481656130.2529 0.4395211 -0.4120141 1.194681
481656164.1702 0.4395924 -0.4120252 1.194864
481656197.1597 0.439605 -0.4119214 1.194938
481656230.2358 0.439615 -0.4233908 1.194028
481656264.1687 0.439809 -0.4119049 1.194866
481656297.2752 0.4395453 -0.4118795 1.1946
481656330.2339 0.4395455 -0.4119664 1.195038
481656364.1722 0.4394071 -0.423958 1.196681
481656397.2027 0.4393686 -0.4244353 1.196707
481656430.2513 0.4392668 -0.4130124 1.197435
481656464.2167 0.4391286 -0.4202776 1.197071
481656497.1581 0.4390966 -0.4137934 1.197432
481656530.2293 0.4397688 -0.4130843 1.194953
481656564.161 0.4396535 -0.4128597 1.195014
481656597.2478 0.4397115 -0.4128152 1.19589
481656630.2233 0.4396008 -0.4127078 1.195547
481656664.1805 0.4389417 -0.4131706 1.197228
481656697.1823 0.4399846 -0.4128619 1.196245
481656730.2461 0.4399424 -0.4128221 1.196152
481656764.1593 0.4399444 -0.4127888 1.196331
481656797.1611 0.4398764 -0.412767 1.1961
481656830.2483 0.4398279 -0.4125842 1.195879
481656864.1825 0.4404701 -0.41613 1.19454
481656897.2516 0.4399305 -0.4234599 1.19683
481656930.2419 0.4398504 -0.4254096 1.196604
481656964.1654 0.4394091 -0.4259547 1.196425
481656997.1639 0.4393346 -0.4263216 1.196138
481657030.263 0.4392622 -0.4262833 1.196091
481657064.1922 0.4395769 -0.4266098 1.196088
481657097.1665 0.439544 -0.4154155 1.196445
481657130.2344 0.4401041 -0.4143898 1.195801
481657164.1669 0.43915 -0.4232792 1.195824
481657197.2365 0.4382853 -0.4137971 1.190154
481657230.2646 0.439761 -0.4072079 1.18959
481657264.1897 0.4400437 -0.4143029 1.196467
481657297.1586 0.4398944 -0.4139462 1.19602
481657330.2417 0.4395835 -0.4181475 1.195842
481657364.1627 0.4397595 -0.4138543 1.195618
481657397.1666 0.4397483 -0.414226 1.195574
481657430.221 0.4398393 -0.413849 1.195505
481657464.1682 0.4397957 -0.4135106 1.195463
481657497.2608 0.4393635 -0.413671 1.197153
481657530.2285 0.439906 -0.4131044 1.195518
481657564.1721 0.4398364 -0.4130238 1.195641
481657597.1661 0.4397818 -0.412925 1.195435
481657630.2328 0.4515187 -0.3846315 1.180547
481657664.162 0.4396939 -0.4128749 1.195995
481657697.1581 0.4395169 -0.4127159 1.195308
481657730.2231 0.4394817 -0.4125745 1.195384
481657764.1536 0.4394414 -0.4126563 1.195818
481657797.2305 0.4394695 -0.4126113 1.195672
481657830.2389 0.439506 -0.412615 1.195974
481657864.1619 0.439528 -0.4125312 1.195577
481657897.1567 0.4391584 -0.4126303 1.196787
481657930.232 0.4391775 -0.412579 1.196772
481657964.1596 0.439112 -0.412631 1.196919
481657997.152 0.439875 -0.4125124 1.196522
481658030.2182 0.4398364 -0.4124929 1.19647
481658064.1581 0.4393121 -0.4122053 1.194773
481658097.2408 0.4393468 -0.4121628 1.194925
481658130.2332 0.4392416 -0.4121724 1.195128
481658164.1727 0.4389025 -0.4218404 1.1941
481658197.1667 0.4385865 -0.4131552 1.195711
481658230.2338 0.4393524 -0.4128636 1.195011
481658264.1663 0.4391001 -0.4271263 1.193607
481658297.1603 0.4393136 -0.4121761 1.195296
481658330.2323 0.4386823 -0.4234553 1.195868
481658364.1697 0.4393863 -0.4129305 1.196311
481658397.2553 0.4393069 -0.4129615 1.197773
481658430.2398 0.4389196 -0.4191586 1.197144
481658464.1785 0.4394054 -0.4132878 1.196526
481658497.2616 0.4392413 -0.4131411 1.196433
481658530.224 0.4392736 -0.4130065 1.196138
481658564.1586 0.4390906 -0.4128837 1.195488
481658597.1678 0.4389619 -0.4126114 1.194923
481658630.2295 0.4388647 -0.4128456 1.197648
481658664.153 0.4387653 -0.4126129 1.195715
481658697.2238 0.4388011 -0.4125674 1.195589
481658730.2329 0.4385896 -0.426512 1.195479
481658764.1474 0.4388957 -0.4129775 1.196928
481658797.1541 0.4386121 -0.412728 1.195878
481658830.2233 0.4385034 -0.4128145 1.195956
481658864.1545 0.4385246 -0.4130875 1.196857
481658897.158 0.438471 -0.4130419 1.197205
481658930.2218 0.4384726 -0.4130072 1.197462
481658964.1793 0.4378823 -0.4204645 1.197979
481658997.2419 0.4380462 -0.4139704 1.198361
481659030.2219 0.4379048 -0.413651 1.197821
481659064.1614 0.4380406 -0.4136456 1.198247
481659097.1628 0.4383153 -0.4131468 1.195383
481659130.2246 0.4382225 -0.4129725 1.19529
481659164.155 0.4382471 -0.4128289 1.195249
481659197.1646 0.4383659 -0.4127392 1.195046
481659230.2592 0.4382514 -0.4126667 1.194888
481659264.1515 0.4381247 -0.4195919 1.19466
481659297.2227 0.4381989 -0.4130183 1.195164
481659330.2212 0.4379914 -0.4078993 1.18998
481659364.1545 0.4383337 -0.418775 1.19586
481659397.1485 0.4382955 -0.4194783 1.19558
481659430.2304 0.438311 -0.4198761 1.195208
481659464.1769 0.4382188 -0.4134502 1.197015
481659497.1668 0.4379281 -0.41659 1.195282
481659530.2224 0.4380769 -0.4180788 1.195145
481659564.1536 0.438128 -0.419372 1.19628
481659597.1526 0.4386472 -0.4130651 1.195016
481659630.2344 0.438462 -0.4162182 1.195055
481659664.1608 0.4384761 -0.4186348 1.194884
481659697.1511 0.4384946 -0.4188996 1.194823
481659730.2329 0.438307 -0.4196481 1.194625
481659764.1568 0.4384526 -0.4130234 1.195192
481659797.1545 0.4384639 -0.4127999 1.194977
481659830.2187 0.4384181 -0.412708 1.194708
481659864.1714 0.438451 -0.4126596 1.194706
481659897.2315 0.4381826 -0.4172034 1.194767
481659930.2115 0.437646 -0.4081331 1.186255
481659964.1457 0.4382347 -0.4196276 1.196863
481659997.1733 0.4382111 -0.4197084 1.195146
481660030.2343 0.4384062 -0.4133406 1.195466
481660064.1557 0.4381799 -0.4200337 1.195738
481660097.1645 0.4383779 -0.4208837 1.196075
481660130.2233 0.4383123 -0.413823 1.196543
481660164.1727 0.4384513 -0.4140352 1.196929
481660197.1638 0.4378841 -0.4154293 1.196502
481660230.2149 0.4378844 -0.4206903 1.196556
481660264.1638 0.4378478 -0.4210812 1.197059
481660297.1771 0.4378023 -0.4213259 1.197661
481660330.22 0.4376441 -0.4214629 1.197144
481660364.1615 0.437512 -0.4220773 1.196792
481660397.1469 0.4375762 -0.4142976 1.197033
481660430.2193 0.4374713 -0.414288 1.19706
481660464.1535 0.4369588 -0.4181238 1.197387
481660497.161 0.4369036 -0.4192055 1.197319
481660530.2343 0.4368464 -0.4212186 1.196993
481660564.1512 0.4363046 -0.4144035 1.195967
481660597.1714 0.4354906 -0.4227023 1.197875
481660630.2188 0.4351744 -0.4227322 1.197476
481660664.1501 0.4350577 -0.4229161 1.197259
481660697.149 0.4350436 -0.422982 1.196392
481660730.2132 0.4354883 -0.423096 1.197462
481660764.1486 0.4353592 -0.4229298 1.197758
481660797.1615 0.4342738 -0.4138053 1.196131
481660830.2089 0.4339892 -0.4147393 1.196196
481660864.1484 0.4338616 -0.4172791 1.195507
481660897.1477 0.4338765 -0.4180442 1.195081
481660930.2144 0.4337596 -0.4134381 1.194919
481660964.1461 0.4332624 -0.4154118 1.193783
481660997.1491 0.4332257 -0.412867 1.193123
481661030.2076 0.4328112 -0.4122141 1.190966
481661064.1508 0.4326783 -0.4116455 1.188912
481661097.1452 0.4323761 -0.4119415 1.188049
481661130.2196 0.4321162 -0.4126142 1.185404
481661164.1485 0.432077 -0.412748 1.184153
481661197.1568 0.431576 -0.4128982 1.181506
481661230.2153 0.4318307 -0.4124909 1.17848
481661264.1384 0.4322441 -0.4115099 1.174199
481661297.1414 0.4322984 -0.4106995 1.171725
481661330.2093 0.4806411 -0.3246678 1.170239
481661364.15 0.4806193 -0.3188474 1.170619
481661397.1481 0.4834287 -0.317189 1.169952
481661430.2193 0.4898156 -0.3116026 1.168683
481661464.1403 0.4967858 -0.3036069 1.16725
481661497.1466 0.5029302 -0.2999208 1.164016
481661530.2104 0.5080401 -0.2970185 1.161918
481661564.1586 0.5089022 -0.2929656 1.160805
481661597.1476 0.5092328 -0.285727 1.161153
481661630.2172 0.5037661 -0.2961862 1.159629
481661664.1571 0.5015681 -0.3030573 1.159125
481661697.2238 0.5125822 -0.2798727 1.160651
481661730.2079 0.5156562 -0.2679253 1.160249
481661764.1663 0.5029995 -0.2840436 1.16093
481661797.1463 0.5118539 -0.2595137 1.160174
481661830.2142 0.5107756 -0.2586837 1.159718
481661864.1443 0.5121993 -0.2482919 1.15892
481661897.1469 0.5022342 -0.2501982 1.163814
481661930.2119 0.4973061 -0.2501202 1.16743
481661964.1485 0.4925107 -0.2486328 1.166811
481661997.1512 0.4850354 -0.2434234 1.154
481662030.2211 0.4891887 -0.2213075 1.172356
481662064.1475 0.4885857 -0.220208 1.173017
481662097.2195 0.4878677 -0.2186825 1.17429
481662130.2229 0.4878015 -0.2155744 1.17217
481662164.1415 0.487231 -0.2140042 1.170532
481662197.1499 0.4871172 -0.2125938 1.17352
481662230.2136 0.4839088 -0.2274148 1.12241
481662264.1421 0.4839397 -0.2273242 1.122432
481662297.148 0.4902364 -0.2095712 1.153076
481662330.2113 0.4909362 -0.2089947 1.155054
481662364.143 0.4905352 -0.2077795 1.164979
481662397.2036 0.4895067 -0.2090121 1.167146
481662430.2086 0.4874226 -0.2144178 1.173858
481662464.1563 0.4819474 -0.2350905 1.141154
481662497.1557 0.4808327 -0.2424718 1.149631
481662530.2096 0.4832562 -0.2481534 1.164465
481662564.143 0.4807977 -0.2590292 1.154289
481662597.1653 0.4824357 -0.2606571 1.155729
481662630.2102 0.4862904 -0.2620691 1.158074
481662664.1452 0.4987227 -0.2568001 1.160813
481662697.1379 0.4967677 -0.2754686 1.169276
481662730.2202 0.498651 -0.2802578 1.170496
481662764.154 0.5071063 -0.2748382 1.16671
481662797.143 0.508593 -0.2741189 1.166436
481662830.2179 0.5114858 -0.2733415 1.166604
481662864.1463 0.5031435 -0.3086159 1.166186
481662897.1514 0.4969616 -0.3295404 1.167084
481662930.2173 0.4960074 -0.3348602 1.167521
481662964.135 0.5207877 -0.2847009 1.162598
481662997.1487 0.5213748 -0.2886859 1.162377
481663030.2244 0.5217864 -0.2919881 1.162171
481663064.1516 0.477466 -0.3510441 1.171341
481663097.1464 0.4616072 -0.3784085 1.158862
481663130.2143 0.448745 -0.4034128 1.16414
481663164.1497 0.4608672 -0.3749092 1.161388
481663197.1404 0.4602501 -0.3761058 1.163787
481663230.2206 0.4456526 -0.4086694 1.169458
481663264.1626 0.4571584 -0.3816306 1.16548
481663297.1697 0.4446373 -0.4126775 1.170506
481663330.213 0.4444132 -0.4158317 1.170733
481663364.1508 0.4443183 -0.4272295 1.171029
481663397.1514 0.4441519 -0.4276428 1.17231
481663430.2058 0.4432374 -0.4276381 1.174055
481663464.1424 0.4431301 -0.4281655 1.174854
481663497.1508 0.4429623 -0.4278466 1.175939
481663530.2055 0.4427505 -0.4276879 1.176632
481663564.1372 0.4417733 -0.4267345 1.17698
481663597.1361 0.4412868 -0.4264785 1.177879
481663630.2147 0.4407411 -0.4257815 1.17856
481663664.1353 0.4402116 -0.4252091 1.178651
481663697.1421 0.439151 -0.4251553 1.179566
481663730.2022 0.4388685 -0.4251734 1.179945
481663764.1499 0.4387614 -0.4249098 1.179839
481663797.1406 0.4387303 -0.4249687 1.18024
481663830.2159 0.4387039 -0.4250508 1.181243
481663864.1439 0.4390182 -0.4251362 1.182261
481663897.1444 0.4386853 -0.4251648 1.182616
481663930.2029 0.4383625 -0.4254341 1.182933
481663964.1477 0.4381899 -0.4255283 1.183004
481663997.1569 0.4381443 -0.4254858 1.183037
481664030.2088 0.4381068 -0.4255716 1.182994
481664064.1499 0.4362175 -0.4260161 1.184532
481664097.1493 0.4367495 -0.4258475 1.183875
481664130.2069 0.4367277 -0.4256695 1.184053
481664164.1407 0.436724 -0.42768 1.183889
481664197.1425 0.4367115 -0.4275683 1.184148
481664230.2079 0.4368049 -0.4268771 1.184551
481664264.1425 0.4367394 -0.4266259 1.184791
481664297.1529 0.4365773 -0.4267084 1.185076
481664330.2196 0.4364915 -0.4266018 1.185258
481664364.1533 0.4362756 -0.4265597 1.18534
481664397.1465 0.4361896 -0.4264894 1.185398
481664430.2008 0.4359424 -0.4263255 1.186049
481664464.1407 0.435736 -0.4259677 1.186024
481664497.1413 0.4356366 -0.4254634 1.186277
481664530.2018 0.4354842 -0.4253345 1.186075
481664564.1417 0.4355571 -0.4272055 1.186002
481664597.1431 0.4353185 -0.4270063 1.186713
481664630.204 0.4350315 -0.4193578 1.187843
481664664.1554 0.434978 -0.4221864 1.187656
481664697.1745 0.434872 -0.4222638 1.18738
481664730.2005 0.4348651 -0.4224368 1.187388
481664764.1453 0.4347607 -0.4176205 1.18793
481664797.1504 0.4347559 -0.4174375 1.188118
481664830.2089 0.434704 -0.4203833 1.187969
481664864.1549 0.4347342 -0.4208642 1.187856
481664897.1342 0.4348618 -0.4234147 1.187449
481664930.2148 0.4347056 -0.4173584 1.188216
481664964.1342 0.4347539 -0.4199142 1.188179
481664997.1442 0.4346547 -0.4205861 1.18892
481665030.1953 0.4347141 -0.4207268 1.188809
481665064.1397 0.4345988 -0.4210822 1.188831
481665097.1411 0.4345409 -0.4220037 1.188555
481665130.204 0.4347131 -0.4221813 1.188469
481665164.1407 0.4347515 -0.423183 1.188583
481665197.133 0.4347574 -0.4233758 1.188665
481665230.1952 0.4347065 -0.4233409 1.188301
481665264.1297 0.4348495 -0.4239654 1.188253
481665297.141 0.4348267 -0.4242856 1.187975
481665330.1953 0.4341273 -0.4245915 1.189535
481665364.1393 0.4343859 -0.4245437 1.188768
481665397.1436 0.4354021 -0.4246699 1.187689
481665430.2127 0.4351546 -0.4246898 1.187856
481665464.1366 0.4351845 -0.4252796 1.187764
481665497.1352 0.4341347 -0.4254681 1.189168
481665530.1969 0.4346838 -0.4257375 1.188441
481665564.1294 0.4349034 -0.4260012 1.18923
481665597.132 0.434888 -0.4261028 1.188984
481665630.1979 0.4347697 -0.4265326 1.189286
481665664.1398 0.4347596 -0.4274664 1.189236
481665697.1478 0.4348228 -0.4279117 1.188658
481665730.2017 0.4355871 -0.427483 1.18808
481665764.1519 0.4355588 -0.4274393 1.188025
481665797.1385 0.4354378 -0.4273591 1.188106
481665830.2015 0.4352551 -0.4273403 1.188268
481665864.1393 0.4350611 -0.4269795 1.187816
481665897.1473 0.4350834 -0.4266914 1.187887
481665930.2148 0.434961 -0.4265285 1.187765
481665964.1301 0.4349302 -0.4253492 1.188207
481665997.1516 0.434731 -0.4165755 1.189034
481666030.2084 0.4345905 -0.4163551 1.188993
481666064.1339 0.4345234 -0.4167834 1.189176
481666097.13 0.4345533 -0.4189616 1.188969
481666130.2016 0.434566 -0.4163342 1.189331
481666164.1304 0.43464 -0.4163299 1.189412
481666197.1318 0.4345013 -0.4164111 1.189746
481666230.1944 0.4345683 -0.4160587 1.189571
481666264.1293 0.4344532 -0.4161718 1.189638
481666297.1299 0.4345556 -0.4169088 1.189636
481666330.1999 0.4345012 -0.4158377 1.18969
481666364.1274 0.4343197 -0.4159378 1.189519
481666397.1284 0.434348 -0.4175645 1.189242
481666430.1926 0.4343366 -0.419092 1.188881
481666464.1301 0.4344042 -0.4153066 1.189233
481666497.1278 0.4342864 -0.4154047 1.189293
481666530.1944 0.4343629 -0.4151682 1.189418
481666564.129 0.434425 -0.4150491 1.189433
481666597.1415 0.4342482 -0.4155446 1.18973
481666630.1942 0.4342878 -0.4152061 1.189747
481666664.1324 0.4342521 -0.4149881 1.189836
481666697.1244 0.4342462 -0.4163384 1.18971
481666730.1997 0.4342746 -0.4177543 1.189471
481666764.1457 0.4342092 -0.4181034 1.189324
481666797.2026 0.4340516 -0.4146988 1.189162
481666830.19 0.4340762 -0.414624 1.189379
481666864.15 0.4339811 -0.415385 1.189378
481666897.1424 0.4340534 -0.4146836 1.189383
481666930.1976 0.4342203 -0.4164355 1.188789
