481691130.1236 0.4500275 -0.3520784 1.176418
481691164.0573 0.4313774 -0.3768324 1.186426
481691197.0698 0.4500258 -0.3521361 1.176212
481691230.1488 0.4500454 -0.3520488 1.176227
481691264.076 0.4500626 -0.352064 1.176289
481691297.0486 0.4500592 -0.3520845 1.176368
481691330.1124 0.4455178 -0.3517943 1.178945
481691364.0478 0.4453903 -0.3500245 1.175313
481691397.0566 0.4555087 -0.3497503 1.164628
481691430.1048 0.4309551 -0.3786117 1.21042
481691464.043 0.4443343 -0.3495601 1.18855
481691497.0773 0.4452225 -0.3497124 1.184353
481691530.1181 0.4358673 -0.3800836 1.210348
481691630.1121 0.4454933 -0.3505038 1.177139
481691664.0446 0.4493362 -0.3506153 1.175466
481691697.0567 0.445665 -0.3505291 1.174914
481691730.1172 0.4456217 -0.3505387 1.175193
481691764.0472 0.4456116 -0.3505813 1.175425
481691797.0429 0.4455785 -0.3506408 1.175574
481691830.1186 0.4493565 -0.3508345 1.176449
481691864.0618 0.4450483 -0.3506796 1.176471
481691897.0529 0.445068 -0.3507398 1.176472
481691930.1224 0.4498978 -0.3509411 1.175566
481691964.048 0.4499032 -0.3509547 1.175576
481691997.0572 0.449896 -0.3509393 1.175602
481692030.1185 0.4499697 -0.3510001 1.17585
481692064.0567 0.4499574 -0.3510172 1.175846
481692097.0442 0.449985 -0.3510586 1.175946
481692130.1084 0.4499885 -0.3510966 1.175999
481692164.0471 0.4500517 -0.3511421 1.176155
481692197.0382 0.4500761 -0.3511967 1.176233
481692230.1168 0.4501166 -0.3513079 1.175949
481692264.0374 0.4501317 -0.3513946 1.175959
481692297.0379 0.4501373 -0.3514303 1.175939
481692330.1112 0.4501813 -0.3514645 1.176065
481692364.0544 0.4501697 -0.3515446 1.176062
481692397.0562 0.4501633 -0.3515372 1.176001
481692430.12 0.4501715 -0.3516001 1.175997
481692464.0537 0.4501427 -0.3515955 1.176008
481692497.0436 0.4501709 -0.3516029 1.176188
481692530.1045 0.4501761 -0.3515946 1.176202
481692564.0551 0.4501737 -0.3516613 1.176232
481692597.0487 0.4501896 -0.3516009 1.176231
481692630.1141 0.450246 -0.351593 1.176428
481692664.0622 0.4502437 -0.3515992 1.176443
481692697.0526 0.4503372 -0.3516124 1.176628
481692730.2054 0.4503942 -0.3516242 1.176707
481692764.0374 0.4503866 -0.3516238 1.176632
481692797.0388 0.4505013 -0.3515563 1.176602
481692830.1099 0.4505497 -0.3514743 1.1766
481692864.0437 0.4505691 -0.3514732 1.176613
481692897.036 0.4505777 -0.3515386 1.176563
481692930.1056 0.4505849 -0.3515117 1.176639
481692964.0512 0.4505968 -0.3515149 1.176639
481692997.0498 0.4506221 -0.3514933 1.17666
481693030.1271 0.4506917 -0.351487 1.176831
481693064.044 0.4507259 -0.3515701 1.176758
481693097.0347 0.4507504 -0.3515442 1.177024
481693130.1273 0.450846 -0.3515437 1.17714
481693164.0532 0.4508522 -0.3515246 1.177139
481693197.037 0.4508586 -0.3515303 1.177078
481693230.1024 0.4508632 -0.3515285 1.177108
481693264.0489 0.4508877 -0.3515094 1.177136
481693297.0461 0.4509008 -0.3514834 1.177124
481693330.1309 0.4509094 -0.3514804 1.177197
481693364.0622 0.4508998 -0.3514615 1.176964
481693397.0529 0.4508269 -0.3514241 1.176639
481693430.1118 0.4508317 -0.3514431 1.176612
481693464.059 0.4508584 -0.3514045 1.176666
481693497.0551 0.4508499 -0.3513915 1.176285
481693530.1062 0.4508501 -0.3514691 1.176167
481693564.0452 0.4508692 -0.3514439 1.17625
481693597.0532 0.4509365 -0.3514 1.176438
481693630.1174 0.4509675 -0.351405 1.176589
481693664.0442 0.4509441 -0.351403 1.176547
481693697.0411 0.4509528 -0.3513976 1.176486
481693730.1061 0.4509303 -0.3513748 1.176412
481693764.0427 0.4509446 -0.3513671 1.176408
481693797.0359 0.4509295 -0.3513409 1.176322
481693830.112 0.4509327 -0.3513054 1.176284
481693864.0412 0.4509738 -0.3512916 1.17659
481693897.0381 0.4510024 -0.3513979 1.176589
481693930.1081 0.4510175 -0.3513528 1.176894
481693964.0492 0.4510096 -0.3513648 1.176897
481693997.0719 0.451003 -0.3513705 1.176708
481694030.109 0.4510163 -0.3513573 1.176615
481694064.0428 0.4510268 -0.3513385 1.176592
481694097.0462 0.4510312 -0.3513606 1.176585
481694130.1104 0.4510787 -0.3513497 1.176744
481694164.0364 0.4510614 -0.3513189 1.176698
481694197.0439 0.4510833 -0.3513005 1.17668
481694230.1077 0.4510755 -0.3513219 1.176638
481694264.039 0.4510452 -0.3513092 1.176682
481694297.0301 0.4511249 -0.3512708 1.176845
481694330.0976 0.4511129 -0.3512561 1.176823
481694364.0379 0.451096 -0.3512255 1.176865
481694397.0447 0.4511006 -0.3512109 1.176889
481694430.1319 0.4511958 -0.3512364 1.17692
481694464.0475 0.451209 -0.35124 1.176915
481694497.0428 0.4512264 -0.3513283 1.176875
481694530.1181 0.4510846 -0.351305 1.17657
481694564.042 0.4510875 -0.3512908 1.176728
481694597.0388 0.4509948 -0.3512845 1.176712
481694630.0969 0.4510095 -0.3512925 1.176676
481694664.0466 0.4510311 -0.3513523 1.176697
481694697.0448 0.4510559 -0.3513563 1.176641
481694730.1159 0.451085 -0.3513464 1.176617
481694764.048 0.4511398 -0.3513059 1.176529
481694797.0453 0.4512402 -0.3514107 1.176692
481694830.0968 0.4512592 -0.3513678 1.176785
481694864.0425 0.4512663 -0.3513619 1.177091
481694897.0422 0.4512764 -0.3513705 1.177089
481694930.0957 0.4512216 -0.3513765 1.176913
481694964.0463 0.4512207 -0.3513912 1.176919
481694997.0411 0.451138 -0.3514333 1.176935
481695030.0988 0.4510387 -0.3514517 1.176902
481695064.0444 0.4509413 -0.351502 1.176906
481695097.0331 0.4506867 -0.351613 1.176847
481695130.1035 0.4504561 -0.3516506 1.17687
481695164.0438 0.450003 -0.351736 1.17675
481695197.0567 0.4496432 -0.3518099 1.176757
481695230.1028 0.4491344 -0.3518468 1.176655
481695264.0493 0.4488499 -0.3520028 1.176525
481695297.0334 0.4482965 -0.3531601 1.176732
481695330.0943 0.4479719 -0.3532251 1.17653
481695364.0507 0.4478194 -0.3533896 1.17653
481695397.0389 0.4474055 -0.3540637 1.17626
481695430.1076 0.4471763 -0.354308 1.176149
481695464.0361 0.4470483 -0.3558658 1.175712
481695497.0432 0.4470395 -0.3560348 1.175841
481695530.107 0.4468858 -0.3559804 1.175867
481695564.0354 0.4466611 -0.3571748 1.175376
481695597.0376 0.4465843 -0.3569258 1.175498
481695630.1051 0.4464827 -0.3571998 1.175461
481695664.0421 0.4461807 -0.3579003 1.17569
481695697.0394 0.4461753 -0.3577909 1.175782
481695730.0995 0.4461379 -0.3576691 1.175811
481695764.0316 0.4460019 -0.3577211 1.175634
481695797.0548 0.4458588 -0.3566749 1.175716
481695830.0989 0.446024 -0.3567453 1.175687
481695864.0289 0.446249 -0.3562506 1.175731
481695897.0246 0.4478009 -0.3561076 1.174726
481695930.1163 0.4482861 -0.356836 1.173925
481695964.0389 0.4491938 -0.355384 1.173534
481695997.0358 0.4508885 -0.353012 1.17343
481696030.1103 0.4835166 -0.2957721 1.170175
481696064.0313 0.4865797 -0.2906063 1.170529
481696097.0294 0.4960328 -0.2869217 1.169287
481696130.0932 0.5061366 -0.2818479 1.165692
481696164.0479 0.5127608 -0.2768019 1.162129
481696197.0468 0.5176253 -0.2720121 1.159757
481696230.1016 0.5212647 -0.2647741 1.156745
481696264.0255 0.5251313 -0.258809 1.15338
481696297.0437 0.5268627 -0.2509022 1.151891
481696330.1173 0.5265449 -0.2450079 1.150679
481696364.0338 0.5251472 -0.2408098 1.150539
481696397.0397 0.5243587 -0.2399618 1.149506
481696430.1015 0.522916 -0.2355202 1.148327
481696464.0451 0.5205875 -0.2341411 1.147225
481696497.0756 0.5112761 -0.2350616 1.142545
481696530.0947 0.5050043 -0.2343474 1.141267
481696564.0329 0.4999634 -0.2306474 1.138639
481696597.0393 0.4978416 -0.2274908 1.138204
481696630.0981 0.4949465 -0.2206926 1.137403
481696664.0409 0.4934503 -0.217529 1.136804
481696697.0312 0.490175 -0.2135281 1.13463
481696730.0975 0.4888585 -0.2096933 1.134226
481696764.0337 0.4860079 -0.1994388 1.140977
481696797.0334 0.485195 -0.1964406 1.143154
481696830.0919 0.4830447 -0.1992615 1.138416
481696864.0326 0.4831688 -0.1972761 1.141131
481696897.0447 0.4825583 -0.200138 1.139025
481696930.0912 0.4849073 -0.1972663 1.148977
481696964.0328 0.4874475 -0.1961304 1.157757
481696997.0313 0.4823785 -0.2157854 1.138513
481697030.0947 0.4807867 -0.224939 1.137767
481697064.0395 0.5121637 -0.1974637 1.164415
481697097.0405 0.5092698 -0.2081102 1.16395
481697130.1022 0.510617 -0.21029 1.162095
481697164.0647 0.5121841 -0.2169756 1.15879
481697197.0246 0.5135977 -0.2293441 1.157704
481697230.0954 0.5159354 -0.2343112 1.155805
481697264.0263 0.5190331 -0.2402299 1.156359
481697297.0252 0.5212303 -0.2459587 1.155621
481697330.1214 0.5248131 -0.2491142 1.1555
481697364.0281 0.527402 -0.2515782 1.155631
481697397.0964 0.5289212 -0.2550809 1.155528
481697430.0933 0.5308783 -0.2582522 1.156167
481697464.0324 0.532028 -0.2613046 1.156778
481697497.0296 0.5317559 -0.2636919 1.158644
481697530.0959 0.5300347 -0.2661195 1.159886
481697564.0374 0.5281973 -0.268772 1.160115
481697597.0306 0.5228363 -0.2722419 1.164078
481697630.0866 0.5174294 -0.2749312 1.167672
481697664.0384 0.5143896 -0.2770032 1.171068
481697697.0365 0.5121325 -0.2786365 1.173183
481697730.0942 0.5103251 -0.2811242 1.174713
481697764.0312 0.4693688 -0.3403687 1.180551
481697797.0232 0.4948815 -0.289281 1.176989
481697830.087 0.4930866 -0.2884502 1.178306
481697864.0236 0.4903719 -0.2904123 1.179624
481697897.0385 0.4883965 -0.2918066 1.179386
481697930.1015 0.4860201 -0.293216 1.178649
481697964.0283 0.4844908 -0.2950473 1.179037
481697997.0333 0.4835593 -0.2963251 1.179442
481698030.1058 0.481217 -0.2975188 1.180763
481698064.0305 0.4790784 -0.2982622 1.181484
481698097.0347 0.473613 -0.2991355 1.183878
481698130.0862 0.470259 -0.300001 1.185374
481698164.0343 0.4686297 -0.3006684 1.185812
481698197.048 0.467868 -0.3012598 1.186235
481698230.0893 0.4669499 -0.3017747 1.186424
481698264.055 0.4660059 -0.3021073 1.186772
481698297.0244 0.4655813 -0.3023112 1.186848
481698330.0993 0.4645752 -0.3024363 1.187312
481698364.024 0.4632523 -0.3025649 1.187806
481698397.0278 0.4619969 -0.3029588 1.188184
481698430.0912 0.4604893 -0.3030804 1.187024
481698464.0262 0.4599296 -0.3034282 1.186732
481698497.0165 0.457895 -0.3036167 1.189081
481698530.0893 0.458112 -0.3038497 1.18869
481698564.0231 0.4586599 -0.3040817 1.188261
481698597.0212 0.4587798 -0.3041197 1.187993
481698630.1696 0.4586939 -0.3040529 1.188
481698664.0204 0.4561698 -0.3039351 1.190418
481698697.0316 0.4566459 -0.3039218 1.18996
481698730.1044 0.4548744 -0.3038495 1.191486
481698764.0205 0.4540665 -0.3037902 1.192276
481698797.0236 0.4540164 -0.3037921 1.191441
481698830.0894 0.4539284 -0.3038503 1.191688
481698864.0182 0.4523836 -0.3037628 1.193365
481698897.018 0.4525625 -0.3037603 1.193062
481698930.0916 0.4518037 -0.3036278 1.193742
481698964.0221 0.4515536 -0.3036138 1.194032
481698997.0937 0.4513026 -0.3035518 1.194213
481699030.0914 0.4509527 -0.3034525 1.194471
481699064.0292 0.451745 -0.3036476 1.193357
481699097.0261 0.4529581 -0.3596524 1.185619
481699130.0805 0.4528934 -0.3596931 1.185604
481699164.0232 0.4528716 -0.3597367 1.185557
481699197.014 0.4528499 -0.3597642 1.185521
481699230.0868 0.452844 -0.3598146 1.185545
481699264.0308 0.4528647 -0.3598364 1.185552
481699297.0297 0.4528729 -0.3598461 1.185537
481699330.0853 0.4528528 -0.3598656 1.185557
481699364.0211 0.4527493 -0.3598919 1.185336
481699397.0131 0.4525916 -0.3599053 1.185063
481699430.097 0.4525595 -0.359875 1.184934
481699464.0332 0.4525127 -0.3598902 1.184834
481699497.0325 0.4524786 -0.3599097 1.184794
481699530.1058 0.4524493 -0.3599134 1.184688
481699564.0506 0.4524271 -0.3599131 1.184645
481699597.0142 0.452406 -0.3599102 1.18458
481699630.0801 0.4523642 -0.3599035 1.184484
481699664.022 0.452342 -0.3598211 1.184471
481699697.0287 0.4522458 -0.3597771 1.184351
481699730.0851 0.4522322 -0.3597536 1.184396
481699764.0238 0.4521756 -0.3597156 1.184264
481699797.0379 0.4520996 -0.3597318 1.184162
481699830.0812 0.4520308 -0.3596273 1.184128
481699864.0482 0.4520138 -0.3596184 1.184159
481699897.0324 0.4520675 -0.3595869 1.184224
481699930.1023 0.4520423 -0.3595221 1.184152
481699964.0217 0.4520583 -0.3595095 1.184273
481699997.0305 0.4520981 -0.3594896 1.184654
481700030.0947 0.4521024 -0.3594858 1.184699
481700064.0173 0.4520789 -0.3594682 1.184717
481700097.0298 0.4520113 -0.3594514 1.184121
481700130.0784 0.4520217 -0.3594365 1.184134
481700164.0109 0.4520209 -0.3594468 1.184158
481700197.0168 0.4519367 -0.3594556 1.183814
481700230.0925 0.4519706 -0.3594716 1.18376
481700264.0197 0.451921 -0.3594522 1.183721
481700297.0154 0.4519167 -0.3594878 1.183784
481700330.0857 0.4518961 -0.3595028 1.183875
481700364.0293 0.4518507 -0.3595086 1.183881
481700397.0225 0.4518415 -0.359503 1.1839
481700430.09 0.451712 -0.3595116 1.183997
481700464.0328 0.4516685 -0.3595811 1.18383
481700497.0395 0.451655 -0.3595943 1.183914
481700530.0959 0.4516327 -0.3596164 1.183724
481700564.0206 0.4515928 -0.3596499 1.183696
481700597.0241 0.4515304 -0.3596464 1.183864
481700630.0801 0.4515895 -0.3596556 1.183886
481700664.0323 0.4515626 -0.3597014 1.183916
481700697.0205 0.451546 -0.3597029 1.183971
481700730.095 0.4515114 -0.3597132 1.183883
481700764.0296 0.4514761 -0.359734 1.183825
481700797.0383 0.4514315 -0.3597765 1.183815
481700830.0841 0.4513911 -0.3598127 1.183839
481700864.0248 0.4513663 -0.3598423 1.183668
481700897.0258 0.4513597 -0.3598582 1.183668
481700930.0777 0.4513641 -0.3598734 1.183715
481700964.0213 0.4513348 -0.3599567 1.183675
481700997.0223 0.4513387 -0.359978 1.183721
481701030.0873 0.4513026 -0.3600579 1.183692
481701064.0485 0.4512974 -0.3600608 1.183678
481701097.0146 0.4512781 -0.3600813 1.183767
481701130.1425 0.4512869 -0.3601067 1.183768
481701164.0146 0.4512112 -0.3600973 1.183486
481701197.0259 0.4512118 -0.3600893 1.183499
481701230.1057 0.4512709 -0.3600977 1.183616
481701264.0394 0.4512545 -0.3601136 1.183658
481701297.0252 0.4512601 -0.3601033 1.183718
481701330.0894 0.4512857 -0.3600853 1.183758
481701364.0269 0.4512746 -0.36009 1.183773
481701397.018 0.4512798 -0.3600777 1.183843
481701430.0773 0.4513404 -0.3601005 1.183866
481701464.0209 0.451351 -0.3600953 1.183946
481701497.0268 0.4513824 -0.3600744 1.183892
481701530.1517 0.45138 -0.3600648 1.183889
481701564.0218 0.4514515 -0.3600733 1.183982
481701597.0319 0.451448 -0.3600799 1.183971
481701630.0858 0.451447 -0.3600632 1.183992
481701664.0138 0.4514497 -0.3600726 1.183999
481701697.0205 0.4514507 -0.3600723 1.184015
481701730.072 0.4514525 -0.3600893 1.184005
481701764.0345 0.451532 -0.36011 1.184348
