481722996.9796 0.4572829 -0.3475063 1.181241
481723030.0175 0.4573355 -0.3476487 1.181195
481723063.9418 0.4574378 -0.3478799 1.18111
481723096.9563 0.4575342 -0.3479613 1.18111
481723363.9439 0.4577973 -0.3481303 1.181217
481723396.9404 0.4578184 -0.3482009 1.181191
481723430.0206 0.457848 -0.3483611 1.181131
481723463.942 0.4578557 -0.3484259 1.181085
481723496.964 0.4578571 -0.3484436 1.181011
481723530.0241 0.4578805 -0.3485428 1.181012
481723563.9397 0.4578942 -0.3485895 1.180977
481723596.9514 0.4578754 -0.3485018 1.180982
481723630.0041 0.4579293 -0.3485613 1.180962
481723663.96 0.4579226 -0.3485795 1.180925
481723696.9409 0.4579509 -0.3486736 1.180971
481723730.0051 0.457881 -0.3486767 1.180858
481723763.9421 0.4578954 -0.3487431 1.180839
481723796.9419 0.4579093 -0.3487769 1.180797
481723830.0028 0.457935 -0.3488128 1.180769
481723863.9394 0.4579489 -0.3488539 1.180753
481723896.9515 0.4578758 -0.348783 1.180725
481723930.0169 0.4578596 -0.348901 1.180717
481723963.9745 0.4578764 -0.3489622 1.180713
481723996.9488 0.4578786 -0.3489698 1.180697
481724030.0023 0.4578773 -0.3489868 1.180678
481724063.9734 0.4578692 -0.3488945 1.180686
481724096.9436 0.4578903 -0.3489711 1.180652
481724129.9992 0.4578924 -0.3489195 1.180682
481724163.9428 0.457907 -0.3488149 1.180748
481724196.9458 0.4579226 -0.3489291 1.180693
481724230.0211 0.4579007 -0.3488987 1.18074
481724263.9466 0.457911 -0.348918 1.180748
481724296.9402 0.457864 -0.3489169 1.180734
481724330.0155 0.4578304 -0.3487621 1.180722
481724363.9312 0.4575441 -0.3487384 1.181108
481724396.9342 0.4575997 -0.3489643 1.180913
481724430.0108 0.4575882 -0.3489847 1.180839
481724463.942 0.4577145 -0.3489994 1.180926
481724496.9451 0.457694 -0.3489962 1.180879
481724530.0052 0.4576974 -0.3493419 1.180704
481724563.9607 0.4576744 -0.349101 1.180592
481724596.9522 0.4574631 -0.3489086 1.180533
481724630.007 0.4576025 -0.3490047 1.180577
481724663.9321 0.4576197 -0.3488505 1.180613
481724696.9557 0.4573238 -0.3471212 1.181187
481724729.9998 0.4572043 -0.3463615 1.181342
481724763.9355 0.4572417 -0.3464407 1.181356
481724796.941 0.4573121 -0.3465286 1.181389
481724830.0126 0.4573877 -0.3469197 1.181264
481724863.9337 0.4574157 -0.3469789 1.18123
481724896.933 0.4573868 -0.3469273 1.181167
481724930.0067 0.4574262 -0.3470439 1.18113
481724963.933 0.4574656 -0.3471549 1.1811
481724996.9467 0.4575211 -0.3476297 1.180974
481725030.0364 0.4575749 -0.3477925 1.180961
481725063.9291 0.4575177 -0.3476302 1.181015
481725096.9276 0.4575219 -0.3475926 1.180991
481725129.9988 0.4574969 -0.3473283 1.181123
481725163.9559 0.4575579 -0.3475969 1.181055
481725196.9282 0.457637 -0.3477689 1.181041
481725230.0162 0.4576909 -0.3479122 1.180942
481725263.9339 0.4577147 -0.3479511 1.180974
481725296.9431 0.4577398 -0.3479537 1.180967
481725329.9975 0.4575283 -0.3468443 1.181245
481725363.939 0.4576691 -0.3472628 1.181132
481725396.9457 0.4576723 -0.3472766 1.181121
481725430.0132 0.4575144 -0.3466293 1.181326
481725463.9544 0.4576035 -0.3470057 1.181215
481725496.9455 0.457691 -0.3474618 1.181046
481725530.0126 0.4577442 -0.3475855 1.181059
481725563.9315 0.4577423 -0.3475404 1.181074
481725596.9342 0.4577851 -0.3476835 1.181115
481725629.9955 0.4578017 -0.3476678 1.181083
481725663.9321 0.4575687 -0.3465855 1.181341
481725696.9397 0.4573788 -0.3457516 1.1816
481725730.0121 0.4574515 -0.3458588 1.181534
481725763.9475 0.4575766 -0.3465964 1.181307
481725796.9394 0.4576453 -0.34677 1.181244
481725829.9921 0.4577307 -0.347039 1.181159
481725863.9361 0.4577654 -0.3470377 1.181168
481725896.94 0.4577993 -0.3472058 1.181102
481725929.9927 0.4578433 -0.3473389 1.181055
481725963.9252 0.4578754 -0.3474888 1.181009
481725996.9286 0.4578884 -0.347499 1.180997
481726029.9998 0.4578878 -0.3474944 1.181002
481726063.9389 0.4579103 -0.3475461 1.180949
481726096.9436 0.4579419 -0.3476498 1.180992
481726129.9906 0.4579658 -0.3478383 1.180937
481726163.9235 0.4579577 -0.3479479 1.180961
481726196.9384 0.4579654 -0.3479265 1.18095
481726229.9993 0.4579498 -0.3478819 1.180915
481726263.9401 0.457928 -0.3478727 1.180921
481726296.9509 0.4579403 -0.3479718 1.180863
481726329.9938 0.457946 -0.34799 1.180854
481726363.9369 0.4579489 -0.3480194 1.18084
481726396.9268 0.4579753 -0.348309 1.180595
481726429.9886 0.4579887 -0.3482219 1.18065
481726463.9252 0.4579657 -0.3481652 1.180681
481726496.9504 0.4580191 -0.3484186 1.180578
481726530.006 0.4579849 -0.3481412 1.1806
481726563.9237 0.4579915 -0.3481063 1.180582
481726596.9543 0.4580135 -0.3479551 1.180651
481726629.9996 0.4579842 -0.3478952 1.180624
481726663.9321 0.4580135 -0.3477882 1.180627
481726696.9495 0.4580442 -0.3476543 1.180668
481726730.0667 0.4580891 -0.3475455 1.180676
481726763.9401 0.4580934 -0.3475015 1.180668
481726796.9792 0.4578314 -0.3463043 1.181051
481726829.9876 0.4576809 -0.3455127 1.181244
481726863.9423 0.4575715 -0.3448258 1.181402
481726896.9486 0.4575168 -0.3443318 1.181571
481726930.0099 0.457587 -0.3444709 1.181476
481726963.9388 0.4575097 -0.3441205 1.181558
481726996.9443 0.4574766 -0.3437685 1.181639
481727029.9908 0.457621 -0.3441257 1.181529
481727063.927 0.4575695 -0.34368 1.181336
481727096.9247 0.4575307 -0.3433594 1.181426
481727129.9951 0.4576213 -0.3435944 1.181316
481727163.9366 0.457683 -0.3437405 1.181265
481727196.9273 0.4577546 -0.3439064 1.181209
481727229.9887 0.4578239 -0.3440224 1.181351
481727263.9364 0.4579268 -0.3441091 1.181469
481727296.9349 0.4578156 -0.3436978 1.18161
481727329.9897 0.4577594 -0.3434362 1.181671
481727363.9197 0.4577014 -0.3431783 1.181761
481727396.9309 0.4576271 -0.3428344 1.181871
481727430.0001 0.4577353 -0.3431112 1.181731
481727463.9203 0.4577095 -0.3433867 1.181958
481727496.9258 0.4576244 -0.3429954 1.182059
481727530.006 0.4577641 -0.3431879 1.182042
481727563.9631 0.4578039 -0.3433412 1.18198
481727596.9391 0.4578663 -0.3435396 1.181905
481727629.9979 0.4579641 -0.3439428 1.181731
481727663.9403 0.4578504 -0.3436252 1.181833
481727696.929 0.4579132 -0.3438757 1.181776
481727729.9924 0.4579647 -0.3441081 1.181684
481727763.938 0.4580226 -0.3443179 1.18161
481727797.0014 0.4580506 -0.3444091 1.181622
481727830.0131 0.4580734 -0.3445551 1.181592
481727863.9702 0.4580869 -0.3446312 1.181536
481727896.9297 0.458125 -0.344709 1.181549
481727929.9837 0.4580247 -0.3441926 1.181711
481727963.9511 0.4580605 -0.3443831 1.182032
481727996.9364 0.4580823 -0.3444042 1.181967
481728029.9982 0.458073 -0.3444605 1.181903
481728063.9746 0.4581034 -0.3446079 1.181849
481728096.9346 0.4581418 -0.3446074 1.181655
481728129.9906 0.4581408 -0.344608 1.181639
481728163.9243 0.4579873 -0.3439322 1.181879
481728196.9199 0.4579837 -0.3439631 1.181765
481728229.9891 0.4580509 -0.3440807 1.181744
481728263.9261 0.4580679 -0.3441523 1.181695
481728296.9296 0.4579328 -0.3436662 1.181831
481728330.0024 0.4580536 -0.3440648 1.181697
481728363.9222 0.4578839 -0.3433903 1.181875
481728396.9248 0.4578164 -0.3430715 1.181954
481728429.989 0.4578691 -0.3432819 1.181836
481728463.9301 0.4579437 -0.3434924 1.181818
481728496.9176 0.4579913 -0.3436727 1.181752
481728529.9867 0.4578889 -0.343726 1.181778
481728563.9229 0.457801 -0.3432918 1.181957
481728596.9358 0.4578656 -0.343541 1.181863
481728629.991 0.4578174 -0.3432079 1.181936
481728663.9378 0.457909 -0.3434663 1.181858
481728696.9245 0.4578032 -0.3431267 1.181963
481728729.9993 0.4579394 -0.3434444 1.181853
481728763.9372 0.45784 -0.3430034 1.181988
481728796.9546 0.4577757 -0.3426782 1.182091
481728830.0003 0.4576994 -0.3424639 1.18211
481728863.9267 0.4576815 -0.3423457 1.182161
481728896.9277 0.4576599 -0.3420565 1.182681
481728929.9923 0.4563017 -0.3418863 1.185551
481728963.9334 0.45859 -0.3235207 1.188808
481728996.9993 0.4581161 -0.3113577 1.189816
481729030.0072 0.4582384 -0.3149039 1.190067
481729063.9525 0.454016 -0.285881 1.195181
481729096.9202 0.4593281 -0.323516 1.189784
481729129.9893 0.4592935 -0.3236073 1.189829
481729163.9337 0.4592821 -0.3235926 1.189803
481729196.9261 0.4592783 -0.3236095 1.189803
481729229.9895 0.4592795 -0.3236024 1.189782
481729263.9179 0.4592716 -0.3235675 1.189699
481729296.9259 0.4594095 -0.323159 1.188435
481729329.9888 0.4594066 -0.3231972 1.188482
481729363.9279 0.4593369 -0.3231127 1.187624
481729396.926 0.4553967 -0.2862003 1.197861
481729429.9791 0.4590835 -0.3250082 1.1888
481729463.919 0.4591031 -0.325018 1.18888
481729496.9451 0.4591077 -0.325028 1.188898
481729530.0068 0.4591072 -0.3250158 1.188873
481729563.9332 0.459107 -0.3250107 1.188872
481729596.921 0.4591056 -0.3250404 1.188948
481729629.9856 0.4591006 -0.3250352 1.188963
481729663.9222 0.4590965 -0.3250462 1.188961
481729696.9208 0.4591047 -0.3250026 1.188922
481729729.9776 0.4590977 -0.3249829 1.188892
481729763.9405 0.4590723 -0.3249086 1.188788
481729796.9135 0.4563327 -0.3426922 1.181148
481729829.9958 0.4561237 -0.3227876 1.186865
481729863.9279 0.44145 -0.3751125 1.200976
481729896.9264 0.4579076 -0.3178534 1.179038
481729929.9902 0.4578892 -0.3178597 1.179013
481729963.9227 0.4578717 -0.3178835 1.179014
481729996.925 0.4572451 -0.31891 1.180864
481730030.0023 0.4571372 -0.3188204 1.180671
481730063.9307 0.4565075 -0.3196352 1.182251
481730096.9473 0.456185 -0.3200638 1.183013
481730129.9815 0.454381 -0.313475 1.185626
481730163.9136 0.4535678 -0.3107424 1.187205
481730196.9146 0.4532061 -0.3099024 1.187905
481730229.9887 0.4527548 -0.3081314 1.188689
481730263.9158 0.4533834 -0.3125599 1.189022
481730296.9304 0.4529222 -0.3490771 1.186066
481730329.9905 0.4532093 -0.3495205 1.185915
481730363.9135 0.438377 -0.3809562 1.201353
481730396.9223 0.4536635 -0.3500249 1.184932
481730429.9952 0.4538007 -0.3499882 1.184229
481730463.9404 0.455591 -0.3502179 1.182556
481730496.9299 0.4681507 -0.2952537 1.184002
481730529.9797 0.458535 -0.3506029 1.175927
481730563.9455 0.4777125 -0.2941546 1.188013
481730596.919 0.4781594 -0.2929088 1.186592
481730629.9844 0.4813785 -0.2924857 1.184418
481730663.9317 0.4868365 -0.291157 1.181478
481730696.9462 0.4911141 -0.2884598 1.177531
481730729.9829 0.4958144 -0.2838482 1.175646
481730763.9376 0.5049762 -0.2813579 1.172054
481730796.9431 0.5122573 -0.2772486 1.169238
481730830.0131 0.5211985 -0.2755011 1.166669
481730863.9271 0.5235946 -0.2693676 1.16636
481730896.9166 0.5294706 -0.2621149 1.164307
481730929.9886 0.5331615 -0.2567358 1.16375
481730963.9133 0.5357923 -0.250129 1.162437
481730996.9094 0.548803 -0.2420591 1.158384
481731029.9896 0.5395045 -0.2385608 1.159096
481731063.9377 0.5380125 -0.2408919 1.159526
481731096.9198 0.5371056 -0.2372769 1.16011
481731129.993 0.5361329 -0.2297854 1.162235
481731163.9214 0.5271211 -0.2350984 1.15955
481731196.9199 0.5207759 -0.2371278 1.158784
481731229.9837 0.5155973 -0.2361519 1.158999
481731263.9076 0.511297 -0.2336999 1.160081
481731296.9115 0.5062357 -0.2265095 1.161909
481731329.9749 0.5037258 -0.2117599 1.166587
481731363.9119 0.5011502 -0.2105067 1.162041
481731396.9166 0.4995804 -0.2091319 1.158971
481731429.9783 0.4971725 -0.2066539 1.156268
481731463.9166 0.4965016 -0.1948223 1.160373
481731496.9315 0.4946023 -0.1961858 1.158219
481731530.0167 0.4931221 -0.1974652 1.157721
481731563.9155 0.4919696 -0.1950856 1.161591
481731596.9165 0.4917526 -0.1951771 1.164354
481731629.9856 0.4921927 -0.1962163 1.17077
481731663.9144 0.4980411 -0.197795 1.177716
481731696.9191 0.4918902 -0.2242811 1.152297
481731729.9825 0.4890252 -0.2369549 1.152033
481731763.9405 0.5111046 -0.22214 1.168667
481731796.941 0.5160348 -0.220829 1.167569
481731829.9843 0.5182428 -0.2261401 1.166267
481731863.9296 0.5207465 -0.2301741 1.165328
481731896.9215 0.523609 -0.2357554 1.164924
481731929.9828 0.5264812 -0.2421346 1.163549
481731963.9137 0.5299009 -0.2565165 1.161434
481731996.9208 0.5309718 -0.2546755 1.161554
481732030.0512 0.5322347 -0.2585227 1.161551
481732063.9418 0.5327426 -0.2608336 1.16183
481732096.9161 0.5309852 -0.2641193 1.162844
481732129.9926 0.5249391 -0.2665901 1.165006
481732163.9108 0.5185098 -0.2688445 1.16899
481732196.9121 0.5086163 -0.2714923 1.173177
481732229.9788 0.5022957 -0.2761598 1.17443
481732263.9232 0.5011745 -0.2766076 1.175003
481732296.9341 0.4709083 -0.3327898 1.179274
481732329.9806 0.4482029 -0.3888215 1.192506
481732363.9275 0.4830018 -0.2812153 1.179244
481732396.9236 0.4826877 -0.2834689 1.179305
481732429.9718 0.4790379 -0.2870656 1.18036
481732463.9236 0.4782919 -0.2903785 1.180731
481732496.9853 0.4774244 -0.2928455 1.181167
481732529.9949 0.4755265 -0.2936794 1.18288
481732563.9139 0.4744084 -0.294761 1.183744
481732596.9317 0.4726147 -0.2960531 1.184618
481732629.9791 0.4715867 -0.2966801 1.185296
481732663.9144 0.4698704 -0.2980646 1.186275
481732696.9163 0.4685006 -0.2989089 1.186116
481732729.9796 0.4387393 -0.3885625 1.194363
481732763.906 0.4575593 -0.3553567 1.180609
481732796.9238 0.4573022 -0.3557619 1.180529
481732829.9897 0.4570653 -0.3562705 1.180586
481732863.909 0.4568754 -0.3565787 1.180649
481732896.9186 0.4543096 -0.3563409 1.178583
481732929.9849 0.4613664 -0.3010042 1.186032
481732963.9071 0.4613442 -0.3009714 1.185929
481732996.9077 0.4612717 -0.3009641 1.18572
481733029.9904 0.4610786 -0.300989 1.185508
481733063.9114 0.454344 -0.3563572 1.180295
481733096.9079 0.4542333 -0.3562683 1.180446
481733129.9758 0.454143 -0.3563294 1.180556
481733163.9116 0.453997 -0.3562152 1.180785
481733196.9158 0.4536094 -0.3562272 1.18172
481733229.9702 0.4532771 -0.3564596 1.182154
481733263.9117 0.458215 -0.3013259 1.185983
481733296.9074 0.4580805 -0.3013924 1.186049
481733329.9728 0.4580237 -0.3014683 1.186268
481733363.9082 0.4580248 -0.3017269 1.186273
481733396.9137 0.4578584 -0.3017519 1.186389
481733429.9787 0.4578506 -0.3017957 1.186453
481733463.9223 0.4579365 -0.3017452 1.186734
481733496.9126 0.4577166 -0.3015819 1.188424
481733529.9904 0.457655 -0.3013791 1.190334
481733563.902 0.4573817 -0.3011023 1.191788
481733596.9046 0.4576443 -0.3009447 1.192906
481733629.9815 0.4577231 -0.3007664 1.193657
481733663.9132 0.4579225 -0.3005553 1.193243
481733696.9343 0.4580138 -0.300255 1.193956
481733730.0055 0.4580233 -0.3002888 1.19398
481733763.9011 0.4581664 -0.2996282 1.193444
481733796.9181 0.4589536 -0.308098 1.196897
481733830.0003 0.4589229 -0.3100468 1.197043
481733863.8984 0.4587817 -0.3124804 1.197609
481733896.9178 0.4589231 -0.3119158 1.197399
481733929.9672 0.4597261 -0.3138413 1.193347
481733963.9178 0.4595833 -0.311599 1.191581
481733996.902 0.4598784 -0.3094428 1.19006
481734029.9924 0.4597722 -0.3093322 1.189516
481734063.9048 0.4594885 -0.3101705 1.190133
481734096.9149 0.4590973 -0.3115504 1.190961
481734129.9729 0.4541336 -0.3519291 1.184182
481734163.9062 0.453931 -0.3545573 1.184359
481734196.915 0.4537158 -0.3574807 1.184678
481734229.9788 0.4529936 -0.3606897 1.185392
481734263.9039 0.4521045 -0.3644247 1.186027
481734296.9291 0.4514833 -0.3673207 1.186362
481734329.9704 0.4515723 -0.3690922 1.186274
481734363.902 0.4508378 -0.371656 1.186375
481734396.9096 0.4505734 -0.3735382 1.18633
481734430.0522 0.4505748 -0.3855154 1.18546
481734463.9117 0.445815 -0.4277811 1.187595
481734496.9024 0.4444805 -0.4536939 1.186808
481734529.9653 0.4445047 -0.4540644 1.18668
481734563.895 0.4445241 -0.4541173 1.186629
481734596.9062 0.4445017 -0.4542835 1.186246
481734629.9696 0.4445123 -0.4543618 1.186209
481734663.9181 0.4445211 -0.4544172 1.186179
481734929.9722 0.4442109 -0.4589464 1.184427
481734963.8998 0.4441769 -0.4589904 1.184389
481734996.8946 0.4466442 -0.4205506 1.184534
481735029.9617 0.4463506 -0.4240426 1.184579
481735063.8983 0.446322 -0.4251655 1.184495
481735096.9034 0.4454126 -0.4285232 1.182974
481735129.9782 0.4452105 -0.4309457 1.182613
481735163.8976 0.4428866 -0.4695178 1.180796
481735196.9146 0.4427399 -0.4738294 1.181159
481735229.9784 0.4469878 -0.4231207 1.182677
481735263.9093 0.4424923 -0.4792893 1.180793
481735296.914 0.4424254 -0.4792139 1.180723
481735330.0402 0.4433046 -0.4721035 1.18086
481735363.9098 0.4471852 -0.423173 1.182757
481735396.9137 0.4437528 -0.4666981 1.181272
481735429.9668 0.4438232 -0.4657753 1.181426
481735463.9195 0.4471027 -0.4231341 1.182983
481735496.9208 0.4470924 -0.4230922 1.183105
481735529.9621 0.442726 -0.4749512 1.181514
481735563.8975 0.4424902 -0.4754587 1.182715
481735596.8935 0.4447225 -0.4511059 1.183935
481735629.9639 0.4464041 -0.4244282 1.184921
481735663.8927 0.4458804 -0.4285869 1.185445
481735696.9105 0.446112 -0.423184 1.185511
481735729.9591 0.4460518 -0.4231974 1.185698
481735763.8941 0.442377 -0.4766549 1.18514
481735796.9201 0.4457781 -0.4223213 1.185583
481735829.9724 0.441716 -0.4791244 1.186938
481735863.9587 0.4425365 -0.4739975 1.187657
481735896.9092 0.4422419 -0.478931 1.186079
481735929.9656 0.4469993 -0.4212132 1.187685
481735963.8919 0.4469535 -0.4210746 1.187488
481735996.8974 0.4469519 -0.4210281 1.18751
481736029.9699 0.4430816 -0.4699789 1.187072
481736063.8946 0.4468507 -0.4208167 1.187652
481736096.9066 0.4465451 -0.4207109 1.187209
481736129.9737 0.4467549 -0.420589 1.187495
481736163.9062 0.4463511 -0.4202498 1.186319
481736196.9179 0.4463049 -0.4201277 1.186147
481736229.9608 0.4459806 -0.4199433 1.187102
481736263.8986 0.4458676 -0.4197201 1.187069
481736296.9185 0.4462626 -0.4195665 1.186237
481736329.9814 0.4419353 -0.4774491 1.188721
481736363.8975 0.4449734 -0.4367364 1.18719
481736396.9034 0.4459154 -0.4220329 1.186647
481736429.9603 0.4463122 -0.4202171 1.186445
481736463.8895 0.445098 -0.4240711 1.189272
481736496.9057 0.4454052 -0.4199347 1.188794
481736529.9596 0.4470686 -0.4197081 1.188008
481736563.8983 0.4460404 -0.4195403 1.187523
481736596.9707 0.4471839 -0.4194078 1.187679
481736629.9602 0.447194 -0.4192889 1.187566
