481762363.8142 0.4584735 -0.3838436 1.181439
481762396.8061 0.4583979 -0.3838517 1.181955
481762429.8728 0.4601334 -0.38432 1.179328
481762463.8312 0.4586198 -0.3844369 1.181053
481762496.886 0.4496757 -0.3822593 1.188046
481762763.807 0.4578412 -0.3844547 1.184664
481762796.8158 0.4578288 -0.3843258 1.184506
481762829.8846 0.4577495 -0.3845042 1.184141
481762863.8031 0.460357 -0.3854808 1.17986
481762896.8053 0.4599229 -0.3852664 1.182267
481762929.8691 0.4604033 -0.3854068 1.180804
481762963.8209 0.4594877 -0.3855497 1.181861
481762996.8141 0.4521747 -0.3836828 1.190512
481763029.8697 0.4581901 -0.385296 1.184639
481763063.8059 0.4517215 -0.3838437 1.189672
481763096.8286 0.4516881 -0.3838182 1.189587
481763129.8736 0.4582378 -0.3855569 1.18166
481763163.8126 0.4585569 -0.3855819 1.182266
481763196.8251 0.460131 -0.3860998 1.178443
481763229.884 0.4605574 -0.3847966 1.177925
481763263.8017 0.4594508 -0.3843902 1.181135
481763296.8097 0.4593266 -0.3843544 1.181653
481763329.8928 0.4600916 -0.384593 1.180008
481763363.8023 0.460476 -0.3848368 1.179552
481763396.8107 0.4600346 -0.3847471 1.180543
481763429.8745 0.4602365 -0.3850441 1.179649
481763463.8185 0.4582235 -0.3849182 1.179917
481763496.8281 0.4525241 -0.3830211 1.189494
481763529.8865 0.4575687 -0.3845813 1.182202
481763563.819 0.4508168 -0.3830981 1.186231
481763596.8139 0.450776 -0.3834377 1.186392
481763629.8805 0.4594735 -0.3850472 1.182983
481763663.811 0.4592625 -0.3851256 1.183296
481763696.7988 0.4587673 -0.3851158 1.183246
481763729.8856 0.4587399 -0.3851265 1.183762
481763763.8826 0.4605089 -0.3857225 1.180623
481763796.8191 0.4599067 -0.3855211 1.182378
481763829.8718 0.4596308 -0.3853994 1.18301
481763863.8064 0.460195 -0.3856859 1.181201
481763896.8049 0.4603536 -0.3856813 1.180396
481763929.8691 0.4608797 -0.384661 1.179759
481763963.7979 0.4603135 -0.3847154 1.181379
481763996.8174 0.4606176 -0.3848317 1.180184
481764029.8685 0.4593934 -0.383487 1.181285
481764063.8252 0.4589267 -0.3833483 1.181977
481764096.8188 0.4506254 -0.3814391 1.188717
481764129.874 0.4622884 -0.3848048 1.178193
481764163.8036 0.4589711 -0.3843435 1.180385
481764196.8021 0.4588206 -0.3844411 1.181066
481764229.8671 0.4611341 -0.384896 1.180532
481764263.8132 0.4605586 -0.3846778 1.182188
481764296.8015 0.4601487 -0.3847179 1.183566
481764329.88 0.4600211 -0.3848303 1.183556
481764363.8039 0.4517935 -0.3834722 1.186431
481764396.8102 0.4591536 -0.3848292 1.185055
481764429.8662 0.4584225 -0.3848976 1.183467
481764463.807 0.4523969 -0.3830264 1.194048
481764496.8047 0.457716 -0.3849548 1.183866
481764529.8623 0.451292 -0.3829275 1.19308
481764563.8141 0.4589289 -0.3850973 1.183989
481764596.8118 0.4528576 -0.3834664 1.190543
481764629.9413 0.4577083 -0.384699 1.186196
481764663.8262 0.4539648 -0.3839067 1.187657
481764696.805 0.4588986 -0.3846233 1.186811
481764729.8803 0.4503324 -0.3830802 1.189844
481764763.8066 0.458604 -0.38508 1.182741
481764796.815 0.4581937 -0.3850214 1.182808
481764829.887 0.457785 -0.3850744 1.182605
481764863.7949 0.4574788 -0.385058 1.182659
481764896.8057 0.4571807 -0.3856469 1.182659
481764929.874 0.456938 -0.3858423 1.182841
481764963.7971 0.4567432 -0.3863303 1.182968
481764996.8022 0.4566765 -0.3861749 1.183063
481765029.8775 0.4566415 -0.3861957 1.183064
481765063.8067 0.4565127 -0.3862172 1.183188
481765096.8044 0.4564774 -0.386265 1.183093
481765129.8768 0.4568289 -0.3862079 1.184537
481765163.8213 0.4590835 -0.3869981 1.18119
481765196.7992 0.4600274 -0.3872747 1.178014
481765229.8749 0.4581466 -0.3866399 1.188148
481765263.7988 0.4581649 -0.3867572 1.188087
481765296.8138 0.4579785 -0.3867755 1.187689
481765329.869 0.4578188 -0.3867994 1.186814
481765363.8047 0.4579023 -0.3862566 1.186512
481765396.7979 0.4592029 -0.3868972 1.181365
481765429.8625 0.457843 -0.3867275 1.183931
481765463.7938 0.4526043 -0.3857253 1.189324
481765496.8141 0.452649 -0.3855855 1.190166
481765529.8685 0.4578739 -0.3868317 1.185051
481765563.8166 0.4579079 -0.386758 1.185169
481765596.8176 0.4579446 -0.3867745 1.18521
481765629.8699 0.4573929 -0.386602 1.184519
481765663.7983 0.4523358 -0.3857683 1.191133
481765696.8112 0.4582087 -0.3870808 1.184242
481765729.8762 0.4581361 -0.3870614 1.184377
481765763.7968 0.4596967 -0.3874393 1.181379
481765796.8142 0.4588638 -0.3871872 1.183534
481765829.8632 0.4597286 -0.38719 1.182163
481765863.8076 0.4599133 -0.3872393 1.181751
481765896.7955 0.460077 -0.3873184 1.181534
481765929.8732 0.4593141 -0.3871272 1.183115
481765963.8025 0.45975 -0.387244 1.182437
481765996.8084 0.4607906 -0.3875657 1.178611
481766029.88 0.4583892 -0.3869838 1.182831
481766063.7944 0.4514713 -0.3843222 1.198668
481766096.8024 0.4512507 -0.3842119 1.198017
481766129.8621 0.4495921 -0.3847141 1.192445
481766163.8106 0.4488051 -0.3848703 1.190568
481766196.8062 0.4475287 -0.3850094 1.188825
481766229.8663 0.4464147 -0.385225 1.187464
481766263.8107 0.4455027 -0.3853167 1.185772
481766296.8097 0.4438337 -0.3851524 1.18439
481766329.8977 0.4416416 -0.3849764 1.183544
481766363.8056 0.4403213 -0.3850388 1.182689
481766396.8119 0.4389193 -0.3853242 1.18189
481766429.8749 0.4522882 -0.3855643 1.178473
481766463.793 0.4522715 -0.3838214 1.178766
481766496.7952 0.4521882 -0.3827602 1.178928
481766529.859 0.452188 -0.3824612 1.178932
481766563.7903 0.4522103 -0.3819103 1.179172
481766596.8044 0.4521997 -0.3812796 1.179232
481766629.8645 0.4536856 -0.3805614 1.176971
481766663.8048 0.4536389 -0.3799857 1.177567
481766696.8087 0.4503304 -0.3751435 1.181154
481766729.8667 0.4508782 -0.3776971 1.181035
481766763.7972 0.4514427 -0.3789404 1.18075
481766796.8101 0.4522634 -0.3782533 1.180261
481766829.862 0.4534622 -0.3783105 1.179615
481766863.8224 0.454458 -0.3784643 1.17939
481766896.8094 0.4815891 -0.324077 1.179832
481766929.8617 0.4845618 -0.3232987 1.179269
481766963.7996 0.4896714 -0.3223636 1.17583
481766996.794 0.4941307 -0.3205385 1.173391
481767029.8697 0.5002815 -0.3189033 1.168607
481767063.7928 0.5253354 -0.3129828 1.160303
481767096.7978 0.5279878 -0.3093098 1.15889
481767129.8682 0.5310047 -0.3030395 1.158021
481767163.8085 0.5310782 -0.2946443 1.157656
481767196.8333 0.5325747 -0.2822348 1.157442
481767229.8585 0.5315011 -0.274007 1.157048
481767263.7943 0.5304125 -0.2694722 1.157283
481767296.7978 0.5299908 -0.2629561 1.157192
481767329.8558 0.5278661 -0.2577366 1.157265
481767363.8327 0.5198588 -0.2526198 1.157151
481767396.7971 0.4621733 -0.2841605 1.126689
481767429.8547 0.5300496 -0.243444 1.160054
481767463.7877 0.4604342 -0.2716555 1.128285
481767496.8096 0.4595155 -0.2672887 1.134398
481767529.8516 0.459815 -0.2621281 1.136138
481767563.7895 0.4864143 -0.2228364 1.15865
481767596.8147 0.462376 -0.2446423 1.141171
481767629.8625 0.4617203 -0.2429536 1.14631
481767663.8069 0.4599276 -0.2434757 1.143794
481767696.8083 0.4708613 -0.2310249 1.150934
481767729.8606 0.4628072 -0.240623 1.14587
481767763.7849 0.4691704 -0.2358641 1.149129
481767796.8056 0.4631982 -0.2458083 1.149971
481767829.8673 0.4696965 -0.2435146 1.151004
481767863.8068 0.4607592 -0.260174 1.151721
481767896.8041 0.5106987 -0.2260823 1.171279
481767929.856 0.5091639 -0.2312123 1.168396
481767963.7979 0.5109636 -0.2349425 1.167503
481767996.7887 0.5126487 -0.2419137 1.166551
481768029.8767 0.5177006 -0.2468545 1.166036
481768063.8018 0.5219501 -0.252877 1.165252
481768096.7896 0.5140136 -0.2902811 1.168077
481768129.8674 0.5166439 -0.2897056 1.167838
481768163.7962 0.5399641 -0.2729357 1.161604
481768196.7906 0.5411119 -0.2775117 1.161224
481768229.8659 0.5214617 -0.3017028 1.162115
481768263.7845 0.537763 -0.2820853 1.161457
481768296.7896 0.5389211 -0.2846188 1.160858
481768329.8554 0.5471629 -0.3216196 1.164831
481768363.8011 0.52638 -0.2941429 1.165859
481768396.7856 0.5246752 -0.2934921 1.165685
481768429.8547 0.5205534 -0.2940875 1.165577
481768463.8033 0.5162079 -0.294967 1.166948
481768496.8026 0.5133376 -0.2965154 1.168144
481768529.8553 0.5104362 -0.2982149 1.16956
481768563.7846 0.4695633 -0.3605513 1.1848
481768596.788 0.4449264 -0.3900934 1.196825
481768629.8571 0.4445468 -0.3884196 1.197583
481768663.7847 0.4443252 -0.388117 1.198082
481768696.7836 0.4653236 -0.3614242 1.18515
481768729.8561 0.4645351 -0.3621238 1.185278
481768763.7869 0.4634557 -0.3628382 1.185098
481768796.7813 0.4440371 -0.3862798 1.196917
481768829.8534 0.4621644 -0.3638602 1.185556
481768863.8068 0.4617644 -0.364252 1.185479
481768896.7864 0.461411 -0.3646716 1.185473
481768929.8593 0.4610474 -0.3652005 1.185177
481768963.8057 0.4607593 -0.365483 1.184408
481768996.7874 0.4604406 -0.3657506 1.183861
481769029.8483 0.4602418 -0.3659466 1.183021
481769063.7911 0.4600065 -0.3661896 1.183028
481769096.7888 0.4597413 -0.3663509 1.183039
481769129.8547 0.4594088 -0.3662763 1.183033
481769163.8077 0.4591015 -0.3663345 1.182936
481769196.7988 0.4587834 -0.3662668 1.182639
481769229.8589 0.4584409 -0.3661685 1.182487
481769263.7894 0.4582224 -0.3659916 1.182473
481769296.79 0.4580832 -0.3658897 1.182522
481769329.8616 0.4577871 -0.365771 1.182572
481769363.7797 0.4575794 -0.3656745 1.182595
481769396.7877 0.4566459 -0.365539 1.182624
481769429.8572 0.4565127 -0.3655244 1.18275
481769463.7893 0.4564388 -0.365455 1.182786
481769496.7874 0.4563487 -0.3653964 1.182772
481769529.8475 0.4562679 -0.3653276 1.182819
481769563.7915 0.4562038 -0.3652607 1.182808
481769596.7896 0.4561677 -0.3651875 1.182779
481769629.8596 0.4561381 -0.3651552 1.182775
481769663.7946 0.456091 -0.3649955 1.182732
481769696.7947 0.4560654 -0.3648713 1.182693
481769729.8515 0.4560356 -0.3647403 1.182647
481769763.7992 0.4560216 -0.3645999 1.182576
481769796.8655 0.4559917 -0.3645504 1.182608
481769829.8488 0.4559909 -0.3644414 1.182594
481769863.7793 0.4559758 -0.3643942 1.182604
481769896.7852 0.4559414 -0.364331 1.182651
481769929.8589 0.4559245 -0.3644029 1.182661
481769963.7778 0.4559201 -0.3643374 1.182641
481769996.7932 0.4559069 -0.3644403 1.1826
481770029.8442 0.4558922 -0.3643514 1.182587
481770063.7932 0.4558905 -0.3643113 1.182607
481770096.7868 0.4559 -0.364271 1.182583
481770129.8514 0.4558925 -0.3642308 1.182649
481770163.7991 0.4559761 -0.363982 1.182621
481770196.8034 0.4560509 -0.3639728 1.182655
481770229.8515 0.4560874 -0.3638214 1.18271
481770263.7845 0.4560846 -0.363731 1.182693
481770296.799 0.4560815 -0.3636921 1.182725
481770329.8616 0.4560735 -0.3636139 1.182735
481770363.7859 0.4560747 -0.3635263 1.182749
481770396.7951 0.4560758 -0.3634721 1.182778
481770429.8506 0.4560584 -0.3634925 1.182841
481770463.7877 0.4560461 -0.3634659 1.182844
481770496.7813 0.4560381 -0.3635837 1.182819
481770529.8808 0.4560301 -0.3635619 1.182821
481770563.7804 0.4560151 -0.3635104 1.182754
481770596.7913 0.456063 -0.3634342 1.182943
481770629.8473 0.4560813 -0.363434 1.182989
481770663.788 0.4560603 -0.3633952 1.183167
481770696.7943 0.4560778 -0.3633297 1.183188
481770729.8433 0.4560595 -0.3632774 1.183207
481770763.7861 0.4560676 -0.3632226 1.183221
481770796.776 0.4560739 -0.36321 1.183298
481770829.8566 0.4560572 -0.3631499 1.183239
481770863.7904 0.456064 -0.3630845 1.183256
481770896.7807 0.4560625 -0.3630563 1.183259
481770929.8552 0.4560933 -0.3629782 1.183261
481770963.8025 0.4561368 -0.3629324 1.183373
481770996.8116 0.4561254 -0.362809 1.18347
481771029.857 0.4561383 -0.3627504 1.18402
481771063.7788 0.4561449 -0.3625963 1.18397
481771096.795 0.4561452 -0.3625648 1.184128
481771129.8563 0.4561457 -0.3625275 1.184129
481771163.7925 0.4561264 -0.3624552 1.18409
481771196.7857 0.4561026 -0.3624739 1.184116
481771229.8392 0.4561054 -0.362472 1.184105
481771263.7845 0.4561173 -0.3624747 1.184119
481771296.799 0.4561267 -0.3624577 1.18417
481771329.8521 0.4561225 -0.3624282 1.1841
481771363.785 0.4561245 -0.3624543 1.184092
481771396.7786 0.4562341 -0.3624102 1.18416
481771429.8416 0.4562459 -0.3623986 1.184207
481771463.7795 0.4562468 -0.362386 1.184205
481771496.7821 0.4561863 -0.3623527 1.184556
481771529.8483 0.4562126 -0.3623113 1.184518
481771563.7924 0.4562382 -0.3622673 1.184559
481771596.7872 0.4562795 -0.3624722 1.184591
481771629.8465 0.4562883 -0.3624301 1.184573
481771663.7929 0.4562918 -0.3624233 1.18452
481771696.7865 0.456288 -0.3624264 1.18451
481771729.8532 0.4562752 -0.3624208 1.18442
481771763.7861 0.4562511 -0.3624094 1.184362
481771796.7887 0.4562203 -0.3624609 1.184291
481771829.8505 0.4561942 -0.3624903 1.18419
481771863.7735 0.456187 -0.3624758 1.184166
481771896.7786 0.4561842 -0.3624794 1.184142
481771929.8437 0.4572508 -0.3733186 1.18227
481771963.7877 0.4569211 -0.3700247 1.182799
481771996.7895 0.4567361 -0.3687263 1.182849
481772029.8795 0.4566096 -0.3676809 1.183018
481772063.7718 0.4564593 -0.3669595 1.182762
481772096.8118 0.4564246 -0.3665257 1.182856
481772129.8543 0.4563909 -0.366051 1.18302
481772163.7859 0.4563879 -0.3656582 1.182974
481772196.7964 0.4565671 -0.3654771 1.183512
481772229.8528 0.4567687 -0.3653734 1.183827
481772263.8144 0.4567833 -0.3654052 1.183874
481772296.8195 0.4568127 -0.3656572 1.183815
481772329.8378 0.4568255 -0.3656045 1.183858
481772363.7789 0.456838 -0.3656332 1.183862
481772396.7832 0.4568624 -0.3656486 1.184092
481772429.8478 0.4568691 -0.3657022 1.184064
481772463.7815 0.4568866 -0.3658201 1.184127
481772496.7726 0.4569069 -0.3656106 1.184069
481772529.8377 0.456943 -0.3655641 1.184298
481772563.8593 0.4569807 -0.3654982 1.184393
481772596.8603 0.4569889 -0.3654488 1.184346
481772629.8534 0.4569745 -0.3654971 1.184346
481772663.7753 0.4570171 -0.3654732 1.184441
481772696.8514 0.4570831 -0.3653543 1.184472
481772729.8499 0.4570931 -0.3653449 1.184564
481772763.7722 0.4571408 -0.3653132 1.184436
