481804263.674 0.4405958 -0.4610772 1.190142
481804296.6849 0.4405803 -0.4610921 1.190173
481804329.7569 0.4405719 -0.4611135 1.190203
481804363.6762 0.4405922 -0.4612149 1.190207
481804396.6678 0.440591 -0.4612311 1.190209
481804429.732 0.4405997 -0.4612292 1.190191
481804463.6682 0.4405977 -0.4612673 1.190194
481804496.6823 0.4405915 -0.4612744 1.190176
481804529.781 0.4405997 -0.4613252 1.190274
481804563.6749 0.4406261 -0.4614869 1.1904
481804596.6944 0.4406292 -0.4614738 1.190419
481804629.7348 0.4405851 -0.4615578 1.190514
481804663.6821 0.4405929 -0.4615545 1.190527
481804696.6703 0.4406016 -0.4615659 1.190542
481804729.7637 0.4406289 -0.4613827 1.190466
481804763.6703 0.4400806 -0.460881 1.189916
481804796.7177 0.4401002 -0.4608758 1.189924
481804829.7675 0.4401258 -0.4609041 1.189865
481804863.8006 0.4401513 -0.4609316 1.189849
481804896.6846 0.4401917 -0.4609295 1.189901
481804929.7435 0.4402746 -0.4609383 1.189963
481804963.6768 0.4403223 -0.4609644 1.190013
481804996.6782 0.4403721 -0.4608998 1.189985
481805029.7625 0.4404168 -0.4608754 1.189995
481805063.6803 0.4406143 -0.4607485 1.19027
481805096.673 0.4406404 -0.460731 1.190242
481805129.7533 0.4406643 -0.4607349 1.190271
481805163.6714 0.4407249 -0.4608249 1.19038
481805196.6765 0.4407583 -0.4608199 1.190378
481805229.767 0.4407875 -0.460889 1.190374
481805263.6753 0.4408258 -0.4609468 1.19041
481805296.666 0.4408683 -0.4609087 1.190441
481805329.7499 0.440881 -0.4608616 1.190436
481805363.6697 0.4409293 -0.4608726 1.190515
481805396.6715 0.4409431 -0.4607941 1.190506
481805429.7554 0.4409514 -0.4607964 1.190477
481805463.6776 0.4410174 -0.4607885 1.19037
481805496.6811 0.4410289 -0.4607862 1.190369
481805529.765 0.4410422 -0.4607617 1.190393
481805563.6704 0.4410725 -0.4607342 1.190421
481805596.6771 0.4410916 -0.4608255 1.190415
481805629.7418 0.441116 -0.460959 1.190522
481805663.6915 0.4411434 -0.4609131 1.190596
481805696.6642 0.4411565 -0.4609018 1.190611
481805729.7308 0.4411733 -0.4609828 1.190688
481805763.7286 0.4411943 -0.4609262 1.190709
481805796.6849 0.4411972 -0.460862 1.190695
481805829.7556 0.441176 -0.4608787 1.190651
481805863.6726 0.4409619 -0.4608285 1.19056
481805896.6625 0.4409088 -0.4608307 1.190514
481805929.741 0.440981 -0.4583674 1.1903
481805963.6752 0.4407176 -0.4600068 1.190258
481805996.6659 0.4404164 -0.4603048 1.190105
481806029.7297 0.4405111 -0.4577863 1.19008
481806063.6655 0.4401768 -0.4595006 1.190052
481806096.664 0.4402629 -0.458131 1.190029
481806129.7311 0.440099 -0.459255 1.189973
481806163.6714 0.4400873 -0.4592122 1.18991
481806196.6716 0.4398957 -0.4591457 1.189612
481806229.7296 0.4398549 -0.4592337 1.189387
481806263.679 0.4410699 -0.4686134 1.199243
481806296.6968 0.4427451 -0.46384 1.192235
481806329.7519 0.4416563 -0.4708518 1.20007
481806363.6639 0.4417176 -0.4710709 1.200127
481806396.6846 0.4416873 -0.4730095 1.200283
481806429.7279 0.4447215 -0.4668087 1.192211
481806463.6604 0.4448054 -0.4670275 1.19221
481806496.6889 0.4449565 -0.4674168 1.192117
481806529.74 0.4442051 -0.4807867 1.194468
481806563.6753 0.4431514 -0.4458639 1.173632
481806596.6657 0.4447834 -0.445018 1.170141
481806629.7266 0.4535393 -0.4288359 1.180433
481806663.6911 0.4552252 -0.4280872 1.180344
481806696.667 0.4724628 -0.3751399 1.176812
481806729.735 0.4724918 -0.3758971 1.176809
481806763.6671 0.4586998 -0.4226108 1.179307
481806796.6684 0.4611067 -0.4086874 1.179576
481806829.731 0.4642664 -0.3977509 1.17902
481806863.6611 0.4660442 -0.3920998 1.178621
481806896.66 0.4744066 -0.3882637 1.179686
481806929.7357 0.4751677 -0.3845793 1.178888
481806963.6588 0.4769061 -0.3792983 1.178194
481806996.6675 0.4797591 -0.3707068 1.177197
481807029.7486 0.4830718 -0.3589055 1.178233
481807063.6593 0.4845074 -0.3490472 1.176542
481807096.6685 0.483483 -0.3410334 1.177291
481807129.7348 0.4811916 -0.3309973 1.179844
481807163.6681 0.4746975 -0.3147081 1.190553
481807196.6576 0.4728448 -0.305272 1.19399
481807229.7337 0.4702933 -0.2819141 1.189706
481807263.6629 0.4686336 -0.2672235 1.151112
481807296.6611 0.4804988 -0.2217496 1.195908
481807329.7634 0.4729236 -0.2346994 1.138183
481807363.6705 0.4757515 -0.2296182 1.137989
481807396.6682 0.4770888 -0.225064 1.135841
481807429.7267 0.4781104 -0.2210164 1.134648
481807463.6649 0.4784872 -0.2193797 1.133685
481807496.6831 0.4780738 -0.2185218 1.133096
481807529.7256 0.4781464 -0.2181312 1.133066
481807563.6581 0.4781978 -0.2176121 1.127816
481807596.6624 0.4776964 -0.2179453 1.129022
481807629.7266 0.4750995 -0.2220803 1.131026
481807663.6636 0.4688553 -0.2252852 1.192428
481807696.6531 0.4727936 -0.2349358 1.141718
481807729.7271 0.4691551 -0.2425504 1.150881
481807763.6671 0.4711144 -0.2576033 1.197884
481807796.673 0.4688181 -0.2687539 1.20029
481807829.731 0.469941 -0.2781875 1.19452
481807863.6639 0.4686854 -0.2929085 1.194587
481807896.6608 0.472797 -0.3005414 1.194343
481807929.7238 0.4879157 -0.2988028 1.189545
481807963.6563 0.5138437 -0.2827086 1.179194
481807996.6807 0.5133575 -0.2927969 1.178012
481808029.7305 0.4873478 -0.3511734 1.18026
481808063.661 0.4728499 -0.3632609 1.187994
481808096.6595 0.4670138 -0.384352 1.189367
481808129.7253 0.4652568 -0.3939409 1.190034
481808163.657 0.4687677 -0.3979428 1.185899
481808196.6576 0.4686546 -0.4008647 1.187017
481808229.7226 0.4697116 -0.3956289 1.187623
481808263.6671 0.4701875 -0.3949687 1.187174
481808296.6533 0.4689134 -0.4004817 1.186724
481808329.7281 0.4684518 -0.4052842 1.186486
481808363.666 0.4805448 -0.4048724 1.1855
481808396.6542 0.4804233 -0.4048708 1.185498
481808429.7377 0.4805098 -0.4044283 1.185303
481808463.6629 0.4806614 -0.4037388 1.185442
481808496.6651 0.4799685 -0.403185 1.184886
481808529.7494 0.4774899 -0.420769 1.183522
481808563.6626 0.4781849 -0.4071855 1.183448
481808596.6562 0.4770423 -0.4125358 1.182738
481808629.7294 0.4759675 -0.4173066 1.182083
481808663.6665 0.4749551 -0.4189747 1.181373
481808696.6543 0.4742416 -0.4244847 1.180878
481808729.7202 0.4738621 -0.4254126 1.180176
481808763.6617 0.4732765 -0.4263836 1.179437
481808796.6619 0.4726209 -0.4271135 1.178915
481808829.7392 0.4611477 -0.4571766 1.180419
481808863.6656 0.4611323 -0.4572225 1.180419
481808896.667 0.4609462 -0.4572205 1.180196
481808929.7271 0.4604454 -0.4575976 1.179877
481808963.6592 0.4599129 -0.4580151 1.179453
481808996.6638 0.4577432 -0.4274766 1.170619
481809029.7256 0.4566933 -0.4599199 1.178467
481809063.67 0.4566932 -0.4599635 1.178467
481809096.6603 0.4511555 -0.4856648 1.188447
481809129.7414 0.4508446 -0.4860355 1.188578
481809163.6574 0.4496062 -0.486103 1.188055
481809196.6736 0.4491931 -0.4864353 1.18897
481809229.7239 0.4486384 -0.4868494 1.18913
481809263.6556 0.4481016 -0.4871913 1.189369
481809296.6533 0.4474584 -0.4875819 1.190355
481809329.7183 0.4469366 -0.4881892 1.191133
481809363.6565 0.4464734 -0.488501 1.191603
481809396.6592 0.4461199 -0.4887703 1.191969
481809429.7332 0.4458359 -0.4886802 1.192183
481809463.6583 0.4457112 -0.4882883 1.192288
481809496.6786 0.4454985 -0.4879191 1.192376
481809529.7375 0.4454344 -0.4875188 1.192574
481809563.6507 0.4452715 -0.4869058 1.193086
481809596.6533 0.4452344 -0.4867499 1.193137
481809629.7266 0.445189 -0.4867114 1.193064
481809663.6636 0.4449092 -0.4891138 1.1932
481809696.6728 0.4447833 -0.4899405 1.193142
481809729.7193 0.4447465 -0.4902303 1.193083
481809763.6478 0.444677 -0.4903035 1.193064
481809796.7403 0.4448812 -0.4890611 1.193124
481809829.7183 0.4450887 -0.4869124 1.193397
481809863.6528 0.4450525 -0.4869839 1.193319
481809896.6604 0.4451615 -0.4856097 1.193288
481809929.7213 0.4451845 -0.48557 1.193268
481809963.6604 0.4453348 -0.4841612 1.193198
481809996.6482 0.4453448 -0.4841204 1.193126
481810263.6519 0.4452205 -0.4828227 1.192659
481810296.6491 0.4452101 -0.4828942 1.192458
481810329.7302 0.4452595 -0.482933 1.192271
481810363.6471 0.4452901 -0.4823349 1.192141
481810396.6588 0.4453993 -0.4819337 1.192227
481810429.7156 0.445511 -0.4812946 1.192161
481810463.6559 0.445501 -0.4814126 1.192123
481810496.6782 0.4454638 -0.4810152 1.191373
481810529.7293 0.4454642 -0.4812912 1.191288
481810563.6524 0.4454845 -0.4814087 1.191203
481810596.648 0.445494 -0.4815519 1.191039
481810629.711 0.44554 -0.4817002 1.190907
481810663.6476 0.4452257 -0.4809452 1.189022
