99501233.0904 -0.1875853 -0.1545695 1.079823
99501266.1608 -0.1879323 -0.1545531 1.079726
99501300.0917 -0.1881113 -0.1544109 1.079683
99501333.0968 -0.1884116 -0.1543958 1.079764
99501366.168 -0.1883841 -0.1544028 1.079687
99501400.0874 -0.1885123 -0.1543897 1.079753
99501433.095 -0.1886452 -0.1543512 1.079763
99501466.1674 -0.1886717 -0.1542684 1.079813
99501500.0909 -0.1888167 -0.154358 1.079877
99501533.0882 -0.1889232 -0.1544115 1.079816
99501566.1602 -0.1889302 -0.1543577 1.079764
99501600.0853 -0.1862745 -0.1584761 1.079462
99501633.0851 -0.1880193 -0.1546119 1.080086
99501666.1612 -0.1880954 -0.1545193 1.079682
99501700.0819 -0.1885242 -0.1543949 1.079315
99501733.0886 -0.188614 -0.1543585 1.079224
99501766.1536 -0.1886326 -0.1542613 1.079197
99501800.087 -0.1887667 -0.1542054 1.07908
99501833.0859 -0.1887887 -0.1542 1.079079
99501866.1637 -0.1892747 -0.1542405 1.079317
99501900.0732 -0.189276 -0.1542379 1.079333
99501933.0886 -0.1892519 -0.154259 1.079298
99501966.1528 -0.1858681 -0.1598569 1.078592
99502000.0845 -0.1871625 -0.1547543 1.079331
99502033.0909 -0.1888851 -0.1546405 1.079636
99502066.1543 -0.1888737 -0.1546306 1.079626
99502100.0999 -0.1890165 -0.1546098 1.079606
99502133.0886 -0.1890522 -0.1545282 1.079349
99502166.1504 -0.1865123 -0.1612404 1.077922
99502200.1087 -0.187343 -0.1547248 1.079567
99502233.0839 -0.1877557 -0.154644 1.079494
99502266.1514 -0.188331 -0.1545939 1.079573
99502300.1016 -0.1884158 -0.1545689 1.07945
99502333.0894 -0.1889367 -0.1545095 1.079419
99502366.1508 -0.1863536 -0.1606197 1.078547
99502400.1658 -0.1862556 -0.1634449 1.077952
99502433.0822 -0.1858574 -0.1662306 1.077501
99502466.1567 -0.1857243 -0.1670061 1.077188
99502500.0913 -0.1864671 -0.1546203 1.079557
99502533.0907 -0.1868034 -0.1546258 1.079659
99502566.1504 -0.1859141 -0.1621993 1.077895
99502600.0853 -0.1856717 -0.1641753 1.077528
99502633.0946 -0.1856115 -0.165636 1.077275
99502666.1456 -0.1866372 -0.156985 1.079668
99502700.0745 -0.1872812 -0.1549209 1.0802
99502733.098 -0.1880963 -0.1547332 1.079793
99502766.1594 -0.1870729 -0.1592507 1.079262
99502800.1071 -0.1878477 -0.1548339 1.080259
99502833.0929 -0.1882237 -0.1548003 1.080338
99502866.1538 -0.1874323 -0.1614774 1.078834
99502900.0913 -0.1869733 -0.1640772 1.078191
99502933.0857 -0.1876597 -0.1559945 1.080119
99502966.1631 -0.1865579 -0.1641529 1.078464
99503000.1777 -0.1877781 -0.1548983 1.080027
99503033.0958 -0.1879414 -0.1549055 1.079997
99503066.153 -0.1880703 -0.1548069 1.07968
99503100.0819 -0.1882245 -0.15479 1.079698
99503133.0812 -0.1863517 -0.1626599 1.078436
99503166.1528 -0.1872807 -0.1562557 1.080072
99503200.0985 -0.1863141 -0.1639052 1.078488
99503233.0773 -0.1865371 -0.1593798 1.079241
99503266.1473 -0.1858924 -0.1646689 1.077869
99503300.0769 -0.1872664 -0.1569384 1.080719
99503333.1083 -0.1881195 -0.154797 1.081227
99503366.1573 -0.1870057 -0.1620484 1.08009
99503400.1588 -0.1876828 -0.1557826 1.081104
99503433.0839 -0.188193 -0.1545637 1.081215
99503466.1465 -0.1884754 -0.1544486 1.080965
99503500.0929 -0.1864709 -0.1622225 1.078572
99503533.0759 -0.1860936 -0.1647983 1.077995
99503566.1413 -0.1876713 -0.1544262 1.079818
99503600.1588 -0.1864684 -0.1618727 1.078354
99503633.0999 -0.1859572 -0.1646702 1.077805
99503666.1608 -0.1865968 -0.1552473 1.079622
99503700.0851 -0.187188 -0.1538164 1.08002
99503733.0968 -0.1874142 -0.1536907 1.079568
99503766.1569 -0.1875636 -0.1536116 1.079833
99503800.1662 -0.1875802 -0.153562 1.079656
99503833.0814 -0.1878211 -0.1534727 1.079608
99503866.1616 -0.1879347 -0.1534737 1.079629
99503900.095 -0.1862263 -0.1617011 1.078935
99503933.0923 -0.1869896 -0.1540664 1.080515
99503966.1458 -0.1862953 -0.1605083 1.0789
99504000.156 -0.1873163 -0.1537181 1.080408
99504033.0794 -0.1860748 -0.1621348 1.078192
99504066.1423 -0.1861846 -0.1574762 1.079355
99504100.1771 -0.186629 -0.1542278 1.079774
99504133.0886 -0.1857495 -0.1613961 1.077979
99504166.1651 -0.1863278 -0.1554942 1.079019
99504200.0956 -0.1869237 -0.1530759 1.079901
99504233.0839 -0.1873586 -0.1530298 1.079848
99504266.1518 -0.1863512 -0.1609197 1.078432
99504300.0855 -0.187649 -0.1539205 1.07977
99504333.0824 -0.1864867 -0.1631328 1.078168
99504366.1504 -0.1872171 -0.1551011 1.080101
99504400.0829 -0.1861464 -0.1625358 1.078913
99504433.0818 -0.1872505 -0.1553275 1.080081
99504466.153 -0.1874035 -0.1529838 1.080446
99504500.0765 -0.1877305 -0.1529127 1.08036
99504533.0812 -0.1878076 -0.152907 1.080376
99504566.1524 -0.1879054 -0.1527822 1.080391
99504600.0726 -0.1880271 -0.1527269 1.080259
99504633.0818 -0.1864942 -0.1607222 1.079596
99504666.1551 -0.1859704 -0.1638941 1.078688
99504700.0851 -0.1858005 -0.1662817 1.078324
99504733.0849 -0.1867406 -0.1536877 1.080159
99504766.1454 -0.1870849 -0.152659 1.080526
99504800.087 -0.1872721 -0.1525632 1.080657
99504833.0872 -0.1857619 -0.1609073 1.07932
99504866.1538 -0.1865978 -0.1535303 1.08111
99504900.1467 -0.1858158 -0.1619279 1.079432
99504933.073 -0.1869999 -0.155803 1.080677
99504966.1438 -0.1864046 -0.1631026 1.079656
99505000.0858 -0.1861739 -0.1659601 1.07926
99505033.0818 -0.1861159 -0.1672374 1.079059
99505066.1378 -0.1860278 -0.1680793 1.078922
99505100.1484 -0.1859122 -0.1693918 1.078771
99505133.0681 -0.1858893 -0.1696017 1.078721
99505166.1401 -0.1858648 -0.1698796 1.07874
99505200.0968 -0.1859075 -0.1701602 1.078684
99505233.0917 -0.1884833 -0.1517825 1.081992
99505266.1559 -0.1870155 -0.1630826 1.080738
99505300.0716 -0.1873908 -0.1564066 1.081545
99505333.0722 -0.1867605 -0.1615552 1.080402
99505366.1352 -0.1865261 -0.1646084 1.080051
99505400.0821 -0.1877759 -0.1544733 1.082254
99505433.0839 -0.1868839 -0.1617116 1.081006
99505466.1563 -0.1865589 -0.1642311 1.080771
99505500.0736 -0.1864117 -0.1661451 1.080802
99505533.0828 -0.186303 -0.1677519 1.080473
99505566.1516 -0.1878459 -0.1575822 1.083869
99505600.0743 -0.1875677 -0.1636336 1.083189
99505633.0789 -0.1870837 -0.1668808 1.082609
99505666.1423 -0.1870113 -0.1684155 1.082486
99505700.0814 -0.1870845 -0.1690209 1.082312
99505733.0722 -0.1871341 -0.1695968 1.082161
99505766.1426 -0.1870839 -0.1701787 1.082027
99505800.0755 -0.1870921 -0.1706397 1.08192
99505833.0839 -0.1871289 -0.1712862 1.081806
99505866.1415 -0.187116 -0.1724721 1.081517
99505900.1529 -0.1871176 -0.1724732 1.08152
99505933.0722 -0.1871635 -0.1727028 1.081479
99505966.1397 -0.1871493 -0.1727231 1.081489
99506000.1543 -0.1871503 -0.1728604 1.081459
99506033.0798 -0.1871358 -0.1730421 1.081362
99506066.1596 -0.1871412 -0.1730461 1.081357
99506100.0712 -0.1871094 -0.1730887 1.081342
99506133.0722 -0.1871662 -0.1732232 1.08132
99506166.145 -0.187191 -0.1732514 1.081336
99506200.0763 -0.1872154 -0.173473 1.081239
99506233.0753 -0.1872804 -0.1735877 1.081169
99506266.1465 -0.187274 -0.1736053 1.081135
99506300.0769 -0.1873099 -0.1736402 1.081128
99506333.0837 -0.1873064 -0.1736409 1.081127
99506366.1549 -0.1872988 -0.1736831 1.081121
99506400.0656 -0.1873068 -0.1737378 1.081114
99506433.0691 -0.1873018 -0.1738054 1.081107
99506466.1374 -0.187322 -0.1738736 1.081059
99506500.0938 -0.1873412 -0.1738795 1.081029
99506533.0808 -0.1873385 -0.1738826 1.081028
99506566.136 -0.1873389 -0.1738819 1.081028
99506600.1506 -0.1873353 -0.1738816 1.081027
99506633.0753 -0.1873462 -0.1739212 1.080992
99506666.137 -0.1873633 -0.1739468 1.08099
99506700.1582 -0.1873693 -0.1739883 1.080956
99506733.0824 -0.1873909 -0.1739853 1.080955
99506766.1389 -0.1873915 -0.173993 1.080933
99506800.0821 -0.187378 -0.1739972 1.080855
99506833.0744 -0.1873513 -0.1739826 1.08083
99506866.1387 -0.1873365 -0.1740056 1.080806
99506900.0757 -0.1873344 -0.1740072 1.080807
99506933.0722 -0.1873384 -0.1740674 1.080724
99506966.1972 -0.1873961 -0.1741226 1.080639
99507000.0763 -0.187409 -0.1741295 1.080626
99507033.0822 -0.1875096 -0.1742633 1.080642
99507066.1325 -0.1875323 -0.1743142 1.080571
99507100.0605 -0.1876084 -0.1743098 1.080629
99507133.0771 -0.1876048 -0.1743224 1.080615
99507166.1426 -0.1875913 -0.1743277 1.080602
99507200.0673 -0.1876356 -0.1743513 1.08065
99507233.0613 -0.1876219 -0.1743685 1.080634
99507266.1362 -0.1876422 -0.1743907 1.080572
99507300.0695 -0.1876638 -0.174415 1.080435
99507333.0902 -0.1876569 -0.174414 1.080428
99507366.1393 -0.18769 -0.1745453 1.080272
99507400.1449 -0.1876944 -0.1746413 1.0803
99507433.0765 -0.1877522 -0.1746933 1.080286
99507466.1358 -0.1877919 -0.1748506 1.080207
99507500.0699 -0.1877979 -0.1748731 1.080106
99507533.0796 -0.1879088 -0.1749972 1.080037
99507566.1413 -0.1879184 -0.1750276 1.080035
99507600.0619 -0.1879319 -0.1750794 1.079996
99507633.0822 -0.1879431 -0.1750288 1.079904
99507666.1317 -0.1879545 -0.1750715 1.079873
99507700.1414 -0.1879903 -0.1751474 1.079778
99507733.0656 -0.1879424 -0.1751889 1.079614
99507766.1372 -0.1879143 -0.1752039 1.079555
99507800.1465 -0.1879068 -0.1752045 1.079505
99507833.072 -0.187938 -0.175303 1.079354
99507866.144 -0.1879548 -0.1753925 1.07929
99507900.0683 -0.1879854 -0.1754596 1.079234
99507933.0603 -0.1879805 -0.1754698 1.079201
99507966.1454 -0.1879853 -0.1755104 1.078996
99508000.0718 -0.1880005 -0.1755743 1.078901
99508033.0847 -0.1880229 -0.1756167 1.07887
99508066.1345 -0.1880161 -0.1756211 1.078853
99508100.0638 -0.1879963 -0.1756446 1.078828
99508133.0709 -0.1880034 -0.175672 1.078757
99508166.1368 -0.187965 -0.1756892 1.078686
99508200.0693 -0.1879278 -0.1757182 1.078664
99508233.0872 -0.1878946 -0.1757326 1.078601
99508266.1662 -0.18787 -0.1758059 1.078339
99508300.0749 -0.1878619 -0.1757329 1.078282
99508333.0566 -0.18783 -0.1757326 1.078176
99508366.1278 -0.187743 -0.175681 1.077961
99508400.0706 -0.1877175 -0.1756985 1.077789
99508433.0724 -0.1876732 -0.1756861 1.077634
99508466.1304 -0.1876672 -0.1757216 1.077496
99508500.0712 -0.187648 -0.1757217 1.07745
99508533.0672 -0.1886044 -0.1521746 1.080548
99508566.1327 -0.1886196 -0.1498577 1.080856
99508600.066 -0.1889099 -0.1491361 1.080847
99508633.074 -0.188092 -0.1624392 1.079504
99508666.153 -0.1877027 -0.1656004 1.078622
99508700.0654 -0.1875257 -0.1675713 1.078497
99508733.0718 -0.18766 -0.1690204 1.078071
99508766.138 -0.1891131 -0.1521359 1.080339
99508800.0541 -0.1893457 -0.149527 1.081025
99508833.0679 -0.1896167 -0.1494614 1.080908
99508866.1329 -0.1897631 -0.1497001 1.080736
99508900.0634 -0.190074 -0.1497761 1.080388
99508933.0767 -0.1884412 -0.1642212 1.078171
99508966.1343 -0.1891298 -0.1512441 1.080614
99509000.0751 -0.189455 -0.1498972 1.080699
99509033.0761 -0.1894581 -0.1498451 1.080052
99509066.1407 -0.1895836 -0.1498784 1.080201
99509100.0749 -0.1886105 -0.1641326 1.077498
99509133.0693 -0.1891451 -0.1514305 1.080261
99509166.1446 -0.1890242 -0.150299 1.080397
99509200.0702 -0.1889504 -0.1504116 1.0801
99509233.0629 -0.1889728 -0.1503899 1.080175
99509266.1345 -0.1890105 -0.1504305 1.080173
99509300.065 -0.1891342 -0.1503529 1.080101
99509333.0701 -0.1879334 -0.1639414 1.078771
99509366.1475 -0.1870179 -0.1678358 1.077997
99509400.0624 -0.1875761 -0.1531773 1.080686
99509433.0572 -0.187663 -0.1506778 1.080826
99509466.1231 -0.1881089 -0.1506581 1.080523
99509500.0691 -0.188436 -0.1505603 1.080344
99509533.0652 -0.1861118 -0.1651796 1.078117
99509566.1306 -0.1860282 -0.1671547 1.077703
99509600.0714 -0.1859939 -0.1684372 1.077594
99509633.0716 -0.1872735 -0.1530107 1.080032
99509666.1259 -0.186187 -0.1638975 1.07817
99509700.0814 -0.1861315 -0.1664555 1.07746
99509733.0693 -0.1860934 -0.1684435 1.077177
99509766.1499 -0.18622 -0.1695345 1.076859
99509800.0714 -0.1877137 -0.1528374 1.0804
99509833.0662 -0.1865686 -0.162199 1.078939
99509866.1325 -0.1862056 -0.165083 1.078238
99509900.0687 -0.1861815 -0.1665558 1.077859
99509933.0759 -0.185955 -0.1675287 1.077741
99509966.1228 -0.1858891 -0.1683481 1.077774
99510000.0648 -0.1857856 -0.1686864 1.077624
99510033.0658 -0.1875387 -0.1562811 1.0798
99510066.1325 -0.1870569 -0.1616408 1.079213
99510100.0675 -0.1879322 -0.1548923 1.080966
99510133.0599 -0.1875611 -0.1639028 1.079708
99510166.1265 -0.1873575 -0.1655358 1.079576
99510200.0582 -0.187513 -0.1663976 1.079625
99510233.0658 -0.18753 -0.1669835 1.07966
99510266.1276 -0.1874594 -0.168077 1.079412
99510300.0679 -0.1875045 -0.1689785 1.079353
99510333.073 -0.1875333 -0.1694703 1.079315
99510366.1237 -0.1875237 -0.1698694 1.079284
99510400.0636 -0.1875159 -0.1701655 1.079335
99510433.0785 -0.1876289 -0.1707516 1.07951
99510466.1235 -0.1876659 -0.1711476 1.079461
99510500.0642 -0.187621 -0.1713259 1.079491
99510533.0599 -0.1875376 -0.1714715 1.079517
99510566.1278 -0.1875161 -0.1718448 1.079641
99510600.0652 -0.1874352 -0.1722858 1.079763
99510633.065 -0.1873679 -0.1723299 1.07973
99510666.1214 -0.1871941 -0.1725199 1.079599
99510700.0527 -0.1867721 -0.1726333 1.079071
99510733.0619 -0.1866509 -0.1726539 1.078951
99510766.1339 -0.1861788 -0.1735665 1.077972
99510800.0574 -0.185924 -0.1744838 1.076787
99510833.09 -0.185546 -0.1761027 1.075421
99510866.1313 -0.1847599 -0.1780276 1.073477
99510900.0617 -0.1844024 -0.1788428 1.071933
99510933.0685 -0.184198 -0.1795911 1.070593
99510966.1241 -0.1827624 -0.181635 1.066557
99511000.0599 -0.1766675 -0.1811993 1.061394
99511033.0572 -0.176366 -0.1817283 1.059745
99511066.1222 -0.1759315 -0.1872582 1.055649
99511100.0745 -0.1766999 -0.187988 1.054826
99511133.0541 -0.1776203 -0.187764 1.054507
99511166.1368 -0.1775371 -0.1977979 1.04602
99511200.073 -0.1775764 -0.1993419 1.043948
99511233.0753 -0.1774272 -0.2002963 1.04095
99511266.1272 -0.1772385 -0.1993537 1.040159
99511300.0535 -0.1778945 -0.1740048 1.023966
99511333.0607 -0.1777068 -0.1934385 1.038493
99511366.1319 -0.177621 -0.190566 1.037123
99511400.0673 -0.1771589 -0.1868333 1.0354
99511433.0597 -0.1755421 -0.1475844 1.045602
99511466.1185 -0.1752256 -0.1460796 1.04582
99511500.0507 -0.1747246 -0.1438609 1.046042
99511533.0553 -0.1740085 -0.1401143 1.045466
99511566.12 -0.173572 -0.1365331 1.045064
99511600.0513 -0.1728884 -0.1345724 1.04288
99511633.0601 -0.1728894 -0.1330366 1.041762
99511666.1218 -0.172683 -0.1307476 1.039937
99511700.0683 -0.1724755 -0.1289248 1.038975
99511733.0742 -0.1721028 -0.1269279 1.036887
99511766.12 -0.1715482 -0.1241401 1.035207
99511800.0648 -0.1706506 -0.1214777 1.032481
99511833.0621 -0.1700345 -0.118724 1.030396
99511866.1272 -0.1686989 -0.1166702 1.027918
99511900.058 -0.1683659 -0.1158734 1.02674
99511933.0521 -0.1682903 -0.1144362 1.025822
99511966.1245 -0.1682666 -0.1132568 1.0253
99512000.0591 -0.1688177 -0.1118369 1.024874
99512033.0597 -0.1687965 -0.1100153 1.023535
99512066.128 -0.168104 -0.108666 1.02247
99512100.058 -0.1666469 -0.1073823 1.021073
99512133.0558 -0.1655427 -0.1057462 1.020065
99512166.1192 -0.1649633 -0.1019662 1.017248
99512200.0603 -0.1662668 -0.09836089 1.014371
99512233.0486 -0.1692388 -0.09330053 1.009856
99512266.1231 -0.172622 -0.08869311 1.006113
99512300.0531 -0.1761763 -0.08415504 1.002569
99512333.0668 -0.1771045 -0.08139703 1.000883
99512366.138 -0.1789704 -0.07711534 0.9978154
99512400.055 -0.1777628 -0.07167332 0.9937812
99512433.0642 -0.1820129 -0.08627192 0.9545841
99512466.1387 -0.1509851 -0.0801171 0.9244089
99512500.0626 -0.1492082 -0.07531271 0.9242699
99512533.0611 -0.203552 -0.04208611 0.8674109
99512566.1167 -0.159465 -0.09184337 0.9597654
99512600.0488 -0.1611742 -0.09716006 0.9633108
99512633.0617 -0.1617134 -0.08825539 0.9771203
99512666.1263 -0.1628749 -0.08725987 0.9906005
99512700.0646 -0.1635773 -0.08730828 0.9908167
99512733.0545 -0.1657436 -0.08468455 0.9933917
99512766.1204 -0.1697642 -0.06564506 1.00848
99512800.0463 -0.1726469 -0.06464867 1.008761
99512833.0609 -0.182571 -0.08015641 0.9989645
99512866.128 -0.1748835 -0.0329468 0.9463693
99512900.0507 -0.2074397 0.01121209 0.900113
99512933.0607 -0.1665722 -0.01058245 0.9654695
99512966.1196 -0.169876 -0.02886478 0.9846851
99513000.0619 -0.1668502 -0.0004418447 0.9728059
99513033.0568 -0.1669939 -0.0003216579 0.9744425
99513066.1198 -0.1673834 -0.0007556163 0.9742828
99513100.0498 -0.1689356 -0.001803025 0.973946
99513133.0459 -0.1648511 0.008065217 0.9705078
99513166.1216 -0.1721271 -0.005928763 0.9754724
99513200.0677 -0.1716663 -0.006089906 0.9750994
99513233.042 -0.1722627 -0.005051167 0.9739667
99513266.1202 -0.1727727 -0.003751393 0.9733044
99513300.063 -0.185591 0.01258171 0.9449948
99513333.0607 -0.184957 0.03891283 0.9262847
99513366.1204 -0.184587 0.0391967 0.9260646
99513400.05 -0.1830155 0.07116572 0.8607484
99513433.0461 -0.1875937 0.07002895 0.8703878
99513466.1194 -0.1896019 0.07294531 0.860472
99513500.0511 -0.1922883 0.07337472 0.8599443
99513533.0549 -0.1956361 0.07534029 0.8527764
99513566.1253 -0.1958959 0.07548667 0.8528539
99513600.0525 -0.1487655 0.04155028 0.9141795
99513633.0457 -0.1989004 0.06965896 0.8596905
99513666.1148 -0.1986202 0.06984691 0.8598597
99513700.0609 -0.1978056 0.06978107 0.8597978
99513733.0512 -0.1976984 0.0694215 0.8595591
99513766.1183 -0.1687369 0.01779854 0.9390032
99513800.0611 -0.2098343 0.04257134 0.8532052
99513833.0666 -0.2084235 0.04329421 0.8522196
99513866.1235 -0.2071858 0.03433599 0.864808
99513900.0482 -0.1655141 0.01633216 0.977689
99513933.0463 -0.1630115 0.007625576 0.9747505
99513966.1159 -0.1660747 -0.005439392 0.9794694
99514000.0546 -0.165474 -0.008670108 0.9805636
99514033.0416 -0.1605871 -0.003641718 0.9317799
99514066.1124 -0.1647804 -0.01711872 0.9258758
99514100.0486 -0.1762675 -0.05793189 1.010295
99514133.0693 -0.1746056 -0.06884506 1.001236
99514166.1192 -0.1717664 -0.07628425 0.9866484
99514200.0476 -0.1710081 -0.08558503 0.9725769
99514233.0486 -0.1703378 -0.08649751 0.9687292
99514266.1079 -0.168761 -0.08852459 0.9705192
99514300.0494 -0.1725743 -0.08136589 0.9658296
99514333.0611 -0.1635028 -0.07197007 0.9656434
99514366.1261 -0.1679754 -0.0700345 0.9670426
99514400.0558 -0.167352 -0.06593764 0.889744
99514433.0584 -0.177457 -0.07008243 0.8918267
99514466.112 -0.1812188 -0.07257938 0.8931568
99514500.0609 -0.1847735 -0.07677023 0.8957905
99514533.0599 -0.1846664 -0.0787177 1.009228
99514566.1093 -0.1839939 -0.07872028 1.01083
99514600.0591 -0.1830253 -0.07983728 1.012981
99514633.0519 -0.1803696 -0.08390275 1.018109
99514666.1132 -0.1783791 -0.08666297 1.021003
99514700.0392 -0.1776433 -0.08933511 1.02359
99514733.048 -0.1769494 -0.0925927 1.026191
99514766.1348 -0.1761495 -0.09831768 1.032448
99514800.0504 -0.1765811 -0.09979877 1.033412
99514833.0539 -0.1774389 -0.1010603 1.034594
99514866.1132 -0.1787394 -0.1035545 1.036958
99514900.0498 -0.1794368 -0.1047295 1.038085
99514933.0496 -0.1800103 -0.1060329 1.039577
99514966.1114 -0.1807949 -0.1069331 1.040725
99515000.0509 -0.1807656 -0.1085829 1.042438
99515033.0642 -0.1808613 -0.1110055 1.043828
99515066.1185 -0.1814918 -0.1128756 1.044757
99515100.0474 -0.1822658 -0.1152046 1.045693
99515133.0484 -0.1834708 -0.1185013 1.047323
99515166.1101 -0.184037 -0.1208761 1.049291
99515200.0496 -0.1844773 -0.1228558 1.051357
99515233.0539 -0.1846275 -0.1246212 1.053178
99515266.1066 -0.1850055 -0.1257894 1.055119
99515300.0486 -0.1850882 -0.1273035 1.056772
99515333.0459 -0.1881414 -0.1690664 1.042575
99515366.1122 -0.1878459 -0.1705289 1.04278
99515400.0521 -0.187548 -0.1731911 1.042327
99515433.0494 -0.1866897 -0.1766627 1.042184
99515466.1132 -0.1859803 -0.1784718 1.042299
99515500.0585 -0.1850186 -0.1803375 1.042799
99515533.0463 -0.1843426 -0.1815809 1.043482
99515566.1122 -0.183729 -0.1840019 1.044437
99515600.0418 -0.1828903 -0.1852929 1.045209
99515633.0613 -0.1821909 -0.1884558 1.046082
99515666.1198 -0.1817897 -0.1908843 1.04687
99515700.0437 -0.1811672 -0.1924251 1.047371
99515733.0385 -0.180421 -0.1942516 1.047811
99515766.1122 -0.1807061 -0.1905676 1.052452
99515800.0525 -0.1792784 -0.1862848 1.05574
99515833.0506 -0.1784514 -0.1842633 1.057839
99515866.128 -0.1791378 -0.1906184 1.057333
99515900.0482 -0.179401 -0.1941784 1.057606
99515933.0422 -0.1786043 -0.1921785 1.059714
99515966.1101 -0.1793185 -0.1966588 1.060183
99516000.0422 -0.179259 -0.1959277 1.06161
99516033.0428 -0.1795634 -0.1904669 1.065419
99516066.1107 -0.1798139 -0.1883317 1.067531
99516100.0593 -0.1794385 -0.1886636 1.068088
99516133.041 -0.1796126 -0.186104 1.070771
99516166.1081 -0.1788843 -0.1852323 1.071468
99516200.0525 -0.1788488 -0.1849425 1.072135
99516233.0375 -0.1786644 -0.1842339 1.073246
99516266.1128 -0.1784238 -0.1851476 1.073639
99516300.0412 -0.1813505 -0.1485775 1.090333
99516333.0488 -0.1825622 -0.1812756 1.084874
99516366.1183 -0.1817928 -0.1823029 1.083798
99516400.0496 -0.1845602 -0.1488307 1.093111
99516433.051 -0.1845247 -0.1488215 1.093081
99516466.1259 -0.1794504 -0.1742683 1.085288
99516500.0379 -0.1788609 -0.1608696 1.088147
99516533.0467 -0.1819969 -0.1482974 1.091763
99516566.1163 -0.1823589 -0.1481111 1.091582
99516600.0558 -0.1823626 -0.1476793 1.091597
99516633.0498 -0.1822315 -0.1475895 1.09144
99516666.1087 -0.1824248 -0.1470578 1.091401
99516700.0416 -0.1823811 -0.1469691 1.091246
99516733.0549 -0.1822798 -0.1467389 1.091312
99516766.1167 -0.182237 -0.1466303 1.091274
99516800.0381 -0.1817852 -0.1462126 1.09111
99516833.0342 -0.17925 -0.1718888 1.084241
99516866.1116 -0.1791132 -0.1738824 1.083568
99516900.047 -0.1789947 -0.1754754 1.08327
99516933.0652 -0.1790036 -0.1761336 1.083113
99516966.1056 -0.183446 -0.1459931 1.092639
99517000.0525 -0.1810732 -0.1769458 1.084595
99517033.042 -0.1807606 -0.1459297 1.091043
99517066.1144 -0.1810804 -0.1453723 1.09108
99517100.0511 -0.1792308 -0.1736721 1.084081
99517133.0397 -0.1790957 -0.1751448 1.083705
99517166.1192 -0.1794501 -0.2022706 1.077238
99517200.0406 -0.1791863 -0.1934454 1.079205
99517233.0387 -0.1794062 -0.1930983 1.079466
99517266.105 -0.1793374 -0.191104 1.08016
99517300.0326 -0.1794131 -0.1909604 1.080266
99517333.0492 -0.179123 -0.1890486 1.080785
99517366.1171 -0.1777491 -0.1983567 1.078684
99517400.0529 -0.1782237 -0.1958154 1.079419
99517433.0428 -0.1835168 -0.1452387 1.091947
99517466.1157 -0.1793766 -0.1754114 1.084361
99517500.0429 -0.1802347 -0.1613455 1.087257
99517533.048 -0.179888 -0.174825 1.084467
99517566.104 -0.1799843 -0.1773584 1.083884
99517600.066 -0.1808046 -0.1452309 1.090831
99517633.0494 -0.1790436 -0.1701049 1.085058
99517666.1128 -0.1790991 -0.1722123 1.084814
99517700.0453 -0.1791691 -0.1743695 1.084617
99517733.0352 -0.1791549 -0.1752802 1.084646
99517766.1155 -0.1790809 -0.164237 1.087315
99517800.0468 -0.1783986 -0.1555181 1.088775
99517833.0412 -0.1786294 -0.1544761 1.089227
99517866.1218 -0.1778932 -0.1703426 1.085645
99517900.0318 -0.1767298 -0.1979388 1.0784
99517933.0381 -0.1771895 -0.1931597 1.079804
99517966.1118 -0.177845 -0.1921528 1.080467
99518000.0582 -0.1794193 -0.1531788 1.090069
99518033.0383 -0.1786203 -0.1706181 1.085804
99518066.1128 -0.1786375 -0.173506 1.085338
99518100.0437 -0.1787472 -0.1755372 1.085237
99518133.0381 -0.1789194 -0.1761326 1.085192
99518166.1027 -0.1790736 -0.1650252 1.08784
99518200.0344 -0.179819 -0.1499194 1.091651
99518233.0383 -0.1796352 -0.1488459 1.091671
99518266.1181 -0.1767079 -0.2079649 1.076934
99518300.0396 -0.1780443 -0.1939801 1.081727
99518333.0549 -0.1780781 -0.1914309 1.082208
99518366.113 -0.178191 -0.1887704 1.082818
99518400.0574 -0.1809755 -0.1453389 1.093191
99518433.0441 -0.1804083 -0.1450945 1.093091
99518466.1124 -0.1777119 -0.1757688 1.08429
99518500.0379 -0.1787384 -0.1632667 1.087823
99518533.034 -0.1782314 -0.1696451 1.086405
99518566.1027 -0.1781136 -0.1641482 1.087702
99518600.0558 -0.1783088 -0.1699187 1.086733
99518633.0445 -0.1767863 -0.1992655 1.079178
99518666.1165 -0.177332 -0.1931252 1.081198
99518700.0441 -0.1777658 -0.1905066 1.082048
99518733.0352 -0.17712 -0.1976601 1.079703
99518766.1056 -0.1773769 -0.1930379 1.08162
99518800.0488 -0.1778071 -0.1907285 1.082553
99518833.0412 -0.1779735 -0.1905655 1.082643
99518866.1144 -0.1807125 -0.1441775 1.092015
99518900.0474 -0.1788805 -0.1759392 1.085114
99518933.036 -0.1789106 -0.1772833 1.084908
99518966.1027 -0.1805305 -0.1451203 1.092829
99519000.0468 -0.1778812 -0.1738713 1.084444
99519033.0424 -0.1776498 -0.1682583 1.085923
99519066.1038 -0.1778315 -0.1719689 1.085363
99519100.0498 -0.1785399 -0.1636949 1.087591
99519133.0348 -0.1785882 -0.168861 1.086711
99519166.1064 -0.1790242 -0.1625028 1.088171
99519200.0418 -0.1786377 -0.1706961 1.086826
99519233.0527 -0.1783959 -0.1727024 1.086224
99519266.1062 -0.1784026 -0.1737823 1.086022
99519300.04 -0.1784421 -0.1747302 1.08586
99519333.0377 -0.1784075 -0.1785019 1.085308
99519366.0986 -0.1783963 -0.1785531 1.085325
99519400.0435 -0.178297 -0.1787262 1.085356
99519433.0457 -0.1803685 -0.1441709 1.093118
99519466.1091 -0.1786147 -0.1724671 1.086859
99519500.0441 -0.1788988 -0.174715 1.086213
99519533.0381 -0.1788469 -0.1751118 1.086179
99519566.1085 -0.1787964 -0.1758827 1.086012
99519600.0385 -0.1780008 -0.1526649 1.090282
99519633.0239 -0.1777417 -0.1707588 1.087015
99519666.0988 -0.1784013 -0.1632209 1.088872
99519700.0334 -0.1780092 -0.1697138 1.087051
99519733.0332 -0.1801018 -0.1471772 1.092573
99519766.1077 -0.1788796 -0.170459 1.087281
99519800.0332 -0.1785597 -0.1741104 1.086886
99519833.0424 -0.1783354 -0.1754539 1.086711
99519866.098 -0.1783158 -0.1763471 1.086592
99519900.047 -0.17779 -0.1521364 1.091578
99519933.0291 -0.1776013 -0.1528773 1.091224
99519966.104 -0.1768626 -0.1695792 1.088107
99520000.0439 -0.1773434 -0.1725945 1.087541
99520033.033 -0.1773874 -0.1745659 1.0872
99520066.0955 -0.1772804 -0.1763478 1.086939
99520100.0375 -0.1769873 -0.1779873 1.086367
99520133.0443 -0.1792522 -0.145672 1.093105
99520166.1101 -0.1794329 -0.1443646 1.093451
99520200.0275 -0.1786349 -0.1475893 1.092368
99520233.0321 -0.1776914 -0.1690138 1.088085
99520266.1132 -0.1773779 -0.1729361 1.087452
99520300.0441 -0.177247 -0.1747776 1.087139
99520333.0393 -0.1772586 -0.1760132 1.086773
99520366.1101 -0.1766607 -0.1525461 1.09054
99520400.039 -0.1771046 -0.1685271 1.087321
99520433.0346 -0.1777858 -0.1632407 1.088618
99520466.0968 -0.1776559 -0.1705035 1.087179
99520500.0293 -0.177795 -0.1738945 1.08657
99520533.0533 -0.1776086 -0.176312 1.086189
99520566.0949 -0.1769645 -0.1549633 1.091147
99520600.0406 -0.1769889 -0.1549663 1.091106
99520633.0412 -0.1768935 -0.1523908 1.091482
99520666.0939 -0.1779665 -0.1463429 1.09333
99520700.0277 -0.1783732 -0.1698741 1.088854
99520733.0237 -0.178606 -0.162811 1.089577
99520766.1031 -0.1778501 -0.1574024 1.09063
99520800.0332 -0.1768617 -0.169204 1.087806
99520833.0297 -0.1770949 -0.1731215 1.086973
99520866.0997 -0.1770639 -0.1752966 1.086528
99520900.0322 -0.1769137 -0.1757658 1.086358
99520933.0282 -0.176871 -0.1761727 1.086219
99520966.0925 -0.1767883 -0.1764122 1.086192
99521000.0365 -0.176881 -0.1769417 1.086254
99521033.0379 -0.1768682 -0.1771826 1.086225
99521066.0914 -0.1768444 -0.1774997 1.08627
99521100.0371 -0.1768342 -0.1777325 1.08624
99521133.0278 -0.1757885 -0.16237 1.089317
99521166.0941 -0.1755458 -0.1681275 1.087443
99521200.0451 -0.1753695 -0.1711676 1.086803
99521233.0317 -0.175456 -0.1730002 1.086618
99521266.1062 -0.1754665 -0.1733355 1.086469
99521300.0449 -0.1755487 -0.1742624 1.086382
99521333.0204 -0.1753078 -0.1752183 1.086167
99521366.0974 -0.175365 -0.1754767 1.08607
99521400.034 -0.1752948 -0.176009 1.085834
99521433.0547 -0.1752862 -0.176451 1.085533
99521466.1103 -0.1689076 -0.1690366 1.070071
99521500.0289 -0.1752557 -0.1770944 1.08527
99521533.0365 -0.1753002 -0.177574 1.085131
99521566.0994 -0.1745731 -0.1597285 1.088525
99521600.0385 -0.1745786 -0.1692822 1.086491
99521633.0207 -0.174364 -0.1734149 1.085154
99521666.1017 -0.1742954 -0.1742684 1.084988
99521700.0342 -0.1744045 -0.1756593 1.084964
99521733.0324 -0.1737951 -0.1754936 1.084731
99521766.0994 -0.1740674 -0.176259 1.084745
99521800.0336 -0.1739707 -0.1770877 1.084366
99521833.0309 -0.1720264 -0.2020193 1.078399
99521866.0968 -0.1737136 -0.1967068 1.080605
99521900.0314 -0.1735852 -0.1446958 1.090822
99521933.0303 -0.1734052 -0.1459922 1.09082
99521966.0937 -0.1736159 -0.1420979 1.087024
99522000.0156 -0.1740858 -0.1847949 1.083864
99522033.0248 -0.1742365 -0.1842052 1.083973
99522066.0943 -0.1742791 -0.1842006 1.08397
99522100.0277 -0.1742806 -0.1841622 1.083967
99522133.0172 -0.174268 -0.1841375 1.083936
99522166.0892 -0.1743 -0.1840403 1.083979
99522200.0332 -0.1742977 -0.1840458 1.083978
99522233.0338 -0.1744012 -0.1839206 1.084093
99522266.1075 -0.1736549 -0.1724088 1.085893
99522300.0351 -0.1737202 -0.1747456 1.085669
99522333.0217 -0.1724498 -0.1531318 1.089057
99522366.0892 -0.1733532 -0.174485 1.085675
99522400.032 -0.1705593 -0.2083906 1.07679
99522433.0449 -0.1724028 -0.1930145 1.081329
99522466.0968 -0.1733542 -0.1901716 1.082456
99522500.0158 -0.1742162 -0.1878731 1.083212
