11492577.9724 0.4676403 -0.505176 1.11805
11492610.8744 0.4675426 -0.5050525 1.118107
11492643.8573 0.4674487 -0.504825 1.118104
11492677.9729 0.4673463 -0.503947 1.118366
11492710.8655 0.4672534 -0.5038957 1.118153
11492743.8554 0.4663217 -0.5078895 1.114017
11492777.9402 0.4663183 -0.50704 1.113788
11492810.8747 0.4664328 -0.5062738 1.11377
11492843.8527 0.4663118 -0.5065733 1.112807
11492877.9465 0.4662678 -0.5071617 1.112155
11492910.8727 0.4663881 -0.5067571 1.112289
11492943.8639 0.4664658 -0.5064506 1.112253
11492977.9462 0.4662836 -0.5072787 1.111366
11493010.8573 0.4662134 -0.5077355 1.11093
11493043.9408 0.466289 -0.5068103 1.110955
11493078.0083 0.4660361 -0.5077841 1.109993
11493110.9025 0.4658805 -0.5087116 1.109105
11493143.8657 0.4659812 -0.5081916 1.109159
11493177.9374 0.465868 -0.5087662 1.10875
11493210.8518 0.465627 -0.5099514 1.107991
11493243.8577 0.465535 -0.5099437 1.107436
11493277.9577 0.4655491 -0.5099899 1.10705
11493310.8745 0.4657459 -0.5089577 1.107509
11493343.8853 0.4659304 -0.5080443 1.107806
11493377.934 0.4661281 -0.5074944 1.107497
11493410.8668 0.4662464 -0.5068755 1.107352
11493443.876 0.4662766 -0.5062422 1.107113
11493477.983 0.4664863 -0.5056092 1.107254
11493510.8723 0.4664053 -0.5065709 1.10612
11493543.9344 0.466504 -0.5061059 1.105981
11493577.9535 0.4665685 -0.5058138 1.106117
11493610.8777 0.4667151 -0.5055449 1.106165
11493643.8774 0.4667531 -0.5051454 1.10615
11493677.9286 0.4665212 -0.5064608 1.105283
11493710.8442 0.4663511 -0.5075785 1.104512
11493743.8644 0.4665026 -0.5069661 1.104535
11493777.9341 0.4666473 -0.5063149 1.104834
11493810.8624 0.4667377 -0.5060108 1.105051
11493843.9274 0.466687 -0.5066445 1.104543
11493877.9276 0.4666637 -0.5073243 1.104017
11493910.869 0.4666211 -0.5078222 1.103614
11493943.8462 0.466801 -0.5069046 1.104091
11493977.9318 0.4669546 -0.5062316 1.104399
11494010.8819 0.4667762 -0.5073999 1.103617
11494043.864 0.4666609 -0.5081267 1.103133
11494077.9578 0.4667682 -0.5075504 1.103414
11494110.9711 0.4670348 -0.5059923 1.104306
11494143.8682 0.4668577 -0.5071387 1.103607
11494177.9292 0.4668031 -0.5077847 1.103183
11494210.8468 0.4667545 -0.5082743 1.102897
11494243.8848 0.4667363 -0.5085697 1.102718
11494277.9306 0.4667019 -0.5089149 1.102475
11494310.8683 0.4669425 -0.5076783 1.103163
11494343.9333 0.4670741 -0.5068432 1.103583
11494377.9582 0.466942 -0.5076262 1.103001
11494410.8479 0.4670512 -0.5070004 1.103307
11494443.8505 0.4671915 -0.5062259 1.103697
11494477.9587 0.4670901 -0.5068347 1.103256
11494510.8698 0.4672138 -0.5061561 1.103604
11494543.9085 0.4671484 -0.5065689 1.103344
11494577.9486 0.4672169 -0.5062482 1.103557
11494610.8728 0.4671958 -0.5062892 1.10345
11494643.8701 0.4672026 -0.506312 1.103447
11494677.9319 0.4671942 -0.5062544 1.103346
11494710.8405 0.4671046 -0.5067448 1.103016
11494743.8406 0.4671556 -0.5063744 1.103161
11494777.9377 0.4671592 -0.5064233 1.103133
11494810.8546 0.4671493 -0.5064467 1.103113
11494843.8859 0.4671461 -0.5064728 1.103117
11494877.9276 0.4671431 -0.5064932 1.103098
11494910.8604 0.4671249 -0.5065254 1.103076
11494943.8515 0.467122 -0.5065209 1.103105
11494977.9314 0.4671183 -0.506575 1.103078
11495010.918 0.4671035 -0.5066299 1.103003
11495043.8549 0.4670911 -0.5066928 1.102978
11495077.9435 0.4670784 -0.5067124 1.102985
11495110.9009 0.4670813 -0.5067184 1.102974
11495143.8645 0.4670799 -0.5067372 1.10296
11495177.9362 0.467075 -0.5067273 1.102966
11495210.8682 0.4670818 -0.5067964 1.102978
11495243.856 0.4670739 -0.5067664 1.102986
11495277.9421 0.467069 -0.5067559 1.102991
11495310.8412 0.4670711 -0.5067514 1.102994
11495343.9198 0.4670695 -0.5067632 1.102939
11495377.9586 0.4670598 -0.5067498 1.102886
11495410.8479 0.4670665 -0.5068028 1.102867
11495443.8501 0.4670748 -0.5067897 1.102875
11495477.9251 0.4670534 -0.5067443 1.102929
11495510.8423 0.4670527 -0.5067545 1.102919
11495543.865 0.4670546 -0.5067552 1.102922
11495577.9745 0.4670647 -0.5067738 1.102908
11495610.8469 0.4670616 -0.5067719 1.102913
11495643.8557 0.4670587 -0.5067726 1.102916
11495677.9434 0.4670415 -0.506758 1.102925
11495710.8401 0.4670367 -0.5067683 1.102915
11495743.9125 0.4670287 -0.5067559 1.102955
11495777.923 0.467034 -0.5067806 1.102962
11495810.8517 0.4670505 -0.5067747 1.102908
11495843.86 0.4670602 -0.5068751 1.102975
11495877.9535 0.4670579 -0.5069717 1.102988
11495910.844 0.4670599 -0.5069755 1.102992
11495943.8359 0.4670767 -0.5070269 1.103041
11495977.9195 0.4670719 -0.507028 1.103029
11496010.838 0.4670359 -0.5070876 1.102953
11496043.8361 0.4670287 -0.5071201 1.102962
11496077.9213 0.4670254 -0.5071259 1.102966
11496110.8455 0.4670341 -0.5071388 1.102972
11496143.8382 0.4670402 -0.5071046 1.102981
11496177.9723 0.4670449 -0.5070894 1.102968
11496210.8382 0.4670553 -0.5071118 1.102975
11496243.8384 0.4670676 -0.5071111 1.103011
11496277.9363 0.4670572 -0.5071248 1.103017
11496310.8388 0.467052 -0.5071152 1.103004
11496343.8635 0.467046 -0.5070992 1.10299
11496377.9212 0.4671397 -0.506398 1.10356
11496410.8356 0.4671551 -0.506397 1.103555
11496443.8403 0.4672216 -0.5058182 1.103747
11496477.9444 0.4672523 -0.5058877 1.103768
11496510.8476 0.4672608 -0.5058954 1.103777
11496543.842 0.4672764 -0.5058856 1.103824
11496577.9149 0.4672975 -0.5059205 1.103838
11496610.8588 0.4673209 -0.5059369 1.103848
11496643.8372 0.4673202 -0.5059326 1.103842
11496677.9389 0.4673346 -0.5059462 1.103793
11496710.847 0.4673586 -0.5060053 1.10381
11496743.8394 0.4673604 -0.5060092 1.103816
11496777.9267 0.467367 -0.5060189 1.103824
11496810.8636 0.4673887 -0.5060727 1.103839
11496843.8424 0.467396 -0.5060879 1.103829
11496877.919 0.4674254 -0.5061049 1.103878
11496910.8387 0.4674635 -0.5061851 1.103943
11496943.8458 0.4674677 -0.5061839 1.103934
11496977.9314 0.4674684 -0.5061957 1.103922
11497010.8642 0.4675349 -0.5063346 1.104074
11497043.8385 0.4675926 -0.5064178 1.104131
11497077.9467 0.4676023 -0.5064217 1.104158
11497110.8488 0.4676435 -0.5064544 1.104198
11497143.8415 0.4676892 -0.5065419 1.104309
11497177.9641 0.4677721 -0.5066877 1.104432
11497210.8518 0.4678147 -0.5067266 1.104513
11497243.8351 0.4678366 -0.506729 1.10453
11497277.9322 0.4678445 -0.5067453 1.104525
11497310.8646 0.4678552 -0.5067743 1.104545
11497343.8401 0.4678753 -0.5068156 1.104568
11497377.9508 0.4679271 -0.506874 1.104646
11497410.8454 0.4679595 -0.5069029 1.104664
11497443.8374 0.4679939 -0.5069658 1.104734
11497477.9111 0.468015 -0.5069969 1.104749
11497510.8521 0.4680429 -0.5070386 1.104807
11497543.8523 0.4681406 -0.5071763 1.104972
11497577.9231 0.4682119 -0.507201 1.104982
11497610.8395 0.468217 -0.5072173 1.104987
11497643.8372 0.4682349 -0.5072371 1.104993
11497677.9196 0.4682827 -0.5072687 1.105041
11497710.8335 0.4682909 -0.5073515 1.105049
11497743.8607 0.4683468 -0.5074321 1.105105
11497777.9267 0.4684196 -0.5074781 1.105216
11497810.864 0.4684286 -0.5074876 1.105217
11497843.8416 0.468463 -0.5075013 1.105304
11497877.9428 0.4685285 -0.5075691 1.105403
11497910.8514 0.4685827 -0.5076023 1.105485
11497943.8359 0.4686236 -0.5076455 1.105511
11497977.913 0.468633 -0.507652 1.105507
11498010.8486 0.4686545 -0.5076688 1.105526
11498043.8537 0.4686907 -0.5077072 1.105549
11498077.9118 0.4687342 -0.5077428 1.10562
11498110.8586 0.4687443 -0.5078303 1.105645
11498143.8477 0.468787 -0.5078837 1.105713
11498177.9231 0.4688615 -0.5079889 1.105871
11498210.9622 0.4688939 -0.5080289 1.105921
11498243.8523 0.4689098 -0.5080794 1.106034
11498277.9269 0.4689367 -0.5081283 1.10604
11498310.8683 0.4690196 -0.508269 1.10618
11498343.85 0.4690674 -0.50832 1.106221
11498377.9434 0.4691216 -0.5083578 1.106259
11498410.8783 0.4691376 -0.5083662 1.106258
11498443.8431 0.469175 -0.5084081 1.106346
11498477.923 0.4692029 -0.5084118 1.106369
11498510.8304 0.469221 -0.5084209 1.106389
11498543.8535 0.4692441 -0.5084558 1.106414
11498577.9387 0.4692497 -0.5084583 1.106386
11498610.8605 0.4692557 -0.5084533 1.106384
11498643.8438 0.4692742 -0.5084552 1.106381
11498677.9261 0.4692978 -0.5084763 1.106377
11498710.8409 0.469294 -0.508395 1.106466
11498743.8747 0.4693238 -0.5084323 1.106489
11498777.9115 0.4693328 -0.5084305 1.106486
11498810.8476 0.4693396 -0.508437 1.106498
11498843.8502 0.4693778 -0.5084746 1.106522
11498877.9239 0.4694741 -0.5078815 1.10683
11498910.8522 0.4694787 -0.5078939 1.106819
11498943.8478 0.4694785 -0.5079132 1.106807
11498977.9195 0.4695202 -0.5079929 1.106823
11499010.8326 0.4695365 -0.5080598 1.106837
11499043.8488 0.4695491 -0.5080242 1.106819
11499077.9135 0.4695816 -0.5080783 1.106833
11499110.8438 0.469594 -0.5081255 1.106813
11499143.8378 0.4696231 -0.5081731 1.106826
11499177.9366 0.4696339 -0.50818 1.106815
11499210.8263 0.4696459 -0.5081673 1.106803
11499243.8322 0.469623 -0.508181 1.106749
11499277.9211 0.4696109 -0.5081851 1.106702
11499310.8326 0.4696064 -0.5081732 1.106748
11499343.8664 0.4696537 -0.5073634 1.106937
11499377.9159 0.4696621 -0.5073751 1.106972
11499410.8401 0.4696688 -0.5067784 1.107224
11499443.8505 0.4696775 -0.506808 1.107195
11499477.9193 0.4696793 -0.5069295 1.107195
11499510.9067 0.4697023 -0.5070095 1.107154
11499543.8494 0.469696 -0.5070387 1.107128
11499577.9404 0.4696698 -0.507041 1.106963
11499610.8354 0.4696763 -0.5064425 1.107103
11499643.8274 0.4697073 -0.5065059 1.107068
11499677.9335 0.4697202 -0.5065798 1.106982
11499710.8647 0.4697141 -0.5066041 1.106963
11499743.8377 0.4697227 -0.506662 1.106971
11499777.9213 0.4697438 -0.5067105 1.106899
11499810.8472 0.469721 -0.5070117 1.106805
11499843.851 0.4697388 -0.5069426 1.10682
11499877.9157 0.4697387 -0.506932 1.106811
11499910.8276 0.469724 -0.5070652 1.106722
11499943.831 0.4696889 -0.5071477 1.106652
11499977.9171 0.46969 -0.5072033 1.106638
11500010.8659 0.4696911 -0.5072137 1.106598
11500043.8578 0.4696855 -0.5072409 1.106614
11500077.9385 0.4696811 -0.5072575 1.106626
11500110.8631 0.4696839 -0.5072579 1.106622
11500143.8247 0.4696848 -0.507281 1.106613
11500177.9017 0.4696937 -0.5072897 1.106607
11500210.823 0.4696942 -0.5073026 1.1066
11500243.854 0.469683 -0.5074266 1.106581
11500277.9104 0.4697187 -0.5076549 1.106622
11500310.8478 0.4697118 -0.5076668 1.106583
11500343.8393 0.4697117 -0.5076987 1.106641
11500377.934 0.469723 -0.5077178 1.106654
11500410.8545 0.4697506 -0.5077487 1.106712
11500443.8374 0.4697861 -0.507806 1.10673
11500477.9115 0.4698275 -0.5078727 1.106795
11500510.8345 0.4699174 -0.5079046 1.106861
11500543.8543 0.470053 -0.5080634 1.106948
11500577.9359 0.4701871 -0.5081083 1.107087
11500610.8465 0.4702758 -0.5081276 1.107048
11500643.8483 0.4704892 -0.5081717 1.107124
11500677.9274 0.4705814 -0.5081074 1.107127
11500710.829 0.4707877 -0.5080298 1.107274
11500743.8345 0.4710057 -0.507864 1.107195
11500777.9111 0.4711661 -0.5077295 1.107131
11500810.8344 0.4713579 -0.5077015 1.107197
11500843.8313 0.4715487 -0.5075912 1.107131
11500877.9083 0.4716887 -0.5075623 1.107134
11500910.8317 0.4720328 -0.5061569 1.107488
11500943.8364 0.4722149 -0.5062279 1.10753
11500977.9216 0.472469 -0.5062517 1.107433
11501010.8371 0.47305 -0.5066357 1.107516
11501043.8303 0.4745628 -0.5061151 1.105042
11501077.9476 0.4759532 -0.507518 1.104753
11501110.8196 0.4782158 -0.5067021 1.105088
11501143.8189 0.4805275 -0.5065681 1.105062
11501177.9087 0.483241 -0.5069954 1.104791
11501210.8275 0.4856695 -0.5070503 1.105075
11501243.8396 0.4885362 -0.5087652 1.105575
11501277.926 0.4977436 -0.5507268 1.132796
11501310.8318 0.4978887 -0.550281 1.132893
11501343.8225 0.4985805 -0.54988 1.134137
11501377.9348 0.4992533 -0.5488365 1.135227
11501410.8504 0.5002055 -0.5488743 1.136996
11501443.8279 0.5005016 -0.5487939 1.137583
11501477.9127 0.5005645 -0.5487002 1.137613
11501510.8316 0.5022765 -0.5150793 1.113382
11501543.8264 0.5022099 -0.5151561 1.113307
11501577.9346 0.5019948 -0.5150383 1.11312
11501610.844 0.5016412 -0.5145661 1.113097
11501643.8462 0.5008196 -0.5137073 1.112599
11501677.904 0.5001119 -0.5129709 1.112215
11501710.8245 0.497872 -0.5143511 1.11597
11501743.8336 0.4958762 -0.5160609 1.117105
11501777.9 0.4931836 -0.5186871 1.119326
11501810.8213 0.4909441 -0.5202661 1.120909
11501843.8231 0.4879966 -0.5216041 1.120631
11501877.9108 0.4856271 -0.5218337 1.119557
11501910.8202 0.4831051 -0.5225976 1.118704
11501943.8626 0.4806976 -0.5236174 1.119187
11501977.9076 0.4787376 -0.5236177 1.118735
11502010.8232 0.4769849 -0.5232379 1.118201
11502043.8155 0.4756653 -0.521502 1.120291
11502077.9377 0.4742702 -0.5206052 1.121619
11502110.8344 0.4725025 -0.5192489 1.121267
11502143.8604 0.4701718 -0.5169297 1.120688
11502177.9128 0.4669899 -0.513604 1.11895
11502210.8238 0.4644009 -0.5122284 1.118009
11502243.8129 0.4622575 -0.5102568 1.117561
11502277.9047 0.4606726 -0.5092543 1.117668
11502310.8322 0.4579484 -0.5067872 1.117538
11502343.8155 0.4549455 -0.5047145 1.11692
11502377.9126 0.4514093 -0.5027584 1.115885
11502410.8151 0.4497455 -0.5008523 1.116646
11502443.8148 0.4471239 -0.4979315 1.117381
11502477.9214 0.4448953 -0.4936176 1.117372
11502510.8337 0.4422015 -0.4898965 1.117081
11502543.8252 0.4380617 -0.484196 1.115364
11502577.9038 0.4365469 -0.4814187 1.115644
11502610.8239 0.4340813 -0.4810557 1.114708
11502643.8237 0.4080579 -0.483025 1.10969
11502677.9208 0.407979 -0.4828008 1.109882
11502710.8158 0.420661 -0.4654839 1.114239
11502743.818 0.4199921 -0.4638695 1.113711
11502777.9094 0.4190463 -0.4622573 1.113324
11502810.841 0.4173483 -0.4601634 1.11307
11502843.8387 0.41483 -0.4581279 1.112759
11502877.8976 0.284243 -0.4421621 1.028295
11502910.8222 0.4050073 -0.4495285 1.115554
11502943.8228 0.2697178 -0.5069559 1.132577
11502977.8986 0.3249322 -0.3941048 1.083859
11503010.8113 0.3144238 -0.4513021 1.107377
11503043.8439 0.3164821 -0.4556494 1.106068
11503077.9229 0.3069977 -0.4323174 1.11468
11503110.8426 0.3062456 -0.4288543 1.116446
11503143.8374 0.3042192 -0.4234237 1.118145
11503177.9247 0.3035976 -0.4165482 1.119761
11503210.8271 0.3085124 -0.4101185 1.123018
11503243.8289 0.3032394 -0.409398 1.125809
11503277.9158 0.3086874 -0.4058934 1.13108
11503310.84 0.3107741 -0.4020418 1.133988
11503343.8081 0.3121015 -0.3993518 1.136868
11503377.8925 0.3130541 -0.3967592 1.140082
11503410.8192 0.3140542 -0.3934275 1.143045
11503443.8205 0.3178867 -0.3875966 1.143797
11503477.9694 0.317781 -0.3851688 1.144528
11503510.8349 0.3183744 -0.3827404 1.145326
11503543.8198 0.3529049 -0.3784638 1.146206
11503577.9182 0.3327734 -0.3746703 1.151632
11503610.8383 0.3313506 -0.3740234 1.152419
11503643.8286 0.3305923 -0.3735293 1.152761
11503677.9237 0.3296307 -0.3729759 1.153244
11503710.8277 0.3514988 -0.3771734 1.15214
11503743.8258 0.3405739 -0.3704417 1.157291
11503777.9053 0.3368372 -0.368645 1.158019
11503810.8082 0.3356963 -0.3681414 1.158147
11503843.8149 0.3343186 -0.3675801 1.15861
11503877.9042 0.3509017 -0.3742584 1.15331
11503910.8169 0.351189 -0.3750291 1.152849
11503943.8105 0.3386583 -0.3698128 1.158489
11503977.9047 0.3346953 -0.3683954 1.15745
11504010.8154 0.3327844 -0.3680093 1.156947
11504043.818 0.355373 -0.386099 1.149841
11504077.9012 0.3557937 -0.386005 1.149806
11504110.8209 0.356462 -0.3859804 1.1499
11504143.8231 0.3573695 -0.3864322 1.15042
11504177.9157 0.3584276 -0.3868169 1.150467
11504210.8124 0.3596838 -0.388834 1.150586
11504243.8063 0.3605082 -0.3895938 1.15037
11504277.9014 0.3617589 -0.3905418 1.150199
11504310.8219 0.3228579 -0.3918638 1.147939
11504343.8241 0.3632182 -0.3987023 1.14858
11504377.8966 0.330387 -0.3990315 1.143275
11504410.8138 0.3267236 -0.401727 1.143476
11504443.8185 0.3243465 -0.4009726 1.139858
11504477.9222 0.343758 -0.4227159 1.142005
11504510.8181 0.3249643 -0.4382833 1.139018
11504543.8166 0.360385 -0.4318147 1.141671
11504577.8903 0.3274401 -0.4411481 1.135387
11504610.8079 0.3678533 -0.4378851 1.132345
11504643.8155 0.3294944 -0.4563535 1.121589
11504677.8949 0.2822329 -0.3977847 1.053325
11504710.8101 0.3440076 -0.4168105 1.088642
11504743.848 0.2919866 -0.4345814 1.040251
11504777.8975 0.3483765 -0.4116742 1.082842
11504810.8336 0.3032846 -0.430587 1.05717
11504843.8444 0.3556072 -0.4217801 1.079859
11504877.8948 0.3171726 -0.4681759 1.026551
11504910.8173 0.3639471 -0.4361667 1.079722
11504943.8105 0.3643436 -0.4366896 1.079578
11504977.8957 0.3278401 -0.4662469 1.049617
11505010.8174 0.4445673 -0.4699942 1.122255
11505043.8763 0.4445394 -0.4699492 1.122157
11505077.9184 0.4455064 -0.4708502 1.121996
11505110.8274 0.4473509 -0.472217 1.121417
11505143.8099 0.4503665 -0.4751297 1.121812
11505177.9107 0.4513164 -0.4802197 1.12065
11505210.8054 0.4529027 -0.4834574 1.120515
11505243.7994 0.4547866 -0.4864813 1.120147
11505277.8932 0.4574969 -0.4899763 1.120414
11505310.8178 0.4607327 -0.4924009 1.120863
11505343.813 0.4641049 -0.4957542 1.121809
11505377.9011 0.4676048 -0.4968967 1.121845
11505410.8089 0.4696276 -0.4994426 1.121861
11505443.8337 0.4710323 -0.50076 1.12187
11505477.8971 0.4722392 -0.502644 1.121022
11505510.8144 0.4741813 -0.5068021 1.122487
11505543.8305 0.4758788 -0.5099494 1.124877
11505577.8985 0.4769112 -0.512102 1.125728
11505610.8752 0.4773395 -0.5122513 1.125538
11505643.8163 0.4777955 -0.5126985 1.125792
11505677.9146 0.4780566 -0.5128934 1.125869
11505710.8191 0.4784432 -0.5135215 1.125971
11505743.8008 0.4789382 -0.513931 1.12617
11505777.8905 0.4796225 -0.5147797 1.126546
11505810.8143 0.480003 -0.5148497 1.126561
11505843.8194 0.4807214 -0.5151531 1.127123
11505877.9038 0.4810205 -0.5152659 1.127168
11505910.8202 0.4815515 -0.5156381 1.127225
11505943.8035 0.4826862 -0.5162396 1.128177
11505977.8937 0.4835329 -0.5169447 1.128242
11506010.8113 0.48434 -0.517599 1.128295
11506043.8233 0.4853866 -0.5184937 1.128507
11506077.9073 0.4864098 -0.5189482 1.128818
11506110.8299 0.4873558 -0.5188205 1.128513
11506143.8021 0.4882737 -0.5189249 1.127954
11506177.889 0.4892931 -0.5189365 1.128186
11506210.8173 0.4905356 -0.5193543 1.128572
11506243.838 0.4922728 -0.5173438 1.127149
11506277.8846 0.4933911 -0.516333 1.126717
11506310.872 0.4942337 -0.5157604 1.126106
11506343.8007 0.4950999 -0.5144984 1.124602
11506377.8917 0.4958562 -0.5135444 1.123077
11506410.804 0.4961913 -0.5132061 1.122521
11506443.823 0.4965234 -0.5131961 1.121755
11506477.9086 0.4966506 -0.5134952 1.121056
11506510.8267 0.4967752 -0.5137837 1.120405
11506543.8264 0.4968206 -0.5140684 1.119835
11506577.8829 0.4969059 -0.5142977 1.119421
11506610.8301 0.496758 -0.5159273 1.118592
11506643.8171 0.4967099 -0.5158596 1.11835
11506677.8777 0.4966154 -0.5158862 1.118174
11506710.7982 0.4964805 -0.5162089 1.118204
11506743.8291 0.4963337 -0.5164895 1.118478
11506777.886 0.4961075 -0.5167465 1.11853
11506810.8045 0.493985 -0.5162868 1.113311
11506843.7956 0.4937806 -0.5174918 1.115759
11506877.8907 0.4922985 -0.5161805 1.111439
11506910.7988 0.49186 -0.5175126 1.114261
11506943.8158 0.4912527 -0.5182118 1.115827
11506977.8834 0.4907987 -0.5186452 1.116781
11507010.8059 0.4902923 -0.5188472 1.117321
11507043.8381 0.4894295 -0.5193898 1.118108
11507077.9299 0.4886581 -0.520045 1.118677
11507110.8319 0.4879038 -0.5211315 1.119011
11507143.8341 0.4872835 -0.5216758 1.119694
11507177.9107 0.4865159 -0.5231666 1.119836
11507210.7972 0.4860165 -0.5241036 1.119762
11507243.8076 0.4856471 -0.5242065 1.120061
11507277.8805 0.4853974 -0.5243584 1.120077
11507310.7993 0.4851515 -0.5245765 1.120586
11507343.8085 0.4849762 -0.5244544 1.120659
11507377.8761 0.4846945 -0.5248086 1.12073
11507410.8056 0.4845224 -0.5250884 1.120723
11507443.8029 0.4842893 -0.5254144 1.120725
11507477.8815 0.4840092 -0.5257266 1.120896
11507510.8197 0.4837357 -0.5262228 1.120913
11507543.8227 0.4834899 -0.5263972 1.121036
11507577.9042 0.4831628 -0.5269846 1.120855
11507610.8071 0.4828637 -0.5268788 1.120627
11507643.7941 0.482424 -0.5270349 1.120263
11507677.9044 0.4821614 -0.5271099 1.120194
11507710.7965 0.4817688 -0.5273977 1.120156
11507743.7926 0.4815345 -0.5274115 1.120201
11507777.8827 0.4812909 -0.5275677 1.120319
11507810.8061 0.481078 -0.5276152 1.120488
11507843.7976 0.480857 -0.5275987 1.120483
11507877.8857 0.4806526 -0.5277529 1.120389
11507910.8021 0.4804679 -0.5278288 1.120371
11507943.8006 0.4802718 -0.5278151 1.120333
11507977.906 0.4799465 -0.527738 1.120029
11508010.7912 0.4795637 -0.5277347 1.119589
11508043.7934 0.4792134 -0.5279824 1.119288
11508077.8741 0.4789148 -0.527914 1.119043
11508110.7946 0.4785787 -0.5278404 1.118665
11508143.812 0.4783488 -0.527746 1.118397
11508177.8955 0.4781541 -0.5277379 1.118155
11508210.8132 0.4779211 -0.5279537 1.117869
11508243.7969 0.4776779 -0.5279335 1.117486
11508277.8842 0.4775094 -0.5280368 1.117304
11508310.8051 0.4770904 -0.5278239 1.116971
11508343.8139 0.4768546 -0.5280917 1.116601
11508377.8761 0.4764391 -0.5280291 1.116291
11508410.7995 0.4763295 -0.5279961 1.116205
11508443.7951 0.4762852 -0.5279928 1.11614
11508477.8988 0.4761859 -0.5280581 1.115977
11508510.8181 0.4759051 -0.5280247 1.115545
11508543.8059 0.4755164 -0.5277382 1.115194
11508577.8751 0.4754425 -0.5276682 1.115125
11508610.8063 0.4752625 -0.5274922 1.114872
11508643.8364 0.4749903 -0.5273321 1.114478
11508677.876 0.4744888 -0.5271295 1.114047
11508710.799 0.474409 -0.526987 1.113934
11508743.8037 0.4742914 -0.5269958 1.113776
11508777.8823 0.4742024 -0.5269415 1.113659
11508810.8414 0.4741686 -0.5268739 1.113647
11508843.8149 0.4738772 -0.5269101 1.113542
11508877.8841 0.4738307 -0.5267828 1.113472
11508910.8038 0.473547 -0.5266651 1.11333
11508943.7982 0.4734851 -0.5267159 1.1132
11508977.8846 0.473227 -0.5266222 1.113051
11509010.8023 0.4731008 -0.5264823 1.112898
11509043.7938 0.4730257 -0.5263078 1.1129
11509077.8745 0.4729939 -0.5262872 1.112817
11509110.7946 0.4729207 -0.5262516 1.112778
11509143.7984 0.4728967 -0.526255 1.112792
11509177.8754 0.4728724 -0.5262352 1.112726
11509210.8136 0.4728407 -0.5262284 1.112715
11509243.801 0.4726009 -0.5262669 1.112797
11509277.9055 0.4725474 -0.5261683 1.112669
11509310.8149 0.4725309 -0.5261448 1.112528
11509343.8139 0.4725325 -0.5260944 1.112521
11509377.8991 0.4723448 -0.5259259 1.112437
11509410.8155 0.4724144 -0.5255337 1.112591
11509443.7877 0.4724329 -0.525526 1.112551
11509477.8742 0.4724653 -0.525529 1.112523
11509510.7852 0.4723943 -0.5254754 1.112457
11509543.7969 0.4723554 -0.5254863 1.112363
11509577.88 0.4724463 -0.5254336 1.112382
11509610.7886 0.4724569 -0.5254539 1.112419
11509643.7884 0.4722251 -0.5253357 1.112262
11509677.874 0.4723138 -0.5252524 1.112364
11509710.7867 0.4723263 -0.5251756 1.112356
11509743.7934 0.4723344 -0.5251638 1.112337
11509777.884 0.4723511 -0.5251705 1.112306
11509810.8209 0.472341 -0.5251364 1.112312
11509843.812 0.4722978 -0.5253446 1.112042
11509877.8985 0.4723089 -0.5253498 1.112105
11509910.803 0.4721844 -0.5252193 1.111877
11509943.79 0.4721445 -0.5252854 1.111691
11509977.8703 0.4720897 -0.5251704 1.111617
11510010.8425 0.4721255 -0.5250456 1.111714
11510043.8644 0.4721504 -0.5249863 1.111727
11510077.8679 0.4721622 -0.5249481 1.11177
11510110.7999 0.472151 -0.5248488 1.111756
11510143.8099 0.4721459 -0.5248235 1.11175
11510177.9075 0.4721887 -0.5245175 1.1119
11510210.7848 0.4721515 -0.5244758 1.111986
11510243.8256 0.4721578 -0.5244215 1.112052
11510277.9076 0.4721816 -0.5242702 1.111985
11510310.8092 0.472176 -0.5242822 1.11201
11510343.8019 0.4721547 -0.5242301 1.111994
11510377.9644 0.4721455 -0.5241737 1.111988
11510410.8081 0.4720711 -0.5240401 1.112018
11510443.8074 0.4719882 -0.523851 1.111952
11510477.893 0.4719797 -0.5238355 1.11193
11510510.8119 0.471862 -0.5238384 1.112049
