11589977.6096 0.4912204 -0.530072 1.096872
11590010.5765 0.4911336 -0.5302463 1.096817
11590043.5064 0.4910907 -0.5302642 1.096813
11590077.5928 0.4910755 -0.5303003 1.096785
11590110.5117 0.4910268 -0.5303634 1.096799
11590143.488 0.4910398 -0.5303156 1.096842
11590177.6451 0.4910168 -0.5304694 1.096984
11590210.4946 0.4909303 -0.5307928 1.09714
11590243.5259 0.4908177 -0.5311434 1.097109
11590277.5886 0.4907751 -0.5312043 1.097099
11590310.5111 0.4907578 -0.5311909 1.097103
11590343.5096 0.4907184 -0.5312268 1.097084
11590377.5854 0.4906447 -0.5312052 1.09711
11590410.4842 0.4906062 -0.5312124 1.09692
11590443.4925 0.4901271 -0.5329653 1.096029
11590477.5765 0.4898534 -0.5339163 1.095573
11590510.497 0.4897998 -0.5336288 1.095407
11590543.5103 0.4897929 -0.5334745 1.095448
11590577.5996 0.4895834 -0.5341578 1.09513
11590610.4996 0.489288 -0.5350488 1.09468
11590643.5203 0.4891375 -0.5355662 1.094466
11590677.6055 0.4891044 -0.535477 1.094643
11590710.4944 0.4890141 -0.5357524 1.094483
11590743.5183 0.4887924 -0.5363545 1.09422
11590777.5945 0.4889243 -0.5357578 1.094507
11590810.5015 0.4890822 -0.5350019 1.094906
11590843.4807 0.4889431 -0.5356601 1.09466
11590877.5647 0.4889757 -0.5354952 1.09474
11590910.5061 0.488856 -0.5360337 1.09455
11590943.5005 0.4887495 -0.5364987 1.094341
11590977.5685 0.4887823 -0.5363361 1.094422
11591010.5021 0.4888705 -0.536007 1.094574
11591043.5113 0.4889143 -0.5355404 1.094947
11591077.6093 0.4889089 -0.5354419 1.094935
11591110.4887 0.4887757 -0.5358269 1.094579
11591143.5082 0.4888362 -0.5355528 1.094762
11591177.5794 0.4888037 -0.5355049 1.094693
11591210.4802 0.4888446 -0.535365 1.094728
11591243.535 0.4889071 -0.5349544 1.09471
11591277.5915 0.4889536 -0.5368103 1.09426
11591310.5107 0.4887135 -0.5369093 1.09404
11591343.5129 0.4882246 -0.5369084 1.093078
11591377.5953 0.4879315 -0.5373923 1.092976
11591410.4805 0.4871077 -0.538414 1.092917
11591443.4827 0.4864626 -0.5387412 1.093285
11591477.5929 0.4861063 -0.5386538 1.092936
11591510.511 0.4856957 -0.5385184 1.09317
11591543.5575 0.4857011 -0.5374563 1.093556
11591577.5877 0.4855208 -0.5375037 1.093425
11591610.5053 0.4852931 -0.5361727 1.093415
11591643.48 0.4855391 -0.5345778 1.0941
11591677.5862 0.4853944 -0.5347887 1.096125
11591710.4882 0.4848832 -0.5357227 1.096741
11591743.4962 0.4847534 -0.5350609 1.097254
11591777.5867 0.4842719 -0.5357178 1.097621
11591810.5651 0.484081 -0.5352579 1.098077
11591843.5107 0.4841329 -0.5347032 1.098398
11591877.5635 0.4842078 -0.5338987 1.098757
11591910.4811 0.4840119 -0.5336601 1.098934
11591943.4882 0.4839027 -0.5334225 1.099174
11591977.564 0.4838125 -0.5331382 1.099482
11592010.5099 0.4836804 -0.5330581 1.099822
11592043.4846 0.4836158 -0.5329813 1.099819
11592077.6413 0.4835853 -0.5326391 1.099913
11592110.5031 0.4834419 -0.5325814 1.100005
11592143.4991 0.4832653 -0.532461 1.100228
11592177.5589 0.4831429 -0.5324987 1.100302
11592210.4819 0.4829756 -0.5323887 1.100375
11592243.4886 0.4828507 -0.5324004 1.100399
11592277.582 0.4824907 -0.5334588 1.09998
11592310.5271 0.48236 -0.5334064 1.100074
11592343.4908 0.4820391 -0.5345964 1.099626
11592377.5591 0.4819972 -0.5343754 1.099779
11592410.5794 0.4819135 -0.5342768 1.099928
11592443.502 0.4817728 -0.5341949 1.100207
11592477.5605 0.4816764 -0.5340666 1.100359
11592510.4958 0.4814345 -0.5340092 1.100493
11592543.4754 0.4813777 -0.5337815 1.100591
11592577.5857 0.4807357 -0.5353943 1.099842
11592610.5144 0.4806513 -0.5350819 1.099915
11592643.5014 0.4805291 -0.5349915 1.099884
11592677.5649 0.4804585 -0.534569 1.100031
11592710.4751 0.4803843 -0.5344465 1.100057
11592743.472 0.4803435 -0.5341911 1.100107
11592777.5609 0.4802425 -0.5341832 1.100051
11592810.4773 0.4799748 -0.5340238 1.099805
11592843.4811 0.4798799 -0.5339217 1.099813
11592877.5618 0.4797626 -0.5338459 1.099807
11592910.4852 0.4796698 -0.533841 1.099778
11592943.4788 0.4795469 -0.5338313 1.099734
11592977.5792 0.4794742 -0.5338682 1.099719
11593010.4787 0.4794137 -0.5338242 1.099723
11593043.4772 0.4794466 -0.5333462 1.099723
11593077.5756 0.4793903 -0.533419 1.099701
11593110.5019 0.4792615 -0.5333523 1.099581
11593143.4946 0.4787379 -0.5347494 1.098922
11593177.5856 0.4787068 -0.5344331 1.098983
11593210.472 0.4782985 -0.5341938 1.09863
11593243.5042 0.4780534 -0.5339137 1.098299
11593277.5693 0.477942 -0.5339494 1.098394
11593310.4779 0.477953 -0.5338598 1.098466
11593343.4719 0.4775354 -0.5351696 1.098009
11593377.5641 0.4773268 -0.5356296 1.097664
11593410.4805 0.4774857 -0.5350468 1.098073
11593443.4818 0.4774114 -0.5349671 1.098068
11593477.5929 0.4773604 -0.5346232 1.098014
11593510.4789 0.4773394 -0.5345756 1.098057
11593543.4947 0.4773613 -0.5344236 1.098197
11593577.5586 0.477377 -0.5341634 1.098333
11593610.4787 0.4774147 -0.5340276 1.098432
11593643.4763 0.4770632 -0.5353498 1.098007
11593677.5583 0.4770931 -0.5350252 1.098163
11593710.4788 0.4771256 -0.5348529 1.098187
11593743.4839 0.4769125 -0.5355367 1.09797
11593777.5613 0.4767759 -0.5353518 1.097822
11593810.4842 0.476764 -0.5352257 1.097942
11593843.4803 0.4768701 -0.5347555 1.098185
11593877.5569 0.4768551 -0.5346085 1.098266
11593910.472 0.4765456 -0.5356061 1.09789
11593943.48 0.4762762 -0.536086 1.097401
11593977.5545 0.4759983 -0.5361754 1.096807
11594010.4812 0.4760189 -0.5348853 1.096926
11594043.4855 0.4761402 -0.5340558 1.097088
11594077.5801 0.4757112 -0.5340775 1.096531
11594110.4994 0.475389 -0.5343061 1.096041
11594143.4942 0.4750801 -0.5348217 1.095786
11594177.5893 0.4750884 -0.5343124 1.096098
11594210.4856 0.4751188 -0.5337487 1.096332
11594243.4804 0.4750177 -0.5334318 1.096394
11594277.5483 0.4749675 -0.5328833 1.096555
11594310.4832 0.4748596 -0.5321816 1.096836
11594343.5047 0.4747733 -0.5317913 1.097318
11594377.5628 0.4745269 -0.5315253 1.098049
11594410.4817 0.4740781 -0.5309923 1.098121
11594443.4724 0.4734794 -0.5314484 1.097802
11594477.5576 0.4733449 -0.5309224 1.09795
11594510.4958 0.4732247 -0.530549 1.098281
11594543.4697 0.4730304 -0.5300043 1.098447
11594577.5664 0.4730046 -0.5295798 1.098665
11594610.4926 0.4727297 -0.5302501 1.098514
11594643.4993 0.4726107 -0.5302145 1.098554
11594677.5575 0.4725016 -0.5301003 1.09852
11594710.5046 0.4725375 -0.5297533 1.098729
11594743.5019 0.4724243 -0.5295165 1.098664
11594777.581 0.4722915 -0.5295029 1.098744
11594810.4883 0.4722814 -0.5294186 1.098844
11594843.4975 0.4722504 -0.5293792 1.098847
11594877.5569 0.4722281 -0.529321 1.098909
11594910.4979 0.472196 -0.5292606 1.098851
11594943.5001 0.4722877 -0.5288896 1.099064
11594977.6235 0.4722746 -0.5288736 1.099138
11595010.4948 0.4722292 -0.5288349 1.099156
11595043.4826 0.4722019 -0.5287592 1.099168
11595077.5534 0.4721355 -0.5287766 1.099076
11595110.4694 0.4720944 -0.5288393 1.099077
11595143.4934 0.4720125 -0.5288437 1.099177
11595177.5753 0.4719612 -0.5288147 1.099308
11595210.5106 0.4719132 -0.5288225 1.09933
11595243.4939 0.4718517 -0.528679 1.099248
11595277.5537 0.4718667 -0.528523 1.099335
11595310.4688 0.4718692 -0.5283826 1.099366
11595343.4645 0.4717776 -0.5284583 1.099214
11595377.5563 0.4717989 -0.5283294 1.099251
11595410.4805 0.4717707 -0.5282764 1.099244
11595443.4699 0.471765 -0.5282084 1.099239
11595477.5601 0.4717771 -0.5281623 1.099289
11595510.4777 0.4717713 -0.5281746 1.099382
11595543.4939 0.4716788 -0.5280977 1.099286
11595577.5565 0.4716738 -0.5280955 1.099268
11595610.468 0.4716779 -0.5280683 1.099312
11595643.4755 0.4716518 -0.5280541 1.09934
11595677.557 0.4715433 -0.5280971 1.099122
11595710.4632 0.4714622 -0.5280679 1.098826
11595743.4756 0.4714161 -0.5281564 1.098753
11595777.5633 0.4714172 -0.5281463 1.098759
11595810.4871 0.4714001 -0.5281914 1.098803
11595843.4733 0.471394 -0.5282091 1.098867
11595877.5676 0.4713979 -0.5281678 1.098892
11595910.4569 0.4713721 -0.52823 1.098862
11595943.4763 0.4713803 -0.5282197 1.098906
11595977.5607 0.4713604 -0.5282738 1.098901
11596010.4906 0.4712954 -0.5282087 1.098815
11596043.5105 0.4712903 -0.5282106 1.098841
11596077.5649 0.4712816 -0.528205 1.098848
11596110.4842 0.4712837 -0.5281938 1.098853
11596143.4876 0.4712875 -0.5281474 1.098896
11596177.5614 0.4712622 -0.5282449 1.098874
11596210.4815 0.4712535 -0.5282359 1.098864
11596243.4693 0.4712621 -0.5282128 1.098876
11596277.5529 0.4712454 -0.5281343 1.098867
11596310.4877 0.4712028 -0.5281413 1.098745
11596343.4825 0.4710924 -0.5282452 1.098575
11596377.5518 0.4710445 -0.5284484 1.098505
11596410.5367 0.4710315 -0.5284129 1.098564
11596443.4983 0.4707652 -0.5282385 1.097939
11596477.5531 0.4701922 -0.5300187 1.097279
11596510.4732 0.4701091 -0.5298399 1.097343
11596543.477 0.4698423 -0.5297908 1.097531
11596577.5442 0.4692731 -0.5297747 1.097566
11596610.4741 0.4686619 -0.5292296 1.097297
11596643.4776 0.4669811 -0.5292593 1.095406
11596677.541 0.4658261 -0.5295171 1.094454
11596710.4759 0.4648353 -0.5288883 1.094225
11596743.4699 0.4640045 -0.5295679 1.093696
11596777.5518 0.4635522 -0.5292579 1.093638
11596810.4859 0.4629059 -0.5296961 1.093269
11596843.4803 0.4626011 -0.5289423 1.093236
11596877.5388 0.4624952 -0.5283478 1.093391
11596910.463 0.462097 -0.5281584 1.093324
11596943.4632 0.4614785 -0.5283922 1.092824
11596977.5521 0.4609889 -0.5286756 1.092348
11597010.4627 0.4607951 -0.528419 1.09238
11597043.467 0.4604902 -0.5288652 1.092198
11597077.5543 0.4604279 -0.5284286 1.092297
11597110.4731 0.4603072 -0.528511 1.092142
11597143.4852 0.460042 -0.5287028 1.091816
11597177.5552 0.4602063 -0.5279567 1.09212
11597210.481 0.4602034 -0.5275052 1.092165
11597243.4849 0.4602245 -0.5271809 1.092109
11597277.6128 0.4601161 -0.527347 1.092038
11597310.4738 0.4600548 -0.5271572 1.091946
11597343.4784 0.4601224 -0.5268438 1.092076
11597377.5394 0.4601474 -0.5266617 1.09215
11597443.4593 0.4602195 -0.52644 1.092262
11597477.5433 0.4600687 -0.5268868 1.092085
11597510.458 0.4599968 -0.527013 1.091973
11597543.4853 0.4599178 -0.5271537 1.091874
11597577.5647 0.4598394 -0.5273502 1.091753
11597610.4651 0.4597612 -0.5274089 1.091081
11597643.471 0.4598753 -0.5270504 1.091258
11597677.5386 0.4598261 -0.527245 1.091183
11597710.4624 0.4597683 -0.5274075 1.091118
11597743.4777 0.4599326 -0.5269392 1.091122
11597777.5473 0.4598519 -0.5271845 1.091016
11597810.4604 0.4600478 -0.5266604 1.091255
11597843.4725 0.4599742 -0.5268785 1.09097
11597877.5466 0.460083 -0.5265245 1.091152
11597910.4708 0.4601375 -0.5263646 1.091224
11597943.4611 0.4601421 -0.526107 1.090956
11597977.5435 0.4602756 -0.5259446 1.091161
11598010.464 0.4601762 -0.5262489 1.090871
11598043.4625 0.4602764 -0.5260473 1.090851
11598077.5489 0.4601819 -0.526318 1.090671
11598110.4649 0.4601467 -0.5265227 1.090538
11598143.4712 0.4600958 -0.5267159 1.090357
11598177.5519 0.4600123 -0.5270563 1.090324
11598210.4609 0.4601045 -0.5268278 1.090428
11598243.4644 0.4600226 -0.5270955 1.090274
11598277.5467 0.4598593 -0.5275691 1.090079
11598310.4754 0.4596684 -0.5280983 1.089729
11598343.4608 0.4598247 -0.5276257 1.089949
11598377.5362 0.4598247 -0.5276929 1.089835
11598410.4747 0.4598085 -0.5277638 1.089711
11598443.4855 0.4597861 -0.5278705 1.089632
11598477.5433 0.459766 -0.5280139 1.089412
11598510.4814 0.459752 -0.5281644 1.089463
11598543.4705 0.4598687 -0.5278069 1.089708
11598577.5421 0.4598624 -0.5278766 1.089652
11598610.4659 0.459856 -0.5279328 1.08963
11598643.4562 0.4598063 -0.5280553 1.089537
11598677.5414 0.4599681 -0.5275705 1.089728
11598710.4587 0.4601534 -0.5271608 1.090032
11598743.4535 0.4600926 -0.5273749 1.089873
11598777.5354 0.4601887 -0.5270486 1.090027
11598810.4838 0.4602983 -0.526729 1.090178
11598843.4544 0.4603802 -0.5264576 1.09026
11598877.5339 0.4604942 -0.5261178 1.09038
11598910.4495 0.4604208 -0.5263481 1.090254
11598943.5042 0.4605422 -0.5260065 1.090384
11598977.5418 0.4604462 -0.5262939 1.090257
11599010.4603 0.4603656 -0.5266267 1.09032
11599043.4522 0.460337 -0.5267963 1.090218
11599077.5448 0.4602765 -0.5270182 1.090091
11599110.462 0.4603761 -0.5268697 1.090072
11599143.4761 0.4602876 -0.5271426 1.089941
11599177.5449 0.4603411 -0.5270307 1.089969
11599210.479 0.4602854 -0.5271745 1.089903
11599243.4742 0.4604096 -0.5267501 1.090089
11599277.5496 0.4603579 -0.5269101 1.090004
11599310.4762 0.4602656 -0.5271234 1.090006
11599343.4686 0.460234 -0.5271947 1.089957
11599377.5522 0.4601581 -0.5274548 1.090082
11599410.446 0.4601722 -0.5269377 1.089755
11599443.4552 0.4600734 -0.5272157 1.089672
11599477.5584 0.4599389 -0.5274932 1.089486
11599510.4535 0.4599097 -0.5272786 1.089815
11599543.4828 0.4599593 -0.527126 1.089898
11599577.5532 0.4598472 -0.5274085 1.089772
11599610.477 0.459884 -0.5268303 1.090219
11599643.4837 0.4596949 -0.5272092 1.090154
11599677.5587 0.4597689 -0.5269434 1.09037
11599710.4505 0.4594226 -0.5278319 1.08998
11599743.4822 0.4593554 -0.5280099 1.089917
11599777.5535 0.4593079 -0.528123 1.089619
11599810.4502 0.4594316 -0.5278192 1.08956
11599843.4532 0.459508 -0.5276196 1.08947
11599877.5347 0.4595223 -0.5276453 1.089401
11599910.4704 0.4594134 -0.5278672 1.089538
11599943.4533 0.4592476 -0.5280284 1.089218
11599977.525 0.4589539 -0.5284611 1.088803
11600010.4742 0.4589897 -0.5275456 1.088691
11600043.451 0.4588518 -0.527301 1.088714
11600077.5415 0.4586071 -0.5269491 1.088705
11600110.4542 0.458497 -0.5267061 1.088834
11600143.4651 0.4581437 -0.5273438 1.088542
11600177.5453 0.4579204 -0.5274642 1.088344
11600210.4593 0.4573734 -0.5274578 1.088091
11600243.4533 0.4571269 -0.5273936 1.088572
11600277.5364 0.4566269 -0.5275005 1.089017
11600310.4619 0.4558113 -0.5286283 1.089
11600343.455 0.454822 -0.5285892 1.089089
11600377.5505 0.4547081 -0.5268052 1.08974
11600410.4739 0.4540858 -0.5256806 1.089759
11600443.4589 0.4530235 -0.5253525 1.089258
11600477.5285 0.4520629 -0.5242841 1.0888
11600510.472 0.4518045 -0.5227177 1.088907
11600543.4733 0.4514119 -0.5216589 1.089051
11600577.538 0.4508495 -0.521583 1.088948
11600610.4622 0.4504504 -0.521621 1.089115
11600643.4562 0.4501961 -0.5215578 1.088799
11600677.5398 0.4504339 -0.5206853 1.089154
11600710.4681 0.4508671 -0.5190278 1.089607
11600743.4715 0.4510714 -0.5179835 1.09026
11600777.5338 0.4511073 -0.5171652 1.090611
11600810.4555 0.4509464 -0.5167925 1.090507
11600843.4466 0.4506042 -0.5162999 1.09037
11600877.5355 0.4497323 -0.5150948 1.08968
11600910.4864 0.4485368 -0.5144432 1.088675
11600943.4759 0.4470192 -0.5139188 1.088019
11600977.5422 0.4451065 -0.5124627 1.087168
11601010.489 0.4457694 -0.5026647 1.091148
11601043.4538 0.4440387 -0.4990591 1.091897
11601077.5325 0.4408382 -0.499214 1.091185
11601110.4431 0.4366887 -0.4984539 1.089055
11601143.4704 0.4327189 -0.4985249 1.088529
11601177.5495 0.4275657 -0.4980288 1.087144
11601210.4581 0.422122 -0.4970197 1.085524
11601243.4693 0.4006766 -0.5226755 1.068026
11601277.5418 0.4117755 -0.494324 1.083166
11601310.4438 0.4076453 -0.4916885 1.082327
11601343.4448 0.4028434 -0.4890426 1.081406
11601377.5362 0.3985788 -0.4858899 1.079828
11601410.4415 0.3952039 -0.4828975 1.078567
11601443.4527 0.3912273 -0.4794517 1.077317
11601477.5338 0.3862292 -0.476074 1.075378
11601510.4432 0.3837986 -0.4725528 1.075501
11601543.4582 0.3825459 -0.466858 1.075946
11601577.5302 0.3804712 -0.4619826 1.076557
11601610.4795 0.379681 -0.456553 1.078314
11601643.448 0.378241 -0.4503326 1.079569
11601677.5402 0.375567 -0.4466602 1.080564
11601710.4693 0.3721685 -0.4428058 1.081998
11601743.5331 0.3680293 -0.4384817 1.083771
11601777.549 0.364586 -0.4345346 1.085261
11601810.4736 0.3050297 -0.4353313 1.082123
11601843.4372 0.3046781 -0.4341574 1.08244
11601877.5302 0.3025379 -0.4294502 1.08501
11601910.4462 0.3005728 -0.4240564 1.088254
11601943.4919 0.2979552 -0.417124 1.090526
11601977.5443 0.2951106 -0.4091884 1.093254
11602010.45 0.2935033 -0.4031467 1.09534
11602043.4514 0.3045791 -0.3989051 1.105526
11602077.521 0.3071196 -0.3956338 1.110565
11602110.4587 0.3052719 -0.391201 1.113218
11602143.4474 0.305069 -0.3865813 1.117563
11602177.5302 0.302904 -0.3811829 1.120415
11602210.4404 0.3035531 -0.3769785 1.123292
11602243.4763 0.2921286 -0.3591504 1.121679
11602277.5225 0.2876389 -0.3539243 1.122092
11602310.4565 0.3086948 -0.3566048 1.124323
11602343.4661 0.3020047 -0.3525671 1.126029
11602377.5489 0.2987141 -0.3499527 1.127375
11602410.4571 0.2983396 -0.3489814 1.128932
11602443.4646 0.2960017 -0.3459553 1.129398
11602477.5367 0.2969805 -0.345721 1.131579
11602543.4697 0.2969321 -0.343122 1.13274
11602577.5512 0.2987024 -0.3427975 1.134421
11602610.4553 0.3265842 -0.3511862 1.130275
11602643.487 0.2953036 -0.3307896 1.133569
11602677.5316 0.2980923 -0.333798 1.13529
11602710.4385 0.2997198 -0.3355447 1.136449
11602743.4609 0.301023 -0.3369287 1.137233
11602777.549 0.3263013 -0.3509356 1.129642
11602810.4473 0.3264397 -0.3509296 1.130002
11602843.4737 0.3265818 -0.3508124 1.130258
11602877.5643 0.3120368 -0.3455161 1.139397
11602910.4482 0.3265747 -0.3501246 1.133671
11602943.4648 0.3265386 -0.3503309 1.133579
11602977.5587 0.326598 -0.3499729 1.133332
11603010.4328 0.3269195 -0.349205 1.132406
11603043.4419 0.3271463 -0.3489391 1.13188
11603077.5222 0.3039385 -0.3407626 1.133227
11603110.4407 0.3162986 -0.3449686 1.129243
11603143.4593 0.3213924 -0.3476495 1.127971
11603177.5359 0.3239459 -0.3500828 1.127312
11603210.4622 0.3227651 -0.3514743 1.125615
11603243.4623 0.3249061 -0.3587617 1.124406
11603277.5447 0.3274357 -0.3654394 1.122159
11603310.461 0.3307785 -0.3723719 1.119103
11603343.4415 0.3311364 -0.3774952 1.115012
11603377.5394 0.3244686 -0.383663 1.109958
11603410.4398 0.3221677 -0.3860192 1.106599
11603443.4535 0.3273798 -0.3971859 1.106621
11603477.5515 0.3296748 -0.4069044 1.104411
11603510.4379 0.3324659 -0.4156089 1.102807
11603543.452 0.3141491 -0.3753234 1.056601
11603577.5372 0.3721987 -0.4307883 1.089426
11603610.4561 0.3217507 -0.3883027 1.052912
11603643.4349 0.3811277 -0.4362471 1.085324
11603677.5497 0.3392904 -0.4455203 1.065278
11603710.5083 0.3884901 -0.4409665 1.08461
11603743.4395 0.335785 -0.4159033 1.046504
11603777.5264 0.3627945 -0.4635432 1.067043
11603810.4617 0.4039319 -0.451772 1.081503
11603843.4376 0.405125 -0.452116 1.082127
11603877.5462 0.406979 -0.4532032 1.082061
11603910.4626 0.4097946 -0.4546639 1.081851
11603943.4406 0.4125445 -0.457775 1.081111
11603977.5529 0.4148993 -0.4619369 1.080613
11604010.4488 0.4184395 -0.4658258 1.080872
11604043.4502 0.4209361 -0.4699572 1.079492
11604077.5112 0.4254711 -0.4732796 1.079783
11604110.4448 0.4284095 -0.4760934 1.079103
11604143.4589 0.4322264 -0.4791199 1.079172
11604177.547 0.4357437 -0.481088 1.079486
11604210.465 0.4399842 -0.4832528 1.080642
11604243.4278 0.4439121 -0.4863513 1.081756
11604277.5369 0.4456221 -0.4877415 1.08205
11604310.4454 0.4449127 -0.4959739 1.08008
11604343.4374 0.4471766 -0.4960192 1.081725
11604377.5284 0.4470242 -0.4994588 1.080516
11604410.4374 0.4485342 -0.4989783 1.08138
11604443.4297 0.4501378 -0.4984424 1.082763
11604477.5137 0.4503326 -0.5015223 1.082015
11604510.4309 0.4510974 -0.5026084 1.082607
11604543.4393 0.4516504 -0.502959 1.082755
11604577.5183 0.4515326 -0.503653 1.082379
11604610.4479 0.45141 -0.5041099 1.082377
11604643.457 0.451069 -0.5048379 1.081857
11604677.5546 0.4506668 -0.5055487 1.081709
11604710.4468 0.450135 -0.5063439 1.081813
11604743.4301 0.4496302 -0.5070793 1.081823
11604777.5293 0.4491019 -0.5076546 1.082152
11604810.4567 0.4487273 -0.5083345 1.082256
11604843.4384 0.4451073 -0.5509318 1.115742
11604877.5392 0.4452499 -0.5511518 1.116049
11604910.4445 0.4462116 -0.5526804 1.117849
11604943.4348 0.4470325 -0.5534247 1.119181
11604977.5196 0.447283 -0.5537583 1.119131
11605010.4402 0.4474825 -0.5151279 1.07798
11605043.458 0.4481324 -0.5161628 1.079564
11605077.5112 0.4484262 -0.5158758 1.07995
11605110.4333 0.4488967 -0.515896 1.080064
11605143.4421 0.4500226 -0.5161628 1.079695
11605177.5384 0.4507059 -0.5164446 1.07959
11605210.4363 0.451162 -0.5164884 1.079584
11605243.4295 0.4513828 -0.516953 1.080249
11605277.5171 0.4516101 -0.5172982 1.080414
11605310.4372 0.4517002 -0.5174568 1.080808
11605343.4288 0.4519112 -0.5177915 1.080908
11605377.5271 0.4522675 -0.5181333 1.081292
11605410.5129 0.452353 -0.5173452 1.080043
11605443.4379 0.4527017 -0.5176772 1.080481
11605477.5433 0.4524789 -0.5179086 1.081052
11605510.458 0.4521374 -0.5182515 1.08138
11605543.4372 0.4515767 -0.5182561 1.081739
11605577.5376 0.4511155 -0.5184075 1.081937
11605610.4491 0.4504405 -0.5182779 1.081958
11605643.4517 0.4499795 -0.5183577 1.082072
11605677.5263 0.4497662 -0.5183764 1.082345
11605710.4476 0.4494914 -0.5184072 1.08253
11605743.4395 0.4493673 -0.5184571 1.082824
11605777.5194 0.449342 -0.5186017 1.08319
11605810.4465 0.4493362 -0.5187938 1.083307
11605843.4351 0.4486801 -0.5211781 1.082661
11605877.5183 0.4485645 -0.5212045 1.082878
11605910.4421 0.4485576 -0.521148 1.082964
11605943.4283 0.4479973 -0.5228429 1.082338
11605977.5287 0.4479607 -0.5227105 1.082514
11606010.4204 0.447912 -0.5227353 1.082594
11606043.4296 0.4479554 -0.5225595 1.082726
11606077.5284 0.4477148 -0.523391 1.082508
11606110.4477 0.4477412 -0.5232862 1.08268
11606143.438 0.4477747 -0.52312 1.082786
11606177.517 0.4477425 -0.5231392 1.082908
11606210.4281 0.4476774 -0.5230691 1.082916
11606243.4368 0.4474848 -0.5235396 1.082774
11606277.5812 0.4471328 -0.5248594 1.08226
11606310.4783 0.4471359 -0.5248874 1.082275
11606343.4398 0.4475086 -0.5233101 1.082957
11606377.5854 0.4472896 -0.5238432 1.082751
11606410.4558 0.4471932 -0.5240434 1.082688
11606443.4433 0.4472539 -0.5237657 1.082791
11606477.5223 0.4470114 -0.5241673 1.082515
11606510.4371 0.4468679 -0.5245245 1.082485
11606543.4697 0.4465931 -0.5247943 1.081956
11606577.5204 0.4464546 -0.5248829 1.081712
11606610.431 0.4463755 -0.5251063 1.081637
11606643.4246 0.4465741 -0.524407 1.081989
11606677.532 0.4464965 -0.524622 1.081928
11606710.4262 0.446355 -0.5249787 1.081802
11606743.4543 0.4462281 -0.5253356 1.081789
11606777.5075 0.4461259 -0.5256621 1.08172
11606810.4317 0.4461029 -0.5257365 1.081684
11606843.4286 0.4462386 -0.5252332 1.081853
11606877.5187 0.4461529 -0.5253061 1.08184
11606910.4306 0.4459302 -0.5259368 1.081597
11606943.4476 0.445789 -0.5263402 1.081535
11606977.516 0.445749 -0.5263528 1.081524
11607010.4492 0.4457461 -0.5263653 1.081493
11607043.4399 0.4459672 -0.525584 1.081774
11607077.5054 0.4459209 -0.5256776 1.081736
11607110.4509 0.4463464 -0.5244617 1.082277
11607143.4375 0.4466054 -0.5236005 1.08248
11607177.5236 0.4469886 -0.5224234 1.082838
11607210.4416 0.44719 -0.5216345 1.082814
11607243.4311 0.4473576 -0.5209874 1.08303
11607277.5061 0.4471554 -0.5215248 1.082859
11607310.4491 0.4473385 -0.5208964 1.083075
11607343.4267 0.4473516 -0.520873 1.083064
11607377.5296 0.4472505 -0.5211716 1.082878
11607410.4255 0.4472491 -0.5211839 1.082915
11607443.4375 0.4472546 -0.5211335 1.082929
11607477.5055 0.4471759 -0.521182 1.082906
11607510.4371 0.4472464 -0.5209396 1.082968
11607543.4183 0.4472801 -0.5207238 1.082965
11607577.5368 0.4469062 -0.5219465 1.082463
11607610.4417 0.4467448 -0.5224267 1.082353
11607643.4291 0.4464871 -0.5232566 1.082154
11607677.507 0.4465645 -0.5229834 1.082183
11607710.4476 0.4463965 -0.5234908 1.081928
11607743.4457 0.446331 -0.523641 1.081837
11607777.5034 0.4460137 -0.5238196 1.080986
11607810.4276 0.4462756 -0.5229884 1.081254
11607843.4212 0.4465328 -0.5221516 1.081479
11607877.5212 0.4466925 -0.5215986 1.081633
11607910.422 0.4466434 -0.5217177 1.081572
11607943.4172 0.4467219 -0.521496 1.081624
11607977.5205 0.4466566 -0.5214812 1.081254
11608010.4307 0.4467307 -0.5211763 1.081336
11608043.4432 0.4464341 -0.5220242 1.080997
11608077.5013 0.4463896 -0.522092 1.08063
11608110.4288 0.4464669 -0.5212137 1.080254
11608143.4277 0.4463234 -0.5217406 1.080058
11608177.5187 0.4462822 -0.5218678 1.079993
11608210.4293 0.4462899 -0.5212745 1.079452
11608243.4151 0.4464646 -0.5204626 1.079264
11608277.5073 0.4465633 -0.5202116 1.07913
11608310.4241 0.4466197 -0.5197615 1.078914
11608343.4222 0.4466539 -0.5194809 1.078557
11608377.5004 0.4468296 -0.5187294 1.078472
11608410.4213 0.446798 -0.5184892 1.078235
11608443.4465 0.4468104 -0.5183673 1.078061
11608477.5133 0.4468209 -0.5182833 1.077951
11608510.4346 0.4468195 -0.5183337 1.077879
11608543.4159 0.4468683 -0.5181875 1.077781
11608577.5019 0.4465543 -0.5190834 1.07733
11608610.4265 0.4466143 -0.5190151 1.077351
11608643.4332 0.4466802 -0.5189157 1.07733
11608677.5234 0.4464166 -0.5197794 1.077008
11608710.4201 0.4461629 -0.5205085 1.076759
11608743.4182 0.4462495 -0.5202947 1.076707
11608777.5017 0.4460284 -0.5210714 1.076362
11608810.5163 0.4458072 -0.5216404 1.076079
11608843.4261 0.4456237 -0.5221943 1.075901
11608877.5109 0.4459166 -0.5214007 1.076075
11608910.4207 0.4458181 -0.5217389 1.075909
11608943.432 0.445713 -0.5220838 1.075725
11608977.527 0.445814 -0.5218635 1.075794
11609010.4241 0.4458831 -0.5216132 1.075683
11609043.4165 0.4459309 -0.5214196 1.075739
11609077.507 0.4460298 -0.5211176 1.075813
11609110.4259 0.4460708 -0.5209678 1.075829
11609143.4211 0.4459214 -0.5214999 1.075596
11609177.5162 0.4457256 -0.5220801 1.07532
11609210.4166 0.445889 -0.5216506 1.075468
11609243.4582 0.4459653 -0.5214576 1.075529
11609277.575 0.4460245 -0.5213166 1.075548
11609310.4385 0.4461479 -0.520915 1.075569
11609343.4411 0.4460161 -0.5213684 1.07521
11609377.5362 0.4458217 -0.5219414 1.074995
11609410.4587 0.4459218 -0.5216437 1.075103
11609443.419 0.4458439 -0.5218903 1.074999
11609477.5153 0.4457096 -0.5222968 1.074853
11609510.4301 0.4455724 -0.5224522 1.074435
11609543.429 0.4454119 -0.5228166 1.074061
11609577.5709 0.4453737 -0.5228871 1.073857
11609610.4347 0.4454038 -0.5231128 1.074076
11609643.4098 0.4453292 -0.5230719 1.073631
11609677.523 0.4452422 -0.5230834 1.073101
11609710.4574 0.4452305 -0.5232692 1.073142
11609743.4108 0.4456162 -0.5220256 1.073485
11609777.5256 0.4455375 -0.522206 1.073278
11609810.4444 0.4455089 -0.5223905 1.073286
11609843.4257 0.4457259 -0.5218954 1.073641
11609877.5056 0.4458675 -0.5215546 1.07381
11609910.4228 0.4457363 -0.5219228 1.07366
11609943.4373 0.4456975 -0.5220264 1.073623
11609977.5143 0.4456025 -0.5223082 1.073532
11610010.4377 0.4455393 -0.522533 1.073513
11610077.5226 0.4455697 -0.5225717 1.073589
11610110.4193 0.4455078 -0.5227417 1.073571
11610143.4367 0.4454447 -0.5229722 1.073512
11610177.5006 0.4456883 -0.522439 1.073711
11610210.4125 0.4456396 -0.522629 1.073634
11610243.4229 0.4458139 -0.5220099 1.07384
11610277.5089 0.4456852 -0.5224072 1.073707
11610310.4208 0.4456513 -0.5225022 1.073682
11610343.4489 0.4459878 -0.5215749 1.074061
11610377.4918 0.44618 -0.521069 1.074299
