11662910.2393 0.4627848 -0.4977567 1.104454
11662943.2226 0.4628406 -0.4977457 1.104533
11662977.3218 0.4628628 -0.4977389 1.104593
11663010.2382 0.462929 -0.4976754 1.104678
11663043.2317 0.4629471 -0.4976672 1.1047
11663077.3231 0.4629846 -0.4975879 1.104737
11663110.2169 0.4629993 -0.4975902 1.104764
11663143.2265 0.4629988 -0.4975483 1.104788
11663177.3208 0.4630605 -0.4975208 1.104844
11663210.2343 0.4631167 -0.4975207 1.104963
11663243.2213 0.4631694 -0.4975526 1.105059
11663277.3094 0.463266 -0.4975919 1.105173
11663310.234 0.4632492 -0.4976326 1.105148
11663343.2272 0.4632575 -0.497618 1.105116
11663377.3116 0.4632751 -0.4976419 1.105188
11663410.2153 0.4633009 -0.497591 1.105216
11663443.2216 0.4633446 -0.4975272 1.105266
11663477.3097 0.4633631 -0.4974606 1.105308
11663510.2466 0.4633556 -0.497451 1.105284
11663543.2126 0.4634023 -0.4974231 1.105305
11663577.309 0.463431 -0.4974354 1.105295
11663610.2176 0.4634699 -0.4973831 1.105315
11663643.2173 0.4634712 -0.4973401 1.105283
11663677.3083 0.463476 -0.4973248 1.105277
11663710.2501 0.463482 -0.4973077 1.105285
11663743.2277 0.4635371 -0.4973538 1.105377
11663777.3203 0.4635832 -0.4974177 1.105491
11663810.249 0.4636113 -0.4974271 1.105464
11663843.2118 0.4636321 -0.4974307 1.105507
11663877.2999 0.4636681 -0.4973956 1.105562
11663910.236 0.4636718 -0.4976428 1.105573
11663943.2378 0.4637 -0.4976019 1.105585
11663977.309 0.4637365 -0.497573 1.105632
11664010.2258 0.463762 -0.4975937 1.105668
11664043.2235 0.4637853 -0.4975913 1.105695
11664077.3342 0.4637656 -0.4976344 1.105656
11664110.2231 0.4637553 -0.497635 1.105645
11664177.3586 0.46379 -0.4975999 1.105607
11664210.2286 0.4642989 -0.495789 1.106262
11664243.2262 0.4643628 -0.4958161 1.106309
11664277.2938 0.4644176 -0.4957805 1.106306
11664310.2205 0.4644561 -0.4957868 1.106343
11664343.221 0.4646018 -0.4958356 1.106383
11664377.3186 0.4649009 -0.4948764 1.106724
11664410.2095 0.4650787 -0.4950278 1.1069
11664443.2019 0.4651364 -0.4950371 1.106913
11664477.2891 0.4651559 -0.4950916 1.106915
11664510.2281 0.4652409 -0.4951606 1.106998
11664543.2488 0.4652655 -0.4951782 1.107026
11664577.341 0.4652574 -0.4952259 1.106977
11664610.2073 0.4653727 -0.4953295 1.107073
11664643.2193 0.4654705 -0.4954038 1.107155
11664677.3399 0.4654879 -0.4953745 1.107126
11664710.2095 0.4655461 -0.4954545 1.107199
11664743.2174 0.465588 -0.495471 1.107256
11664777.3026 0.4655639 -0.4954554 1.107268
11664810.2145 0.4655351 -0.4955161 1.107231
11664843.2849 0.4656448 -0.495566 1.107376
11664877.3159 0.4656323 -0.4955257 1.107347
11664910.215 0.4656307 -0.4955097 1.10734
11664943.2214 0.4656332 -0.4955419 1.107427
11664977.2963 0.4655559 -0.4955855 1.107356
11665010.2139 0.4660326 -0.4937432 1.108091
11665043.2198 0.4659788 -0.4938696 1.107995
11665077.3038 0.4659134 -0.4940569 1.107936
11665110.2005 0.4657983 -0.4942097 1.107895
11665143.2269 0.4657391 -0.4942721 1.107831
11665177.3286 0.4657127 -0.4944546 1.107758
11665210.2187 0.4656905 -0.494498 1.107707
11665243.2078 0.4656602 -0.4946707 1.107627
11665277.2963 0.4656102 -0.494862 1.10757
11665310.2028 0.4655648 -0.4949208 1.107476
11665343.2457 0.4655222 -0.4949531 1.107401
11665377.3272 0.4654811 -0.494945 1.107375
11665410.2017 0.4654827 -0.4950027 1.107405
11665443.2064 0.4654774 -0.49509 1.107369
11665477.2982 0.465425 -0.4950263 1.107164
11665510.2104 0.4654095 -0.4950638 1.107143
11665543.2545 0.4654116 -0.4951095 1.107091
11665577.3176 0.4654048 -0.4951883 1.107087
11665610.2184 0.465362 -0.4953376 1.107067
11665643.2317 0.4652947 -0.49535 1.106938
11665677.3013 0.4652605 -0.4954342 1.10685
11665710.2062 0.4652366 -0.4953923 1.106791
11665743.2035 0.4652324 -0.4954155 1.106769
11665777.2936 0.4652089 -0.4953617 1.106664
11665810.2088 0.4652173 -0.4953575 1.106641
11665843.2171 0.4651868 -0.4955052 1.106554
11665877.3011 0.465175 -0.4955476 1.106494
11665910.204 0.4651476 -0.4957696 1.10642
11665943.2053 0.465154 -0.4958412 1.106319
11665977.2988 0.4651966 -0.495819 1.106353
11666010.2098 0.4656777 -0.49451 1.106863
11666043.2096 0.4659558 -0.4936101 1.107198
11666077.2862 0.4659432 -0.4937505 1.107179
11666110.2108 0.4659356 -0.4939431 1.107105
11666143.2048 0.4659419 -0.4940853 1.106965
11666177.2929 0.4660288 -0.4941653 1.106941
11666210.2216 0.4660248 -0.4943324 1.106889
11666243.2907 0.4660687 -0.4943756 1.106752
11666277.3102 0.4660843 -0.4944152 1.106707
11666310.2389 0.4660901 -0.4944832 1.106672
11666343.2145 0.4661003 -0.494537 1.106614
11666377.3112 0.4660987 -0.4944863 1.106536
11666410.2173 0.4661192 -0.4944945 1.106518
11666443.2154 0.466143 -0.4944111 1.106441
11666477.2932 0.4661323 -0.4944907 1.106375
11666510.217 0.4661691 -0.4944493 1.106253
11666543.197 0.4661684 -0.4944648 1.106213
11666577.2827 0.4661902 -0.4944545 1.106059
11666610.2028 0.4662193 -0.4944358 1.105958
11666643.2169 0.4662322 -0.4943139 1.105627
11666677.2968 0.4662372 -0.4943631 1.105582
11666710.2111 0.466252 -0.4943502 1.105566
11666743.2494 0.4662637 -0.4943205 1.105426
11666777.2952 0.4663276 -0.4941214 1.105058
11666810.2589 0.4663344 -0.4940688 1.104989
11666843.2171 0.4663466 -0.4940886 1.105
11666877.2892 0.4665067 -0.49412 1.105088
11666910.2031 0.4665082 -0.4940796 1.105088
11666943.2279 0.4665203 -0.4940439 1.104992
11666977.298 0.4665167 -0.4940533 1.104987
11667010.223 0.4665224 -0.4941075 1.105003
11667043.2293 0.4665768 -0.4940694 1.10509
11667077.3145 0.4665872 -0.4940036 1.105028
11667110.2375 0.4666001 -0.493974 1.10505
11667143.2089 0.466617 -0.4939472 1.10503
11667177.3089 0.4666214 -0.4939447 1.105013
11667210.213 0.4666418 -0.4939202 1.105036
11667243.2 0.4666729 -0.4937802 1.104992
11667277.2975 0.4666843 -0.4937382 1.105005
11667310.1958 0.4667061 -0.4937178 1.105031
11667343.2108 0.4667295 -0.493697 1.10508
11667377.2779 0.4667474 -0.4936251 1.105064
11667410.2025 0.4667269 -0.4936204 1.104987
11667443.224 0.4667715 -0.4934494 1.105027
11667477.3076 0.4667565 -0.4932818 1.104874
11667510.1961 0.4667828 -0.4931664 1.104776
11667543.2188 0.4668364 -0.4929945 1.104714
11667577.2983 0.4668575 -0.4929183 1.104692
11667610.2098 0.4668684 -0.4928724 1.104671
11667643.2169 0.4668888 -0.4927589 1.104441
11667677.2935 0.466921 -0.4927686 1.104452
11667710.1992 0.4669501 -0.4926842 1.104347
11667743.2022 0.4669754 -0.4926279 1.104352
11667777.3096 0.4669717 -0.4926174 1.104259
11667810.2318 0.466991 -0.4925263 1.104175
11667843.2241 0.4670216 -0.4924864 1.104212
11667877.2863 0.467024 -0.4924527 1.104139
11667910.2007 0.4670329 -0.4924124 1.104143
11667943.1922 0.4670359 -0.4923223 1.10404
11667977.2791 0.4670537 -0.4922779 1.104056
11668010.2086 0.467058 -0.4922431 1.104011
11668043.1948 0.4670783 -0.4922168 1.104012
11668077.2817 0.4670854 -0.492208 1.104007
11668110.2095 0.4671079 -0.4921524 1.104033
11668143.2044 0.467107 -0.4921408 1.104045
11668177.292 0.4671141 -0.4921365 1.104048
11668210.206 0.4671113 -0.4921299 1.104062
11668243.2094 0.4672348 -0.4922304 1.104276
11668277.3016 0.4672188 -0.4921945 1.104248
11668310.2098 0.4672298 -0.4921654 1.104266
11668343.1943 0.4672172 -0.4921494 1.104196
11668377.2857 0.4672316 -0.4921263 1.104218
11668410.2181 0.4672311 -0.4921304 1.104203
11668443.1961 0.4672644 -0.4920112 1.104265
11668477.2805 0.4672508 -0.4920341 1.104268
11668510.2002 0.4672534 -0.492038 1.104266
11668543.1975 0.4672506 -0.4920679 1.104264
11668577.2765 0.4672559 -0.4919534 1.104387
11668610.2327 0.4672603 -0.4919902 1.104438
11668643.1947 0.4672516 -0.4920282 1.104433
11668677.2849 0.4672436 -0.4920975 1.104461
11668710.2 0.467229 -0.4920863 1.104421
11668743.2125 0.4672312 -0.492093 1.104415
11668777.2887 0.4672227 -0.4921271 1.104411
11668810.201 0.4672214 -0.4921605 1.104389
11668843.2184 0.4672268 -0.4921613 1.104387
11668877.3007 0.4672038 -0.4921613 1.104325
11668910.2257 0.4675325 -0.4909392 1.104767
11668943.207 0.4675211 -0.4909936 1.104747
11668977.3008 0.4675022 -0.4911118 1.104735
11669010.223 0.4674003 -0.4912876 1.104497
11669043.212 0.4673684 -0.4913601 1.104441
11669077.301 0.4673633 -0.4913936 1.104428
11669110.2145 0.4673829 -0.4914389 1.104434
11669143.1961 0.4673625 -0.4914953 1.104377
11669177.2978 0.4674296 -0.4915039 1.104564
11669210.1949 0.4674219 -0.4915146 1.104557
11669243.1934 0.4674091 -0.4915257 1.104552
11669277.2868 0.4673881 -0.4915359 1.10454
11669310.2102 0.4673472 -0.4915127 1.104509
11669343.1964 0.4673513 -0.491514 1.10452
11669377.2705 0.4673415 -0.4915648 1.104557
11669410.1919 0.4673509 -0.4915211 1.104576
11669443.1977 0.4673287 -0.4915673 1.104552
11669477.299 0.4673398 -0.4915319 1.104577
11669510.2679 0.4673509 -0.4915424 1.104622
11669543.2217 0.4673432 -0.4915218 1.10461
11669577.2934 0.4673456 -0.4915776 1.104793
11669610.2036 0.4673531 -0.4915422 1.104797
11669643.228 0.4673985 -0.4913694 1.104909
11669677.2693 0.4674304 -0.4914216 1.104977
11669710.1873 0.4674073 -0.4914868 1.104967
11669743.2178 0.4674001 -0.4915054 1.104965
11669777.2952 0.4673938 -0.4914908 1.104972
11669810.2145 0.4673929 -0.4915032 1.104965
11669843.2179 0.4673979 -0.4914763 1.104898
11669877.2814 0.4673556 -0.4914688 1.104858
11669910.1875 0.4673475 -0.4914576 1.104849
11669943.1897 0.4672877 -0.4914162 1.104884
11669977.2836 0.4672807 -0.4913779 1.104934
11670010.2115 0.4672933 -0.4914105 1.104956
11670043.2038 0.4672907 -0.4914116 1.104944
11670077.2825 0.4672619 -0.4913375 1.105005
11670110.2161 0.4672612 -0.4913331 1.105005
11670143.1904 0.4672548 -0.4912911 1.105038
11670177.2715 0.4672405 -0.4913284 1.105223
11670210.1896 0.4672373 -0.4913075 1.105283
11670243.1987 0.4672066 -0.4912892 1.105303
11670277.2954 0.4672183 -0.4913867 1.10554
11670310.2578 0.4672025 -0.4913876 1.105533
11670343.203 0.4671402 -0.4913708 1.105481
11670377.2664 0.4671147 -0.4913791 1.105471
11670410.1997 0.4670343 -0.4914288 1.105392
11670443.2023 0.4669835 -0.4915783 1.105327
11670477.269 0.4669766 -0.491573 1.105362
11670510.1977 0.4669512 -0.4916352 1.105369
11670543.1917 0.4669728 -0.4916734 1.105467
11670577.2819 0.466958 -0.491666 1.105457
11670610.1946 0.4668933 -0.4917659 1.105423
11670643.1947 0.4668672 -0.4917608 1.105423
11670677.3473 0.4668899 -0.4917668 1.105441
11670710.1914 0.4668806 -0.4917461 1.105417
11670743.194 0.4668655 -0.4918122 1.105412
11670777.2998 0.4668784 -0.491821 1.105451
11670810.1796 0.4668663 -0.4918507 1.105418
11670843.1904 0.4668658 -0.4918241 1.105457
11670877.2646 0.4668662 -0.4918439 1.105448
11670910.1859 0.4668561 -0.4919304 1.105453
11670943.2082 0.4668685 -0.4918598 1.105475
11670977.2651 0.4668669 -0.4918744 1.105474
11671010.1914 0.4668685 -0.4918824 1.105475
11671043.2042 0.4668835 -0.4918776 1.105488
11671077.2673 0.4669063 -0.4918777 1.105482
11671110.1837 0.4670082 -0.4919508 1.105618
11671143.183 0.4671329 -0.4920354 1.105846
11671177.2645 0.4671268 -0.4920914 1.105847
11671210.1949 0.4671256 -0.4920915 1.105812
11671243.1852 0.4671301 -0.4920632 1.105771
11671277.2794 0.4671106 -0.4921191 1.105741
11671310.1884 0.4671009 -0.4921533 1.105704
11671343.1857 0.4673483 -0.4910215 1.106051
11671377.2734 0.467358 -0.4911139 1.106081
11671410.1923 0.4673765 -0.491105 1.106086
11671443.2035 0.4673753 -0.4911013 1.106075
11671477.2756 0.4673486 -0.4911364 1.106031
11671510.2146 0.4673556 -0.4911018 1.105968
11671543.188 0.467343 -0.4911899 1.105874
11671577.2712 0.4673734 -0.4911801 1.105908
11671610.1859 0.4673845 -0.4911954 1.105909
11671643.189 0.4673989 -0.4912133 1.105911
11671677.2713 0.4674098 -0.4912312 1.10591
11671710.1914 0.4674212 -0.4912266 1.105916
11671743.1903 0.4674413 -0.4911534 1.105968
11671777.2714 0.4674772 -0.4911873 1.106032
11671810.1899 0.4674674 -0.4911709 1.105968
11671843.1958 0.4674537 -0.4911031 1.105811
11671877.2654 0.4674584 -0.4911093 1.105808
11671910.1855 0.4674886 -0.4911053 1.105806
11671943.1873 0.4680108 -0.4892708 1.106357
11671977.2741 0.4679807 -0.4892004 1.106191
11672010.1934 0.4679441 -0.48934 1.10609
11672043.1812 0.4679524 -0.4894345 1.106105
11672077.2652 0.4679841 -0.4894775 1.106047
11672110.2059 0.4680648 -0.4895132 1.106101
11672143.2265 0.468301 -0.4898682 1.106139
11672177.2678 0.4687665 -0.4903781 1.106093
11672210.1945 0.4696175 -0.4907656 1.106334
11672243.1918 0.4707552 -0.4907491 1.10682
11672277.2766 0.4723159 -0.4906178 1.107404
11672310.2053 0.4739326 -0.4912297 1.10805
11672343.1886 0.4755885 -0.4910635 1.109193
11672377.275 0.4779341 -0.4916643 1.110807
11672410.1939 0.4795252 -0.4916109 1.111305
11672443.1809 0.4813957 -0.4917869 1.112117
11672477.2612 0.4826606 -0.4925159 1.112429
11672510.1805 0.4838674 -0.4936049 1.112933
11672543.1892 0.4852412 -0.4937541 1.113731
11672577.2617 0.486255 -0.493625 1.114489
11672610.1798 0.4872358 -0.4937465 1.115443
11672643.1783 0.4875975 -0.4936742 1.115767
11672677.2742 0.4878289 -0.4940064 1.115923
11672710.1754 0.4877993 -0.4942209 1.115852
11672743.1862 0.4877452 -0.4942967 1.115739
11672777.262 0.4880637 -0.4939745 1.117138
11672810.1784 0.4881172 -0.4935956 1.117251
11672843.1872 0.4880993 -0.4931667 1.117389
11672877.2531 0.4879687 -0.4931099 1.118199
11672910.1855 0.4875309 -0.4934084 1.118083
11672943.1918 0.4869169 -0.4941481 1.118458
11672977.2741 0.4860626 -0.4945843 1.118308
11673010.1893 0.4851201 -0.4949382 1.11821
11673043.2005 0.4842049 -0.4947372 1.118359
11673077.2862 0.483389 -0.4954244 1.118574
11673110.2017 0.4822226 -0.4955539 1.119012
11673143.1756 0.4804046 -0.4962277 1.118563
11673177.2666 0.4788071 -0.4956933 1.117923
11673210.1859 0.4773912 -0.4948591 1.116872
11673243.1737 0.475875 -0.496571 1.117002
11673277.2741 0.4743879 -0.4979055 1.117548
11673310.1839 0.4729388 -0.4983954 1.117413
11673343.1931 0.4716778 -0.4980035 1.116986
11673377.2668 0.4701062 -0.4975865 1.116211
11673410.1845 0.4687177 -0.4968882 1.114964
11673443.1858 0.4672753 -0.4963242 1.114222
11673477.2555 0.4657543 -0.4948378 1.113314
11673510.2031 0.46518 -0.4947194 1.112916
11673543.1958 0.4634498 -0.4926835 1.112471
11673577.2712 0.4616567 -0.4899278 1.111844
11673610.1892 0.4599092 -0.4875016 1.111406
11673643.1808 0.4585833 -0.4850425 1.111322
11673677.2902 0.4571076 -0.4831457 1.111441
11673710.1815 0.4545405 -0.4827726 1.11047
11673743.1788 0.4520074 -0.4820697 1.109936
11673777.2723 0.4496149 -0.4812286 1.109182
11673810.1919 0.4462734 -0.4791367 1.107644
11673843.1814 0.4422389 -0.4763486 1.105667
11673877.2592 0.4393734 -0.4739079 1.104122
11673910.1773 0.4368472 -0.471001 1.101619
11673943.1791 0.4340919 -0.4678964 1.099791
11673977.2647 0.4315046 -0.4654227 1.09839
11674010.1819 0.4286878 -0.4628188 1.096892
11674043.1788 0.4261281 -0.4593339 1.094907
11674077.2718 0.423481 -0.4566094 1.094081
11674110.1857 0.4205566 -0.4541592 1.093697
11674143.1727 0.4186121 -0.4517323 1.09366
11674177.2592 0.4149244 -0.4471942 1.093905
11674210.1723 0.4130044 -0.4451597 1.094957
11674243.1815 0.4112224 -0.4428531 1.095653
11674277.2671 0.4088507 -0.4405142 1.097529
11674310.1786 0.4062507 -0.4367075 1.0984
11674343.1791 0.4039686 -0.4335508 1.099274
11674377.2562 0.4015705 -0.4304467 1.100315
11674410.1754 0.4001069 -0.4288699 1.101703
11674443.1887 0.3985928 -0.4271956 1.103125
11674477.2686 0.3972721 -0.4260709 1.104487
11674510.1895 0.3963884 -0.4252215 1.105132
11674543.1671 0.3216252 -0.3870723 1.122123
11674577.2568 0.3211155 -0.3865568 1.122422
11674610.1777 0.3204666 -0.3848804 1.123967
11674643.1787 0.3253457 -0.3809386 1.129259
11674677.2635 0.3780587 -0.392614 1.116226
11674710.2082 0.3772576 -0.3924993 1.11671
11674743.1846 0.3764237 -0.3916304 1.117401
11674777.2587 0.3758263 -0.3909153 1.118043
11674810.1743 0.374916 -0.3894411 1.118613
11674843.174 0.3743309 -0.3881278 1.118573
11674877.2642 0.3739449 -0.3870663 1.118192
11674910.1769 0.3734102 -0.3862818 1.118542
11674943.1709 0.3730114 -0.3852677 1.119099
11674977.2557 0.3727346 -0.3844733 1.119403
11675010.1733 0.3726453 -0.3844209 1.119505
11675043.178 0.3724829 -0.3841291 1.119376
11675077.2554 0.3722428 -0.3837929 1.119641
11675110.1837 0.3719307 -0.3829617 1.120361
11675143.1736 0.3713283 -0.380649 1.121379
11675177.2522 0.3712402 -0.3807123 1.121898
11675210.1723 0.3712401 -0.3809547 1.122184
11675243.1782 0.371371 -0.3817895 1.122625
11675277.2528 0.3714595 -0.3823245 1.122924
11675310.1819 0.3716169 -0.382846 1.123218
11675343.1685 0.3717738 -0.383487 1.123353
11675377.2537 0.3286897 -0.3742654 1.13741
11675410.1709 0.3287777 -0.3745509 1.137148
11675443.1776 0.3299864 -0.3763336 1.137392
11675477.253 0.3303027 -0.3779562 1.136644
11675510.1669 0.3187743 -0.3892363 1.141585
11675543.1732 0.322972 -0.3895843 1.135441
11675577.2741 0.3246793 -0.3911385 1.130647
11675610.1933 0.3893108 -0.4171081 1.109361
11675643.1836 0.3905442 -0.4173793 1.109072
11675677.2487 0.3917161 -0.4173854 1.108816
11675710.2037 0.3930609 -0.418659 1.108289
11675743.1809 0.3949924 -0.4198602 1.106699
11675777.2567 0.397146 -0.4217694 1.106062
11675810.1665 0.4005902 -0.4263435 1.105284
11675843.1679 0.4035977 -0.4290909 1.104412
11675877.2617 0.4069412 -0.4322686 1.10279
11675910.1682 0.4108354 -0.4368382 1.101636
11675943.1737 0.4141155 -0.4402672 1.100837
11675977.2618 0.4183489 -0.445129 1.099885
11676010.1823 0.4121169 -0.4658125 1.089695
11676043.1771 0.4330949 -0.4582557 1.094181
11676077.255 0.433797 -0.4589948 1.094626
11676110.1783 0.435911 -0.4616752 1.095344
11676143.1686 0.4393986 -0.4652599 1.095894
11676177.2555 0.4417706 -0.4678136 1.096254
11676210.1633 0.4451528 -0.4710268 1.096597
11676243.1647 0.4489594 -0.4752609 1.098035
11676277.2462 0.4525483 -0.4789617 1.099532
11676310.1667 0.4549097 -0.4810884 1.0999
11676343.1672 0.4576585 -0.4837168 1.100757
11676377.2541 0.4597293 -0.4853361 1.10078
11676410.1713 0.4633248 -0.4894921 1.103716
11676443.1686 0.465185 -0.4915175 1.104324
11676477.2485 0.466132 -0.4924551 1.104254
11676510.1669 0.4673564 -0.4938906 1.104413
11676543.1687 0.475189 -0.5027184 1.114956
11676577.2511 0.4750283 -0.5032991 1.113845
11676610.1716 0.4752888 -0.5033076 1.112487
11676643.1697 0.4761478 -0.5014986 1.111931
11676677.2528 0.4766414 -0.500266 1.110762
11676710.1672 0.4762461 -0.5002263 1.109006
11676743.1673 0.475849 -0.501107 1.109089
11676777.2476 0.4746462 -0.5044811 1.109774
11676810.1751 0.474493 -0.5045202 1.109834
11676843.1605 0.4734175 -0.5038878 1.109182
11676877.2424 0.4720109 -0.5026352 1.107861
11676910.1596 0.4715478 -0.5024967 1.107768
11676943.1902 0.4710855 -0.5024061 1.107616
11676977.2553 0.4704275 -0.5025274 1.107218
11677010.161 0.4697231 -0.5028539 1.10677
11677043.1656 0.4690429 -0.5028722 1.106439
11677077.2566 0.4686592 -0.5029485 1.106433
11677110.1866 0.4682862 -0.5028574 1.106633
11677143.1629 0.4684358 -0.5035058 1.108379
11677177.2473 0.468464 -0.5035888 1.108784
11677210.1965 0.4685224 -0.5037047 1.109234
11677243.1606 0.4686675 -0.5035641 1.109684
11677277.2474 0.4686823 -0.5034438 1.109999
11677310.1856 0.4687233 -0.503267 1.110148
11677343.2379 0.4688592 -0.503267 1.110469
11677377.2434 0.4690608 -0.5033522 1.110879
11677410.1639 0.4691889 -0.5032497 1.110829
11677443.1608 0.4692876 -0.5031779 1.110773
11677477.2522 0.469408 -0.503176 1.110949
11677510.1686 0.469529 -0.5032106 1.111002
11677543.1773 0.4696155 -0.5032527 1.111027
11677577.2457 0.4697536 -0.50318 1.111192
11677610.1601 0.4698355 -0.5030256 1.11119
11677643.1742 0.4699493 -0.5027395 1.111393
11677677.2483 0.4698943 -0.5026567 1.111277
11677710.1733 0.4697803 -0.5020823 1.111142
11677743.1608 0.4699008 -0.5018001 1.111458
11677777.2484 0.4699095 -0.5017837 1.111627
11677810.185 0.4698575 -0.5015365 1.111752
11677843.1564 0.4695815 -0.5011744 1.111766
11677877.2498 0.4692789 -0.500928 1.11174
11677910.1609 0.4687821 -0.5005303 1.111663
11677943.1762 0.4682548 -0.5000945 1.111395
11677977.2442 0.467764 -0.4995051 1.111077
11678010.1692 0.4671338 -0.4988148 1.11076
11678043.1624 0.4662968 -0.4982105 1.110256
11678077.2496 0.4654508 -0.4975874 1.109666
11678110.1566 0.4658161 -0.4950514 1.111132
11678143.1658 0.4654805 -0.4944479 1.111638
11678177.2493 0.4650977 -0.4938574 1.112037
11678210.1723 0.4649043 -0.493396 1.11251
11678243.1864 0.4647769 -0.4930846 1.112871
11678277.2486 0.4647341 -0.4927088 1.113018
11678310.1667 0.46467 -0.492476 1.113189
11678343.1619 0.4646746 -0.4923309 1.113476
11678377.243 0.4646575 -0.4921146 1.113703
11678410.1717 0.4644356 -0.4920034 1.113662
11678443.1629 0.4643148 -0.4918907 1.113623
11678477.2633 0.4641865 -0.491828 1.113615
11678510.1702 0.4640824 -0.4917765 1.113597
11678543.1839 0.4639401 -0.4917204 1.113596
11678577.2466 0.4638079 -0.491512 1.113576
11678610.1642 0.4637185 -0.4914951 1.113653
11678643.1545 0.4636517 -0.4914078 1.113685
11678677.2598 0.4636197 -0.4913423 1.113688
11678710.1725 0.4633296 -0.4911595 1.113483
11678743.1698 0.4632683 -0.4911349 1.11354
11678777.2587 0.4631091 -0.4910115 1.113403
11678810.1735 0.4630577 -0.4909329 1.113393
11678843.1543 0.4628642 -0.4907095 1.113231
11678877.2395 0.4626476 -0.4910496 1.11309
11678910.1646 0.4624137 -0.4914649 1.112914
11678943.1561 0.462167 -0.4916212 1.112785
11678977.2536 0.4618964 -0.4917762 1.112629
11679010.1602 0.4617055 -0.4918701 1.112561
11679043.1558 0.4615654 -0.491809 1.112543
11679077.2381 0.4612153 -0.49185 1.11225
11679110.1615 0.4609692 -0.4916781 1.112098
11679143.1666 0.4607892 -0.4915506 1.111936
11679177.2608 0.460658 -0.4914976 1.111842
11679210.1612 0.4605034 -0.4914526 1.111741
11679243.2188 0.4602871 -0.4914662 1.111531
11679277.2437 0.4603629 -0.4906383 1.111798
11679310.1691 0.4603347 -0.4899908 1.111863
11679343.1607 0.4602013 -0.4893598 1.111798
11679377.2463 0.4601247 -0.4888308 1.111809
11679410.1619 0.4600652 -0.4882276 1.111847
11679443.1456 0.4599651 -0.4882367 1.112017
11679477.2509 0.4598509 -0.4880817 1.111959
11679510.1567 0.4597988 -0.4880899 1.112137
11679543.1502 0.4595906 -0.4878748 1.111865
11679577.2502 0.4593261 -0.4875998 1.111427
11679610.1703 0.4592178 -0.4876315 1.111715
11679643.1491 0.4591783 -0.4875914 1.111732
11679677.2569 0.4591414 -0.487611 1.111788
11679710.1701 0.4590788 -0.4876455 1.111767
11679743.1509 0.4587348 -0.4875132 1.111238
11679777.2599 0.4585986 -0.4878215 1.111226
11679810.1808 0.4585498 -0.4879625 1.111294
11679843.1564 0.4585706 -0.4878869 1.111399
11679877.3179 0.4585974 -0.4880656 1.111656
11679910.1568 0.4585185 -0.4881749 1.111751
11679943.1479 0.4584779 -0.4882542 1.111721
11679977.2684 0.4583763 -0.4884519 1.111629
11680010.1741 0.4583444 -0.4885053 1.111652
11680043.1583 0.4583207 -0.4884951 1.111642
11680077.2439 0.4582355 -0.488742 1.111557
11680110.1525 0.4582174 -0.4887931 1.111535
11680143.1518 0.458355 -0.4882284 1.11173
11680177.274 0.4583817 -0.4879512 1.111883
11680210.1612 0.4584304 -0.4876803 1.111943
11680243.1544 0.458432 -0.4873917 1.112002
11680277.2511 0.4582548 -0.4874946 1.111719
11680310.1782 0.4580823 -0.4879448 1.111507
11680343.1791 0.458056 -0.4879641 1.111492
11680377.2623 0.4580126 -0.4880825 1.111452
11680410.1804 0.4579529 -0.4882719 1.111457
11680443.1526 0.4579979 -0.488098 1.111522
11680477.2711 0.4580222 -0.4878822 1.111603
11680510.1698 0.4579886 -0.4879906 1.111548
11680543.1646 0.4579774 -0.4879663 1.111662
11680577.258 0.458019 -0.4878305 1.111734
11680610.1469 0.457927 -0.4880852 1.11167
11680643.1495 0.4579021 -0.4881584 1.111639
11680677.3074 0.4579908 -0.4878601 1.11175
11680710.1971 0.4580121 -0.4879862 1.111826
11680743.1636 0.4579671 -0.4881323 1.111786
11680777.2406 0.4579108 -0.4883508 1.111722
11680810.1558 0.4578472 -0.488571 1.111694
11680843.1568 0.4578035 -0.4887452 1.111601
11680877.2477 0.4577652 -0.4889085 1.11156
11680910.181 0.4577667 -0.4890301 1.111574
11680943.1544 0.4577276 -0.489078 1.111527
11680977.2446 0.4577588 -0.488843 1.111578
11681010.1786 0.457711 -0.4889203 1.11152
11681043.155 0.4576865 -0.4890244 1.111503
11681077.2451 0.4576463 -0.4891619 1.111421
11681110.1517 0.4577082 -0.4887693 1.111483
11681143.1522 0.4576302 -0.4888741 1.111297
11681177.2313 0.4575865 -0.4889433 1.111133
11681210.1592 0.4577194 -0.488445 1.111285
11681243.1753 0.4576788 -0.4885724 1.111235
11681277.2347 0.4577363 -0.4883673 1.111295
11681310.1749 0.4576929 -0.4885222 1.111243
11681343.1471 0.4578497 -0.4882183 1.111492
11681377.2447 0.4579277 -0.4880002 1.111598
11681410.2333 0.4580071 -0.4876575 1.111726
11681443.1514 0.4580542 -0.487514 1.111781
11681477.2468 0.4579889 -0.4877072 1.111735
11681510.1649 0.4579351 -0.4878798 1.111691
11681543.1786 0.4579771 -0.4876514 1.111742
11681577.24 0.4578873 -0.4879229 1.111663
11681610.2225 0.4577603 -0.4883218 1.111529
