99723865.5097 -0.1710007 -0.1735579 1.080324
99723899.4447 -0.1710182 -0.1735535 1.080303
99723932.5261 -0.171105 -0.1735783 1.080264
99723965.5033 -0.1711145 -0.1735973 1.080243
99723999.4461 -0.1711151 -0.1735514 1.080168
99724032.5103 -0.1711602 -0.1736189 1.080177
99724065.5007 -0.1711297 -0.1735996 1.080109
99724099.4956 -0.1713636 -0.1735652 1.079988
99724132.5204 -0.171352 -0.1735752 1.079938
99724165.5128 -0.171527 -0.1736176 1.079843
99724199.4387 -0.1715299 -0.1736286 1.079802
99724232.5161 -0.1715134 -0.1736153 1.079794
99724265.499 -0.1720803 -0.1744094 1.079738
99724299.4504 -0.1724331 -0.1749996 1.079811
99724332.5126 -0.1723933 -0.1749408 1.079752
99724365.512 -0.1724406 -0.1748532 1.079689
99724399.44 -0.1727926 -0.1755013 1.07977
99724432.5149 -0.1731541 -0.1758792 1.079731
99724465.5068 -0.1729733 -0.175871 1.079712
99724499.4533 -0.172887 -0.1757393 1.079638
99724532.5142 -0.1729583 -0.1756041 1.079498
99724565.5132 -0.1732187 -0.1760214 1.079487
99724599.4367 -0.1731846 -0.1760089 1.079454
99724632.5268 -0.1731155 -0.1759528 1.079409
99724665.5117 -0.1731074 -0.1759455 1.079387
99724699.434 -0.1730477 -0.1758116 1.07927
99724732.5188 -0.1730397 -0.1757106 1.079231
99724765.5103 -0.173234 -0.1763409 1.079137
99724799.4367 -0.1732146 -0.1762943 1.079146
99724832.5108 -0.1730918 -0.1762782 1.079211
99724865.5085 -0.1730176 -0.176297 1.079179
99724899.4299 -0.173008 -0.1762817 1.079117
99724932.5122 -0.1729035 -0.1762858 1.079085
99724965.5037 -0.1728856 -0.1761517 1.078914
99724999.4354 -0.1728966 -0.1760705 1.078847
99725032.5099 -0.1728671 -0.1759322 1.078592
99725065.5048 -0.1728213 -0.1758484 1.078539
99725099.4496 -0.1728394 -0.1757258 1.078419
99725132.52 -0.172879 -0.1756967 1.078386
99725165.5062 -0.172893 -0.1756702 1.07836
99725199.435 -0.1729191 -0.1756656 1.078336
99725232.5144 -0.1734316 -0.1764556 1.078616
99725265.4982 -0.1733897 -0.1762812 1.078545
99725299.4361 -0.1733971 -0.1762823 1.078543
99725332.5208 -0.1733685 -0.1762572 1.078508
99725365.5 -0.1733058 -0.1760748 1.078442
99725399.4428 -0.173114 -0.1758478 1.078183
99725432.5099 -0.1731118 -0.1758642 1.078187
99725465.497 -0.1729726 -0.1759044 1.0782
99725499.4266 -0.1729024 -0.1757874 1.078101
99725532.5069 -0.1728526 -0.1757821 1.07808
99725565.5009 -0.1728396 -0.1757502 1.078063
99725599.4305 -0.1728243 -0.175779 1.078072
99725632.5173 -0.1728342 -0.1757821 1.07802
99725665.4916 -0.1728297 -0.1757851 1.078013
99725699.4418 -0.1728452 -0.175752 1.077957
99725732.5089 -0.1726944 -0.1756717 1.077985
99725765.4935 -0.1726118 -0.1755543 1.077899
99725799.4354 -0.1726373 -0.1755401 1.077852
99725832.5198 -0.1726211 -0.1755189 1.077807
99725865.5072 -0.1724647 -0.1753607 1.077785
99725899.4274 -0.1723292 -0.175341 1.077713
99725932.5122 -0.1723817 -0.1753678 1.077603
99725965.4984 -0.1723519 -0.1754163 1.077502
99725999.4301 -0.1722811 -0.1753124 1.077386
99726032.5186 -0.1723308 -0.175278 1.077352
99726065.5163 -0.1723319 -0.1753072 1.077354
99726099.4459 -0.1720876 -0.1756225 1.077655
99726132.5212 -0.1720914 -0.1756428 1.077673
99726165.4959 -0.1720529 -0.1758185 1.077785
99726199.4235 -0.1721016 -0.1759628 1.077881
99726232.5091 -0.1724371 -0.17656 1.077942
99726265.4916 -0.1730579 -0.1776738 1.078013
99726299.4303 -0.173113 -0.1776499 1.077993
99726332.5064 -0.17395 -0.1786194 1.078212
99726365.5013 -0.174011 -0.1786711 1.078325
99726399.4527 -0.1740071 -0.1786812 1.078326
99726432.5214 -0.1740543 -0.1785875 1.078439
99726465.5019 -0.1740566 -0.1786579 1.078438
99726499.4406 -0.1748648 -0.1786831 1.078432
99726532.52 -0.1704668 -0.1314165 1.084244
99726565.5013 -0.1775487 -0.176133 1.080581
99726599.4469 -0.1775651 -0.1762791 1.080569
99726632.5099 -0.1775136 -0.1763665 1.080513
99726665.5052 -0.1774656 -0.1767422 1.08032
99726699.427 -0.1774349 -0.1767998 1.080321
99726732.5044 -0.1773427 -0.1769873 1.080187
99726765.4996 -0.1773286 -0.1770018 1.080169
99726799.4326 -0.1773856 -0.1769232 1.079998
99726832.5042 -0.1773181 -0.1770455 1.079965
99726865.4986 -0.1771114 -0.1772519 1.079751
99726899.4258 -0.177177 -0.1772513 1.07963
99726932.5027 -0.1771152 -0.1773734 1.079617
99726965.4968 -0.1770091 -0.1774458 1.079553
99726999.4281 -0.1769965 -0.1778049 1.079538
99727032.5103 -0.1768972 -0.177887 1.079478
99727065.4998 -0.176796 -0.1781186 1.079401
99727099.4377 -0.1767025 -0.1782238 1.079282
99727132.5081 -0.176571 -0.1782441 1.07934
99727165.491 -0.1764315 -0.1783772 1.079405
99727199.4342 -0.1763252 -0.1785355 1.079535
99727232.5288 -0.1761829 -0.1786358 1.079651
99727265.5167 -0.1760439 -0.1786333 1.07983
99727299.4221 -0.1759672 -0.1786822 1.079976
99727332.5118 -0.17563 -0.1792396 1.080384
99727365.5046 -0.1753202 -0.1794898 1.080799
99727399.4264 -0.1748722 -0.1797119 1.081336
99727432.5181 -0.1745778 -0.1797669 1.08188
99727465.5109 -0.1742484 -0.1798797 1.082522
99727499.4443 -0.1740087 -0.1797928 1.083708
99727532.5048 -0.1736514 -0.1796043 1.084612
99727565.5 -0.1732309 -0.1797059 1.085543
99727599.4289 -0.1725262 -0.1791513 1.086932
99727632.5099 -0.1719038 -0.1778747 1.088098
99727665.4998 -0.171304 -0.1764592 1.089842
99727699.4254 -0.1687178 -0.1707421 1.093545
99727732.5225 -0.168558 -0.1706076 1.094168
99727765.5095 -0.1663286 -0.1615932 1.097165
99727799.4223 -0.165007 -0.1560541 1.099904
99727832.5062 -0.1594497 -0.1384854 1.103599
99727865.5109 -0.1594191 -0.138503 1.103583
99727899.4229 -0.1592961 -0.1352673 1.104986
99727932.5027 -0.1583777 -0.1319515 1.106034
99727965.5037 -0.1577127 -0.1295997 1.106243
99727999.433 -0.1570633 -0.128593 1.106207
99728032.498 -0.156305 -0.1268837 1.106171
99728065.492 -0.1545095 -0.1238329 1.106137
99728099.4229 -0.1535766 -0.121108 1.106581
99728132.5093 -0.1524527 -0.118888 1.10668
99728165.4927 -0.14997 -0.1143379 1.107743
99728199.4194 -0.1485615 -0.1112926 1.107315
99728232.4988 -0.1469059 -0.1089559 1.106789
99728265.4892 -0.1434727 -0.1006148 1.107743
99728299.4225 -0.1417467 -0.09706657 1.107837
99728332.4999 -0.1412049 -0.09587314 1.108032
99728365.5013 -0.1345697 -0.07766305 1.114916
99728399.4301 -0.132288 -0.06674457 1.120067
99728432.5009 -0.1317701 -0.06307517 1.120763
99728465.4916 -0.1319039 -0.0592878 1.122216
99728499.4213 -0.1318786 -0.05169713 1.125069
99728532.5126 -0.1326967 -0.04877017 1.125444
99728565.5033 -0.1338942 -0.04707608 1.125104
99728599.4281 -0.1352315 -0.04339207 1.125005
99728632.5021 -0.1357244 -0.04262121 1.124002
99728665.4912 -0.1406806 -0.02467101 1.130764
99728699.4287 -0.1394586 -0.01979708 1.131493
99728732.4986 -0.1380989 -0.01398989 1.131324
99728765.4927 -0.137451 -0.006786587 1.130925
99728799.4268 -0.1371454 -0.0009183717 1.130656
99728832.514 -0.1369029 0.004280163 1.129793
99728865.4855 -0.1367713 0.01069607 1.128931
99728899.4209 -0.1373512 0.01535221 1.128585
99728932.506 -0.1379651 0.01563096 1.126607
99728965.5013 -0.1388958 0.01531175 1.125173
99728999.4178 -0.1382833 0.01685407 1.124549
99729032.5017 -0.1370352 0.04020024 1.129357
99729065.4814 -0.1350969 0.04419228 1.131239
99729099.4279 -0.1345693 0.04768211 1.13103
99729132.5093 -0.1343303 0.04991215 1.131666
99729165.4881 -0.1267863 0.04198676 1.114388
99729199.4264 -0.1219102 0.05395612 1.12294
99729232.5075 -0.1409589 0.04784887 1.132211
99729265.483 -0.1378431 0.05313747 1.134065
99729299.4147 -0.1268992 0.04012206 1.109626
99729332.5052 -0.1375518 0.05481539 1.135969
99729365.4881 -0.1305148 0.0545045 1.131823
99729399.4375 -0.1304455 0.0544782 1.132069
99729432.5095 -0.1292622 0.05534654 1.130102
99729465.5035 -0.1420896 0.02633294 1.11568
99729499.4295 -0.1424319 0.02554875 1.115714
99729532.5118 -0.1427104 0.02494502 1.115389
99729565.4922 -0.1430928 0.023621 1.114991
99729599.4231 -0.1372853 0.03610015 1.123218
99729632.503 -0.1436203 0.02462848 1.115497
99729665.4883 -0.1457223 0.02122872 1.113922
99729699.4217 -0.1383615 0.03071567 1.119443
99729732.4995 -0.1448465 0.02257637 1.114003
99729765.4902 -0.1447999 0.0217073 1.114002
99729799.4219 -0.1410046 0.02635732 1.117222
99729832.4943 -0.1424749 0.02271294 1.116314
99729865.5052 -0.1427452 0.02196073 1.116144
99729899.4196 -0.1434702 0.02094285 1.115958
99729932.497 -0.1435928 0.02082755 1.115957
99729965.4939 -0.1438698 0.0208134 1.11611
99729999.4149 -0.143952 0.02068113 1.116101
99730032.496 -0.1440019 0.02061036 1.116556
99730065.4916 -0.1422386 0.02013744 1.118417
99730099.4237 -0.1422819 0.02004259 1.118812
99730132.5007 -0.1424454 0.01995535 1.119332
99730165.4779 -0.1427446 0.01998002 1.119975
99730199.4157 -0.1423961 0.02186575 1.12235
99730232.4947 -0.1425065 0.02139201 1.122598
99730265.4883 -0.1424909 0.02107105 1.122886
99730299.4159 -0.1430671 0.01937391 1.122859
99730332.5069 -0.1432525 0.01782533 1.122219
99730365.4816 -0.1433351 0.015625 1.121605
99730399.4112 -0.1435486 0.01385617 1.121236
99730432.4939 -0.1439714 0.01213247 1.121022
99730465.4818 -0.1454639 0.00483691 1.117895
99730499.4225 -0.146559 0.001748785 1.117059
99730532.4999 -0.1472017 -0.002049615 1.116978
99730565.484 -0.1476401 -0.01920165 1.112899
99730599.4186 -0.1477689 -0.01048558 1.120516
99730632.498 -0.1507023 -0.0173518 1.11843
99730665.4769 -0.1521433 -0.0209167 1.116724
99730699.4139 -0.1523179 -0.02113192 1.116811
99730732.4995 -0.1541612 -0.02890289 1.114055
99730765.4844 -0.1549954 -0.03151346 1.113097
99730799.4088 -0.155259 -0.03193214 1.113283
99730832.4952 -0.1548045 -0.02231275 1.125523
99730865.4896 -0.1567922 -0.03209547 1.117661
99730899.4094 -0.1565559 -0.03303702 1.117688
99730932.4986 -0.1563132 -0.03545475 1.117076
99730965.4914 -0.1560415 -0.03616285 1.117052
99730999.4153 -0.1556944 -0.03795185 1.116834
99731032.4923 -0.1555015 -0.03945322 1.116502
99731065.4826 -0.1554519 -0.04000714 1.116883
99731099.4127 -0.1553606 -0.04098488 1.117307
99731132.4913 -0.1551837 -0.04201678 1.117835
99731165.4877 -0.154826 -0.04309503 1.118135
99731199.4297 -0.1547366 -0.04460993 1.118602
99731232.491 -0.1546422 -0.04615972 1.118813
99731265.4834 -0.154208 -0.06060677 1.113437
99731299.4242 -0.1537679 -0.05847687 1.115155
99731332.5003 -0.1544596 -0.06266303 1.113624
99731365.4808 -0.1546241 -0.06444695 1.113495
99731399.417 -0.1546078 -0.06338945 1.116174
99731432.4931 -0.1543824 -0.06369367 1.116876
99731465.4875 -0.1550963 -0.06711137 1.11609
99731499.4192 -0.1550599 -0.06806766 1.115924
99731532.4962 -0.1544187 -0.06867795 1.11579
99731565.4869 -0.1542815 -0.06862488 1.116759
99731599.424 -0.1536973 -0.07070672 1.116373
99731632.4968 -0.1535394 -0.07170492 1.116162
99731665.4912 -0.1534954 -0.0721346 1.11632
99731699.418 -0.1534508 -0.07269137 1.116481
99731732.4896 -0.1532041 -0.07467428 1.116164
99731765.4849 -0.153423 -0.07557476 1.116254
99731799.4166 -0.153259 -0.07819842 1.115483
99731832.4984 -0.1529487 -0.07989901 1.115733
99731865.5134 -0.1528746 -0.08103155 1.115898
99731899.4225 -0.1531041 -0.08254132 1.115889
99731932.4851 -0.1535024 -0.08569779 1.115876
99731965.4824 -0.1537704 -0.08740452 1.116232
99731999.4088 -0.1539925 -0.08919743 1.116526
99732032.4906 -0.153769 -0.09082992 1.117322
99732065.4801 -0.1535253 -0.09131362 1.117475
99732099.427 -0.1528368 -0.09178206 1.118259
99732132.49 -0.1530734 -0.09566583 1.118125
99732165.4754 -0.1531038 -0.09890782 1.118035
99732199.4194 -0.1528912 -0.1004435 1.118699
99732232.4935 -0.1531704 -0.1027936 1.118919
99732265.4756 -0.1535936 -0.1047277 1.118689
99732299.4217 -0.1535438 -0.106351 1.118697
99732332.4896 -0.153646 -0.1097497 1.118451
99732365.482 -0.1533014 -0.1109283 1.118189
99732399.4289 -0.153494 -0.1154708 1.117464
99732432.4988 -0.1529089 -0.1235533 1.113904
99732465.4916 -0.1529833 -0.1243945 1.113493
99732499.4287 -0.1528989 -0.1244412 1.113465
99732532.49 -0.1528217 -0.1244891 1.11348
99732565.4865 -0.15322 -0.1266046 1.112721
99732599.4129 -0.1534485 -0.126629 1.112873
99732632.4997 -0.153452 -0.1266523 1.112846
99732665.4773 -0.1534677 -0.1266658 1.112871
99732699.4225 -0.1534903 -0.1266633 1.112844
99732732.4982 -0.1535745 -0.1267675 1.112792
99732765.4861 -0.1536292 -0.1269144 1.112673
99732799.4104 -0.1546764 -0.1280079 1.112865
99732832.4964 -0.1547089 -0.1286026 1.112519
99732865.49 -0.1557616 -0.1302757 1.112574
99732899.4151 -0.1567595 -0.1315944 1.112613
99732932.4851 -0.1576097 -0.1335305 1.112449
99732965.4803 -0.1598405 -0.1403531 1.111827
99732999.4092 -0.1599186 -0.1406026 1.111825
99733032.4853 -0.1600185 -0.1407921 1.111889
99733065.4756 -0.1650233 -0.1594892 1.107508
99733099.4131 -0.166209 -0.1634722 1.107026
99733132.4847 -0.1668606 -0.1663433 1.106735
99733165.4779 -0.1675603 -0.1683458 1.106546
99733199.4096 -0.1680426 -0.1699992 1.106228
99733232.4902 -0.1681529 -0.1708557 1.105602
99733265.474 -0.1684131 -0.1717045 1.105228
99733299.4049 -0.1687229 -0.1727564 1.104714
99733332.4962 -0.1698139 -0.175881 1.103718
99733365.482 -0.1701785 -0.1763829 1.103387
99733399.4047 -0.1706926 -0.1774369 1.102654
99733432.4857 -0.1714502 -0.1792194 1.101159
99733465.4748 -0.1716583 -0.179588 1.100721
99733499.4283 -0.1726443 -0.1795667 1.09958
99733532.49 -0.1729208 -0.1797255 1.097772
99733565.4791 -0.1735705 -0.1802209 1.096642
99733599.4285 -0.1738116 -0.181309 1.095848
99733632.4878 -0.174116 -0.181624 1.095535
99733665.4744 -0.1745757 -0.181822 1.094957
99733699.4049 -0.1757439 -0.1726693 1.078073
99733732.4904 -0.1755233 -0.1827441 1.093414
99733765.4816 -0.1772414 -0.1746467 1.076673
99733799.412 -0.1764289 -0.175391 1.076002
99733832.4861 -0.1761981 -0.1844644 1.091999
99733865.4744 -0.1763595 -0.1848312 1.091825
99733899.4159 -0.1751904 -0.1766824 1.075019
99733932.4982 -0.174998 -0.1769851 1.074881
99733965.482 -0.1741309 -0.177696 1.074899
99733999.4067 -0.1741343 -0.1782639 1.074832
99734032.4828 -0.1734833 -0.1789574 1.074736
99734065.4736 -0.1761356 -0.1867305 1.091078
99734099.4102 -0.1756347 -0.1868634 1.090212
99734132.4958 -0.1752404 -0.1871451 1.090243
99734165.4844 -0.1751322 -0.1872907 1.090238
99734199.4104 -0.1749146 -0.1873541 1.090099
99734232.4919 -0.1749759 -0.1876135 1.089647
99734265.4703 -0.174861 -0.1880092 1.089306
99734299.4065 -0.1748116 -0.1887333 1.089106
99734332.5044 -0.1747569 -0.1887907 1.089084
99734365.4861 -0.1746646 -0.1889586 1.089163
99734399.4018 -0.1746172 -0.1890384 1.089119
99734432.4923 -0.1745988 -0.1890601 1.089139
99734465.4719 -0.1747223 -0.1892254 1.089416
99734499.3954 -0.1746223 -0.189312 1.089498
99734532.4818 -0.1746867 -0.1893002 1.089291
99734565.4754 -0.1745411 -0.1894934 1.089663
99734599.4047 -0.1744706 -0.1894955 1.08962
99734632.4939 -0.1872607 -0.1904947 1.076843
99734665.4892 -0.1747942 -0.1895962 1.08962
99734699.4106 -0.1874029 -0.1903351 1.07703
99734732.4954 -0.175371 -0.1899794 1.090213
99734765.4881 -0.2138064 -0.1876972 1.069695
99734799.4186 -0.2143726 -0.1875322 1.072191
99734832.489 -0.2142986 -0.1871529 1.072271
99734865.4867 -0.2142042 -0.1870591 1.072259
99734899.4114 -0.2141906 -0.1869066 1.072082
99734932.4888 -0.2142484 -0.1867166 1.072164
99734965.4738 -0.2143617 -0.1866618 1.07279
99734999.4055 -0.2147063 -0.185359 1.072866
99735032.4861 -0.2147033 -0.186526 1.07218
99735065.4777 -0.214694 -0.1864652 1.072301
99735099.4053 -0.2147316 -0.1862382 1.072304
99735132.4847 -0.2147804 -0.1877878 1.071956
99735165.468 -0.2148331 -0.1885769 1.071631
99735199.4166 -0.2151387 -0.1896077 1.072384
99735232.4857 -0.2149386 -0.1898617 1.072378
99735265.4723 -0.2146266 -0.1901073 1.071684
99735299.4242 -0.2149094 -0.1903589 1.072528
99735332.49 -0.2149239 -0.1905542 1.07309
99735365.4713 -0.2147886 -0.190983 1.07269
99735399.4088 -0.2148721 -0.1910874 1.073112
99735432.4865 -0.2145057 -0.1895818 1.072927
99735465.4625 -0.2144936 -0.1900854 1.072667
99735499.4049 -0.2150909 -0.1908956 1.07363
99735532.4822 -0.2149931 -0.1876833 1.07315
99735565.4775 -0.2139436 -0.1893267 1.073285
99735599.4145 -0.2139691 -0.189929 1.07256
99735632.4898 -0.213886 -0.1900626 1.072545
99735665.483 -0.2139552 -0.1895092 1.072667
99735699.4049 -0.2139111 -0.1898804 1.072541
99735732.4814 -0.2138319 -0.190778 1.071957
99735765.4717 -0.2145454 -0.1914065 1.073897
99735799.4038 -0.2144524 -0.1916257 1.072216
99735832.4796 -0.2151259 -0.1884311 1.072911
99735865.4637 -0.2149885 -0.1880858 1.072484
99735899.4061 -0.2152662 -0.1866494 1.07265
99735932.4785 -0.1690645 -0.1268128 1.094534
99735965.4643 -0.1768946 -0.1925809 1.087431
99735999.4096 -0.1683735 -0.1263403 1.093763
99736032.482 -0.1686193 -0.1261151 1.093558
99736065.4875 -0.1737731 -0.1644761 1.090683
99736099.418 -0.176982 -0.1918874 1.087216
99736132.4913 -0.1689293 -0.1250401 1.090128
99736165.4824 -0.1856124 -0.1923893 1.094433
99736199.4207 -0.185594 -0.1924512 1.094246
99736232.4878 -0.1813151 -0.192551 1.091173
99736265.4764 -0.179942 -0.1923613 1.089945
99736299.4098 -0.1802894 -0.192531 1.090405
99736332.4929 -0.1696766 -0.1252195 1.08944
99736365.4754 -0.1771149 -0.192208 1.087413
99736399.4022 -0.1774386 -0.192134 1.087748
99736432.4767 -0.1775681 -0.1920048 1.087822
99736465.4682 -0.1812584 -0.1919451 1.090439
99736499.3967 -0.1699511 -0.1899384 1.084608
99736532.4765 -0.1700625 -0.1244064 1.089393
99736565.473 -0.1859001 -0.1916968 1.092161
99736599.4145 -0.2245831 -0.1838724 1.099794
99736632.4783 -0.2246378 -0.1836762 1.100088
99736665.4793 -0.2174789 -0.1879131 1.075826
99736699.418 -0.217214 -0.1894927 1.075292
99736732.4777 -0.2165775 -0.1850246 1.074386
99736765.473 -0.2113138 -0.1377751 1.0763
99736799.4116 -0.1786298 -0.1914494 1.088774
99736832.4874 -0.1786406 -0.1914434 1.088791
99736865.4695 -0.1656741 -0.1258803 1.09582
99736899.402 -0.1814737 -0.1914253 1.090139
99736932.4847 -0.1799628 -0.191384 1.089842
99736965.4672 -0.1709284 -0.1242008 1.090402
99736999.394 -0.1838724 -0.1910581 1.090238
99737032.4853 -0.2186927 -0.181589 1.076398
99737065.4732 -0.2186772 -0.1815661 1.076443
99737099.4106 -0.2086535 -0.1384667 1.081098
99737132.497 -0.1781788 -0.1911678 1.089681
99737165.4775 -0.2158529 -0.1932864 1.072967
99737199.4006 -0.2157823 -0.1933652 1.073155
99737232.4952 -0.1673979 -0.1958664 1.087802
99737265.4682 -0.2171515 -0.1867377 1.076734
99737299.4262 -0.2158302 -0.1882234 1.074221
99737332.5069 -0.2160015 -0.1893068 1.074198
99737365.4734 -0.2157951 -0.190027 1.073798
99737399.394 -0.2163579 -0.1877461 1.07454
99737432.4808 -0.1682415 -0.1886089 1.087241
99737465.4695 -0.1678348 -0.19008 1.087049
99737499.3979 -0.1678038 -0.1915672 1.087047
99737532.4839 -0.1682175 -0.1926101 1.084844
99737565.4766 -0.1782984 -0.1911333 1.089675
99737599.403 -0.1732068 -0.1230687 1.088973
99737632.4832 -0.1789311 -0.1910266 1.089664
99737665.4764 -0.1673958 -0.1959148 1.085714
99737699.3975 -0.1972537 -0.1953852 1.07827
99737732.4941 -0.215363 -0.1931108 1.073911
99737765.4709 -0.2138696 -0.1838145 1.073901
99737799.4051 -0.2135915 -0.1857545 1.073917
99737832.4935 -0.2141976 -0.1886262 1.074331
99737865.4678 -0.2121541 -0.188781 1.073405
99737899.4049 -0.1659155 -0.1910599 1.085386
99737932.4777 -0.1658648 -0.1911861 1.08545
99737965.4619 -0.1659023 -0.1918209 1.085383
99737999.3985 -0.2141252 -0.1895836 1.07421
99738032.5288 -0.2141716 -0.1905708 1.073997
99738065.4658 -0.2137786 -0.1903942 1.072742
99738099.4057 -0.2138812 -0.1904266 1.073425
99738132.4933 -0.2138273 -0.1909713 1.073564
99738165.491 -0.2138503 -0.1908793 1.074048
99738199.4408 -0.2138495 -0.1912459 1.074087
99738232.4783 -0.2131275 -0.1833468 1.074458
99738265.4608 -0.2128138 -0.1852537 1.073455
99738299.4045 -0.2128126 -0.1860971 1.073711
99738332.4917 -0.1656997 -0.189267 1.083413
99738365.4664 -0.1654763 -0.1895904 1.084046
99738399.4063 -0.1693217 -0.1244024 1.092142
99738432.4783 -0.1753308 -0.1917454 1.089157
99738465.4658 -0.1657814 -0.1938341 1.083498
99738499.3921 -0.1752506 -0.1917876 1.089202
99738532.4798 -0.1656558 -0.1938299 1.083526
99738565.4656 -0.165358 -0.1939799 1.083538
99738599.401 -0.1751212 -0.1917956 1.089618
99738632.4783 -0.1650432 -0.1941693 1.084166
99738665.4662 -0.1747785 -0.1919837 1.08987
99738699.4008 -0.1647317 -0.1941464 1.085426
99738732.5073 -0.1743405 -0.1910065 1.091031
99738765.4606 -0.1738469 -0.1902682 1.092017
99738799.4104 -0.1731251 -0.1885934 1.094443
99738832.4832 -0.1720841 -0.186836 1.096574
99738865.4617 -0.1708407 -0.1830878 1.101214
99738899.4233 -0.2116248 -0.1882623 1.09209
99738932.481 -0.2110134 -0.1862361 1.097276
99738965.4693 -0.1716575 -0.173886 1.128428
99738999.396 -0.1768085 -0.1680435 1.143644
99739032.5247 -0.1704657 -0.1160737 1.17731
99739065.4588 -0.1739869 -0.112781 1.18531
99739099.4008 -0.1809536 -0.08927156 1.209324
99739132.4937 -0.1816045 -0.06402575 1.229925
99739165.4627 -0.183967 -0.04780875 1.246707
99739199.3964 -0.1843237 -0.02160371 1.270431
99739232.4886 -0.1841535 0.002440326 1.288415
99739265.4629 -0.1834768 0.01290004 1.294051
99739299.3958 -0.1873059 0.01832129 1.300584
99739332.4892 -0.1868623 0.05391013 1.330505
99739365.4549 -0.178287 0.0735097 1.342807
99739399.3862 -0.1737542 0.09674753 1.36004
99739432.4718 -0.1572968 0.124269 1.386916
99739465.458 -0.1599754 0.1186755 1.372401
99739499.3917 -0.1583622 0.1170853 1.372271
99739532.4687 -0.155199 0.119203 1.379016
99739565.4738 -0.1187125 0.1563379 1.422563
99739599.3911 -0.1069239 0.1580308 1.421153
99739632.4763 -0.08341323 0.1697548 1.429397
99739665.4678 -0.05194364 0.1675625 1.461815
99739699.4086 -0.03359175 0.1551328 1.493353
99739732.4752 -0.03866153 0.1516465 1.528493
99739765.4643 -0.03663177 0.1502022 1.538136
99739799.3891 -0.03417081 0.1493832 1.554665
99739832.4759 -0.03006477 0.1438084 1.553343
99739865.4629 -0.02677519 0.1411823 1.552554
