485105752.7026 0.4298244 -0.3741572 1.215188
485105786.7636 0.429854 -0.3733112 1.215273
485105819.6989 0.433887 -0.4277029 1.208127
485105852.6867 0.4424769 -0.4281205 1.204821
485105886.7826 0.4423333 -0.4285325 1.205339
485105919.6835 0.43887 -0.4874977 1.200976
485105952.7046 0.4387824 -0.4874899 1.20087
485105986.7668 0.438775 -0.4874939 1.2009
485106019.6959 0.4337117 -0.4317302 1.206764
485106052.7158 0.4378015 -0.4873928 1.200531
485106086.7645 0.4378415 -0.487389 1.200522
485106119.6945 0.4378548 -0.487399 1.200526
485106152.6885 0.4378818 -0.4873989 1.200563
485106186.7926 0.4346885 -0.4346885 1.208706
485106219.6864 0.4395295 -0.4876213 1.201897
485106252.6894 0.4384373 -0.4486072 1.198128
485106286.84 0.438347 -0.4484963 1.197497
485106319.6968 0.4383891 -0.4484135 1.197135
485106352.6896 0.4384589 -0.4875925 1.201698
485106386.7781 0.437995 -0.452256 1.196489
485106419.7319 0.4379239 -0.4513184 1.197257
485106452.6807 0.4382977 -0.4873651 1.201361
485106486.7857 0.4381591 -0.4479711 1.197584
485106519.6951 0.4383357 -0.4874561 1.201841
485106552.6949 0.4382218 -0.4875455 1.202851
485106586.7682 0.4382933 -0.4340488 1.201749
485106619.6986 0.4379985 -0.4874918 1.202916
485106652.6852 0.4382088 -0.4331083 1.201395
485106686.761 0.4379604 -0.4875103 1.202998
485106719.6848 0.4381635 -0.4342665 1.201016
485106752.6935 0.4382774 -0.4341512 1.200444
485106786.7578 0.437772 -0.4873358 1.202614
485106819.7009 0.4377817 -0.4873231 1.202728
485106852.6892 0.4383805 -0.4340218 1.199983
485106886.7724 0.4378724 -0.4873267 1.20282
485106919.6954 0.4383133 -0.4341675 1.200694
485106952.6853 0.4378592 -0.4873114 1.202846
485106986.7652 0.4378143 -0.4872729 1.202611
485107019.6955 0.4380633 -0.4410973 1.19907
485107052.6916 0.4379361 -0.4448568 1.19855
485107086.7596 0.4379496 -0.4447866 1.198523
485107119.6821 0.437835 -0.4870917 1.202285
485107152.6963 0.43779 -0.4871325 1.20258
485107186.7799 0.4378379 -0.4871206 1.202528
485107219.7086 0.4380417 -0.4478208 1.198272
485107252.6825 0.4381416 -0.4464941 1.198351
485107286.7718 0.4385033 -0.4871619 1.202907
485107319.6866 0.4379021 -0.4501128 1.197842
485107352.6978 0.4379099 -0.4500974 1.197881
485107386.765 0.4384298 -0.4405352 1.199279
485107419.683 0.4385479 -0.4391117 1.199554
485107452.6947 0.4385341 -0.4436947 1.198919
485107486.7668 0.4385949 -0.4872433 1.203428
485107519.6853 0.438425 -0.4429476 1.199121
485107552.6825 0.4386787 -0.4874329 1.204096
485107586.7637 0.4382674 -0.4503684 1.19839
485107619.6916 0.4382564 -0.4503995 1.198431
485107652.6827 0.4382941 -0.4488185 1.198812
485107686.7601 0.4382043 -0.4489153 1.19929
485107719.6848 0.4382694 -0.4489163 1.199034
485107752.7182 0.4382651 -0.4488861 1.199062
485107786.7566 0.4382714 -0.4481124 1.199105
485107819.6862 0.4384935 -0.4417938 1.19973
485107852.6859 0.4385154 -0.442916 1.199256
485107886.7794 0.4385492 -0.4405825 1.199725
485107919.7192 0.4385017 -0.4411841 1.199675
485107952.6775 0.4385684 -0.439905 1.199767
485107986.7574 0.4384475 -0.4419767 1.199343
485108019.707 0.4383596 -0.4413654 1.199623
485108052.6916 0.4379305 -0.4870774 1.203345
485108086.767 0.4383932 -0.4370151 1.199383
485108119.6854 0.437936 -0.4871195 1.203279
485108152.6774 0.43864 -0.4351934 1.199302
485108186.7696 0.4383408 -0.4416654 1.198492
485108219.6893 0.4383164 -0.4417294 1.198548
485108252.6833 0.4382512 -0.4421618 1.198656
485108286.7624 0.4380253 -0.4431337 1.200398
485108319.6927 0.4380072 -0.4432536 1.20031
485108352.6826 0.4379418 -0.4431866 1.200072
485108386.8019 0.4378723 -0.4476404 1.199136
485108419.6945 0.4378578 -0.4485022 1.199008
485108452.6869 0.4379359 -0.4490861 1.198753
485108486.7561 0.4380466 -0.4497049 1.197991
485108519.6951 0.4380903 -0.4472392 1.198494
485108552.6838 0.4380678 -0.4474098 1.198075
485108586.7678 0.4379653 -0.44718 1.198705
485108619.7039 0.4379783 -0.4468638 1.198898
485108652.693 0.4379213 -0.4477413 1.198722
485108686.7684 0.4379033 -0.4474857 1.198741
485108719.702 0.433929 -0.4544861 1.205688
485108752.694 0.4379528 -0.4864937 1.199499
485108786.7611 0.4379423 -0.4865012 1.199555
485108819.6767 0.4379339 -0.4865439 1.199865
485108852.6724 0.4379357 -0.4865523 1.199896
485108886.7547 0.4379345 -0.4866023 1.200276
485108919.6867 0.4381855 -0.4506272 1.197101
485108952.6791 0.4381686 -0.4508654 1.197162
485108986.7549 0.4381318 -0.4508447 1.1972
485109019.7456 0.4384754 -0.4867676 1.201108
485109052.6871 0.4383727 -0.4486376 1.19737
485109086.7665 0.4383638 -0.4487568 1.197147
485109119.6842 0.4383455 -0.4487861 1.197228
485109152.6946 0.4383438 -0.4488885 1.197187
485109186.756 0.4383501 -0.4487775 1.196937
485109219.6913 0.4381809 -0.4489906 1.196697
485109252.6816 0.4381891 -0.4488857 1.196725
485109286.7706 0.4385769 -0.4401716 1.197913
485109319.689 0.4384713 -0.442621 1.197593
485109352.6912 0.4384547 -0.4436374 1.197579
485109386.7662 0.438562 -0.4872349 1.200837
485109419.697 0.4381068 -0.4512884 1.196385
485109452.6865 0.4384895 -0.4871988 1.200701
485109486.7553 0.4380579 -0.4509511 1.196142
485109519.689 0.4380219 -0.4508422 1.196386
485109552.6776 0.4380177 -0.4506968 1.19671
485109586.7612 0.4380642 -0.4502954 1.196888
485109619.6953 0.4378876 -0.4503841 1.196548
485109652.67 0.4379501 -0.4502547 1.196436
485109686.7647 0.4379923 -0.4503175 1.196425
485109719.6839 0.4379966 -0.45037 1.196523
485109752.6899 0.4379582 -0.4502929 1.196792
485109786.762 0.4380212 -0.4502327 1.196613
485109819.6788 0.4380303 -0.4502471 1.196576
485109852.674 0.438032 -0.4499317 1.196899
485109886.7469 0.4378798 -0.4496579 1.197656
485109919.6715 0.4378921 -0.4496598 1.197566
485109952.6836 0.4383635 -0.4876427 1.201899
485109986.7783 0.437877 -0.4507468 1.197383
485110019.6783 0.4379296 -0.4507471 1.19755
485110052.6702 0.4379451 -0.450684 1.197581
485110086.7567 0.4379881 -0.4510953 1.197605
485110119.6694 0.4384507 -0.4875632 1.201857
485110152.6708 0.4378625 -0.4537253 1.197322
485110186.7589 0.4379674 -0.4530759 1.197381
485110219.6807 0.4379522 -0.4529723 1.199311
485110252.6747 0.4382069 -0.4533295 1.198579
485110286.748 0.4386799 -0.4879087 1.202083
485110319.6763 0.440789 -0.4572747 1.203764
485110352.6756 0.4387286 -0.4466469 1.199136
485110386.7633 0.4357286 -0.4339995 1.208064
485110419.674 0.4386642 -0.4496655 1.198187
485110452.6684 0.438816 -0.4464876 1.199143
485110486.7532 0.4387799 -0.4498144 1.198574
485110519.6672 0.4395784 -0.4878829 1.202203
485110552.6788 0.4393655 -0.4423727 1.199138
485110586.7493 0.4394 -0.4423716 1.19928
485110619.676 0.4395491 -0.4423562 1.199262
485110652.6835 0.4361728 -0.4371636 1.207711
485110686.747 0.4400245 -0.446796 1.199654
485110719.6864 0.4397728 -0.4508048 1.199256
485110752.6779 0.4406561 -0.4880678 1.203062
485110786.7525 0.4424334 -0.4616174 1.205213
485110819.6837 0.4427056 -0.4558947 1.205318
485110852.6851 0.4363172 -0.4401498 1.208132
485110886.7551 0.439721 -0.4505539 1.196009
485110919.6699 0.4396306 -0.4511359 1.196645
485110952.7091 0.4396249 -0.4516003 1.196546
485110986.752 0.4395627 -0.4521949 1.19665
485111019.6812 0.4395317 -0.45252 1.196601
485111052.6862 0.440108 -0.4878808 1.20288
485111086.7579 0.4417259 -0.4642946 1.20514
485111119.6871 0.4404269 -0.4827927 1.203442
485111152.7028 0.4402645 -0.4857257 1.203171
485111186.7478 0.4394867 -0.4545846 1.197181
485111219.6761 0.4395375 -0.454557 1.197136
485111252.6886 0.4401618 -0.4861999 1.203112
485111286.7665 0.4393831 -0.4532732 1.197382
485111319.6693 0.4399527 -0.4881774 1.203098
485111352.6646 0.4394495 -0.4481647 1.198903
485111386.7457 0.4393999 -0.4482336 1.198765
485111419.6679 0.4392779 -0.4483607 1.198956
485111452.7009 0.4391787 -0.4483296 1.19869
485111486.7639 0.439186 -0.4481888 1.198794
485111519.6861 0.439609 -0.4398232 1.19984
485111552.6747 0.4397265 -0.4385451 1.199523
485111586.7395 0.4397792 -0.4373215 1.199423
485111619.6727 0.4397446 -0.4361772 1.19948
485111652.672 0.4397077 -0.4354529 1.199648
485111686.7597 0.4396523 -0.4347017 1.199589
485111719.6819 0.4394455 -0.4392447 1.198672
485111752.6751 0.4395581 -0.4351289 1.199185
485111786.7546 0.4396633 -0.4367038 1.202343
485111819.673 0.4381182 -0.4318798 1.200678
485111852.6822 0.4393277 -0.4255945 1.205436
485111886.7424 0.4340328 -0.3854766 1.204986
485112186.7417 0.4381879 -0.4238001 1.206005
485112219.7045 0.4381907 -0.4235783 1.205979
485112252.6718 0.4381939 -0.4233498 1.205906
485112286.7484 0.4382484 -0.4231669 1.2058
485112319.6722 0.4383051 -0.4230337 1.205773
485112352.6715 0.4383386 -0.422849 1.205766
485112386.7613 0.4386607 -0.4227695 1.205987
485112419.6621 0.4388151 -0.4227083 1.205951
485112452.6791 0.4372685 -0.4013456 1.195118
485112486.7717 0.4372739 -0.4013429 1.195118
485112519.6664 0.4372471 -0.4012106 1.195171
485112552.6838 0.4373079 -0.4012029 1.195347
485112586.7456 0.4373051 -0.401017 1.195461
485112619.6731 0.437279 -0.4010064 1.195477
485112652.6671 0.4371793 -0.4009126 1.195569
485112686.8176 0.4371955 -0.401031 1.195595
485112719.6646 0.4423279 -0.417347 1.204701
485112752.6665 0.4419847 -0.4185544 1.204971
485112786.7513 0.4419465 -0.4187449 1.20504
485112819.7133 0.4418936 -0.4181472 1.205052
485112852.6605 0.4418822 -0.4182296 1.204867
485112886.756 0.4382533 -0.4015877 1.196092
485112919.6679 0.4383463 -0.4015471 1.196198
485112952.6775 0.4384352 -0.4014814 1.196298
485112986.7418 0.4384747 -0.4015598 1.196385
485113019.6746 0.4385084 -0.4010664 1.19713
485113052.6715 0.4386518 -0.4011637 1.197252
485113086.737 0.4455293 -0.4175969 1.200253
485113119.7023 0.4452687 -0.4164491 1.198672
485113152.6692 0.4429052 -0.4052534 1.205852
485113186.7458 0.4459333 -0.4171438 1.198497
485113219.6856 0.4466269 -0.4176346 1.199616
485113252.671 0.4466518 -0.4173647 1.197675
485113286.7414 0.4468808 -0.4173802 1.197652
485113319.6771 0.4471363 -0.4181786 1.197621
485113352.6863 0.4482542 -0.4186991 1.195232
485113386.7568 0.448422 -0.4190791 1.195215
485113419.6625 0.4486268 -0.4191075 1.195171
485113452.6943 0.4489422 -0.4190246 1.195219
485113486.7376 0.4493786 -0.4188154 1.195309
485113519.6709 0.4500707 -0.4198582 1.194801
485113552.6735 0.455267 -0.4199694 1.194819
485113586.7427 0.4554848 -0.4194043 1.194892
485113619.6809 0.4557475 -0.4186768 1.194979
485113652.6683 0.4559871 -0.4172784 1.195137
485113686.7458 0.4563248 -0.4162579 1.195462
485113719.6745 0.4567178 -0.4163384 1.195733
485113752.6615 0.4625098 -0.3978525 1.193062
485113786.7324 0.4571572 -0.4158973 1.195407
485113819.6874 0.4624856 -0.399318 1.197954
485113852.6613 0.4541629 -0.4150783 1.192495
485113886.7568 0.4617463 -0.3975873 1.197964
485113919.6711 0.4617191 -0.398014 1.198261
485113952.6655 0.461728 -0.398016 1.198317
485113986.7352 0.4616978 -0.3984572 1.198849
485114019.6729 0.4616795 -0.3986903 1.199098
485114052.6678 0.4616817 -0.3986559 1.19917
485114086.7407 0.4617095 -0.3985654 1.198815
485114119.6682 0.4623284 -0.3973433 1.198676
485114152.6675 0.4628769 -0.3966486 1.198842
485114186.7462 0.4635206 -0.3966702 1.199353
485114219.6708 0.4642408 -0.3961297 1.199428
485114252.6669 0.4655927 -0.3954187 1.199858
485114286.7689 0.4666671 -0.3950267 1.200163
485114319.666 0.4681194 -0.3946525 1.200283
485114352.674 0.4815669 -0.3573913 1.19829
485114386.7416 0.4820071 -0.3570907 1.198159
485114419.6752 0.482329 -0.356767 1.197835
485114452.6701 0.4828743 -0.3565722 1.197226
485114486.7471 0.4643995 -0.4089059 1.190702
485114519.6812 0.4870616 -0.3552627 1.191146
485114552.6554 0.4659242 -0.407187 1.188184
485114586.7473 0.481495 -0.3719911 1.186705
485114619.6727 0.4815227 -0.3719593 1.186651
485114652.6593 0.4815779 -0.3718058 1.186626
485114686.7466 0.4805233 -0.3757375 1.185655
485114719.6745 0.4804956 -0.3759748 1.185553
485114752.6591 0.4803844 -0.3764597 1.18542
485114786.7328 0.4805123 -0.376108 1.185404
485114819.6755 0.4821017 -0.3718882 1.185651
485114852.6564 0.4827387 -0.3703525 1.185399
485114886.733 0.4898269 -0.3525711 1.18593
485114919.6761 0.4868773 -0.3598315 1.184491
485114952.682 0.4899792 -0.3514945 1.184825
485114986.7352 0.489895 -0.3515596 1.184673
485115019.6541 0.4919903 -0.3454784 1.184547
485115052.6632 0.4933723 -0.3410017 1.184182
485115086.739 0.4937212 -0.3393588 1.184388
485115119.6789 0.4939863 -0.3379528 1.184213
485115152.6618 0.49461 -0.3359223 1.184037
485115186.74 0.4953772 -0.3334747 1.184326
485115219.6963 0.4956903 -0.3321294 1.184328
485115252.6599 0.4962697 -0.3301314 1.183931
485115286.7365 0.4967079 -0.3286363 1.183832
485115319.7346 0.4967946 -0.3281075 1.18368
485115619.6633 0.5008225 -0.3173597 1.181955
485115652.6515 0.5014334 -0.3156032 1.181664
485115686.7569 0.5021484 -0.3136691 1.181615
485115719.6844 0.5021577 -0.3136567 1.181584
485115752.6775 0.528198 -0.3009833 1.176198
485115786.7427 0.5280306 -0.2999749 1.176521
485115819.666 0.5279949 -0.2990766 1.176653
485115852.6637 0.5279654 -0.297723 1.1767
485115886.7371 0.5283322 -0.2966919 1.176755
485115919.6744 0.5286307 -0.2956325 1.176884
485115952.6508 0.5288723 -0.2943343 1.176949
485115986.7323 0.5288242 -0.2933607 1.177019
485116019.7263 0.5286906 -0.292405 1.177326
485116052.6657 0.5283763 -0.291764 1.177156
485116086.7358 0.5282389 -0.2908179 1.177386
485116119.6563 0.5279067 -0.2895935 1.177676
485116152.6683 0.5272914 -0.2882708 1.17768
485116186.761 0.5266548 -0.2872735 1.177809
485116219.6614 0.5260271 -0.2854088 1.177912
485116252.6763 0.5254657 -0.2837448 1.177994
485116286.7271 0.5247202 -0.2824016 1.177637
485116319.6504 0.5240763 -0.2787584 1.177879
485116352.6572 0.5230202 -0.2778741 1.177845
485116386.7297 0.5220619 -0.2767539 1.177477
485116419.6929 0.5210701 -0.2730198 1.177661
485116452.6483 0.5200695 -0.2717656 1.177657
485116486.727 0.5229363 -0.2682968 1.177526
485116519.6573 0.5211586 -0.2648777 1.177887
485116552.6509 0.553628 -0.2642356 1.15605
485116586.7493 0.5533534 -0.262078 1.157694
485116619.6575 0.5533187 -0.2620909 1.157828
485116652.6593 0.5533023 -0.2620937 1.157785
485116686.7228 0.5527907 -0.2603408 1.158263
485116719.6482 0.5524738 -0.2581099 1.158764
485116752.6525 0.5522657 -0.2569434 1.159463
485116786.7295 0.5522024 -0.255769 1.158547
485116819.673 0.5517672 -0.255141 1.158901
485116852.6843 0.5517865 -0.2544748 1.158438
485116886.7272 0.5509034 -0.253882 1.159427
485117152.6634 0.5323812 -0.2425103 1.163931
485117186.7203 0.5285004 -0.2403117 1.165456
485117219.6564 0.53972 -0.2392882 1.15365
485117252.6578 0.5230348 -0.2358867 1.161988
485117286.7394 0.5377195 -0.2364178 1.152813
485117319.6623 0.5419658 -0.2351297 1.151214
485117352.6572 0.5151187 -0.2311206 1.163728
485117386.7601 0.49281 -0.2221028 1.171988
485117419.6486 0.4929661 -0.2215687 1.172036
485117452.6528 0.492725 -0.2202584 1.171498
485117486.7344 0.454371 -0.2466657 1.16426
485117519.6672 0.5019048 -0.2212444 1.165017
485117552.6571 0.5036082 -0.2185438 1.166118
485117586.7292 0.5026571 -0.2158495 1.168216
485117619.653 0.5031388 -0.214565 1.168624
485117652.6671 0.4943705 -0.2099726 1.167341
485117686.7396 0.4921723 -0.2117421 1.166812
485117719.6917 0.4610555 -0.2342668 1.166276
485117752.657 0.4750768 -0.2236852 1.166751
485117786.7365 0.477676 -0.2221706 1.166108
485117819.6509 0.4620751 -0.2362678 1.166164
485117852.6514 0.4611963 -0.2373153 1.166664
485117886.7338 0.4795749 -0.2244796 1.167577
485117919.6601 0.4834453 -0.2226183 1.16828
485117952.6524 0.4844059 -0.222362 1.16867
485117986.7454 0.5129369 -0.2178536 1.16724
485118019.645 0.4871176 -0.2314748 1.163288
485118052.6559 0.4677077 -0.243075 1.126106
485118086.7296 0.5331017 -0.2269008 1.158118
485118119.6464 0.4916748 -0.2352404 1.164552
485118152.6741 0.4917849 -0.2352759 1.164628
485118186.7289 0.4740517 -0.2432863 1.144552
485118219.6597 0.4729756 -0.2441083 1.143224
485118252.6697 0.472419 -0.2453355 1.142791
485118286.7221 0.4596928 -0.274664 1.169824
485118319.655 0.4590109 -0.2761467 1.169721
485118352.6506 0.4592158 -0.2771824 1.169913
485118386.7354 0.4600779 -0.2783614 1.170786
485118419.6444 0.5058501 -0.2409046 1.171808
485118452.6577 0.5057249 -0.2410706 1.171577
485118486.722 0.5056366 -0.2413149 1.171749
485118519.6586 0.5058607 -0.2412287 1.172055
485118552.6464 0.506056 -0.2412267 1.172308
485118586.7382 0.5593917 -0.2443203 1.150502
485118619.685 0.5593095 -0.2451085 1.149912
485118652.6396 0.5095451 -0.2442397 1.173738
485118686.7248 0.5615015 -0.2433882 1.140146
485118719.6885 0.561093 -0.2444596 1.140348
485118752.6517 0.5585116 -0.2464042 1.140534
485118786.7344 0.5586528 -0.2471637 1.140252
485118819.6484 0.558391 -0.2478704 1.13957
485118852.6449 0.558458 -0.2486193 1.13918
485118886.7211 0.5163369 -0.2520033 1.167766
485118919.6596 0.5166193 -0.2532196 1.167508
485118952.6467 0.5165139 -0.2543123 1.167323
485118986.7303 0.5165948 -0.2554534 1.167124
485119019.6557 0.5168349 -0.2568913 1.166738
485119052.6579 0.5169182 -0.2582505 1.166394
485119086.7189 0.5176117 -0.2592157 1.166267
485119119.6386 0.5182432 -0.2606902 1.165889
485119152.6425 0.5187898 -0.2619218 1.165657
485119186.7421 0.5192766 -0.2634389 1.165368
485119219.6474 0.5204462 -0.2651978 1.165348
485119252.6537 0.5212212 -0.2671648 1.165044
485119286.718 0.5214951 -0.2720337 1.164301
485119319.7194 0.5223824 -0.2743965 1.164231
485119352.6453 0.5231972 -0.276972 1.164248
485119386.7256 0.5236299 -0.2796451 1.164033
485119419.6481 0.5245115 -0.2812753 1.164601
485119452.6487 0.5250211 -0.2830255 1.165207
485119486.722 0.525511 -0.2847896 1.16641
485119519.6516 0.5254173 -0.2860537 1.167212
485119552.6456 0.501532 -0.310484 1.17751
485119586.7284 0.5011463 -0.31194 1.177338
485119619.6534 0.500595 -0.3140925 1.177784
485119652.6437 0.5001459 -0.3163767 1.178357
485119686.7133 0.4999179 -0.3176591 1.178863
485119719.6458 0.4989358 -0.3217596 1.179596
485119752.6426 0.4988976 -0.3221599 1.179762
485119786.7377 0.4989274 -0.3224193 1.179976
485119819.6435 0.4990393 -0.323284 1.1803
485119852.6543 0.4989483 -0.3248023 1.180486
485119886.7264 0.4990043 -0.326505 1.18083
485119919.6362 0.4968834 -0.3338428 1.181415
485119952.6454 0.497007 -0.3340994 1.181485
485119986.7171 0.4970086 -0.3347158 1.181471
485120019.6598 0.4970493 -0.3347958 1.181362
485120052.6411 0.4970884 -0.334941 1.181362
485120086.7165 0.4951107 -0.3405649 1.18102
485120119.6403 0.4908621 -0.3524037 1.179211
485120152.6568 0.4906583 -0.353288 1.179232
485120186.7421 0.4903966 -0.3540439 1.179373
485120219.6404 0.4875073 -0.3628252 1.179359
485120252.6488 0.5144253 -0.3236729 1.175779
485120286.7406 0.5134217 -0.3247972 1.175399
485120319.6513 0.5127867 -0.3258307 1.17531
485120352.6502 0.5121938 -0.3274342 1.175457
485120386.7539 0.5116203 -0.3285041 1.175484
485120419.6617 0.4739434 -0.3877543 1.188065
485120452.6463 0.4830856 -0.3867162 1.183188
485120486.727 0.4831141 -0.3867348 1.183265
485120519.6397 0.474619 -0.3908698 1.188465
485120552.6378 0.4740004 -0.3925418 1.18839
485120586.7095 0.4830651 -0.3904157 1.184129
485120619.6403 0.4747935 -0.3943696 1.189227
485120652.6544 0.4805284 -0.3966417 1.185177
485120686.7232 0.4744866 -0.3981976 1.191983
485120719.6462 0.4741877 -0.3992888 1.19217
485120752.6463 0.4738021 -0.4005784 1.192138
485120786.718 0.4732894 -0.4016598 1.192553
485120819.6648 0.4727766 -0.402806 1.192775
485120852.6375 0.470794 -0.403602 1.192095
485120886.7075 0.4703563 -0.4045441 1.19275
485120919.6334 0.4872759 -0.3611837 1.189082
485120952.6339 0.4712006 -0.4056061 1.191633
485120986.7204 0.4872698 -0.3621701 1.190058
485121019.6668 0.4872825 -0.3623006 1.190109
485121052.6513 0.4697926 -0.407889 1.192291
485121086.7173 0.4696512 -0.4084633 1.192206
485121119.6489 0.4694277 -0.4091468 1.192067
485121152.6766 0.4692622 -0.4097136 1.191969
485121186.7335 0.4690768 -0.410882 1.192078
485121219.6642 0.4688296 -0.4121541 1.192051
485121252.6422 0.4746029 -0.3970477 1.191868
485121286.7271 0.474739 -0.3968914 1.192108
485121319.648 0.476453 -0.3900124 1.192433
485121352.6449 0.4762022 -0.3908265 1.192763
485121386.7063 0.4760429 -0.3911495 1.192862
485121419.713 0.4758777 -0.3915721 1.192957
485121452.666 0.4680872 -0.4192752 1.191777
485121486.7212 0.4735563 -0.4018836 1.193583
485121519.6463 0.4755184 -0.391368 1.193751
485121552.6431 0.4679191 -0.4214044 1.191439
485121586.7173 0.467868 -0.4216695 1.191377
485121619.6472 0.4677446 -0.4226423 1.191147
485121652.647 0.4728092 -0.398237 1.192758
485121686.7133 0.4680316 -0.4237329 1.191062
485121719.6412 0.467845 -0.4239563 1.190862
485121752.634 0.4676951 -0.4251468 1.190623
485121786.7193 0.4676279 -0.425481 1.190632
485121819.6443 0.4675408 -0.4255611 1.190331
485121852.6399 0.4674979 -0.4257065 1.190171
485121886.7194 0.4674436 -0.4261867 1.190069
485122186.7261 0.4658118 -0.4346823 1.190782
485122219.6392 0.4653319 -0.4368249 1.19117
485122252.6406 0.4649675 -0.4368084 1.191124
485122286.7275 0.4643518 -0.4369465 1.191662
485122319.6529 0.4639555 -0.4369243 1.191809
485122352.6444 0.4636543 -0.436533 1.191899
485122386.7157 0.4633504 -0.4362763 1.191863
485122419.6301 0.4629999 -0.4362632 1.191913
485122452.6434 0.4626884 -0.436437 1.191748
485122486.7101 0.4624274 -0.4362834 1.191779
485122519.6532 0.4622532 -0.435662 1.191952
485122552.6444 0.461953 -0.4351937 1.192302
485122586.7124 0.4618099 -0.435078 1.192478
485122619.6333 0.4617249 -0.434909 1.19254
485122652.638 0.4616345 -0.4347858 1.192495
485122686.7228 0.4615219 -0.4346753 1.192509
485122719.6404 0.4613002 -0.434528 1.192697
485122752.6254 0.4612137 -0.4343515 1.192835
485122786.7049 0.461148 -0.4341225 1.192998
485122819.6418 0.460998 -0.4339554 1.193128
485122852.626 0.460898 -0.4338596 1.193218
485122886.7453 0.4608177 -0.4335053 1.19329
485122919.6412 0.4606992 -0.4332925 1.193567
485122952.6265 0.4606514 -0.432873 1.193627
485122986.7171 0.4606252 -0.4320625 1.193786
485123019.6352 0.4605021 -0.4318836 1.193941
485123052.6411 0.4604698 -0.4315437 1.194029
485123086.7152 0.4604038 -0.431428 1.194108
485123119.6399 0.4603203 -0.4313887 1.194157
485123152.6495 0.4601874 -0.4311363 1.19428
485123419.6342 0.4596196 -0.4300408 1.194767
485123452.6446 0.4595391 -0.4300934 1.194782
485123486.7077 0.4594753 -0.4300051 1.194839
485123519.6376 0.4594035 -0.4297147 1.194863
485123552.6325 0.4594047 -0.4295381 1.194912
485123586.7046 0.4593844 -0.4295389 1.194939
485123619.6386 0.4593285 -0.4295337 1.194974
485123652.6421 0.4592533 -0.4295231 1.195101
485123686.7199 0.4591852 -0.4295293 1.19513
485123719.631 0.4590358 -0.4295551 1.195225
485123752.6287 0.4589957 -0.4295732 1.195244
485123786.7115 0.4589743 -0.42957 1.19524
485123819.6422 0.4589318 -0.4295664 1.195229
485123852.642 0.4589029 -0.4295746 1.195295
485123886.7034 0.4588787 -0.4294718 1.195292
485123919.6219 0.4585805 -0.4320083 1.194977
485123952.6335 0.4585528 -0.4319007 1.194986
485123986.7064 0.4585068 -0.4317054 1.195074
485124019.6311 0.4584856 -0.4315192 1.195148
485124052.6333 0.4584394 -0.4314761 1.195103
485124086.7083 0.4584251 -0.4314738 1.195114
485124119.639 0.4584181 -0.4314302 1.195174
485124152.6408 0.4583981 -0.4314271 1.195136
485124186.7113 0.4584008 -0.4313056 1.195196
485124219.6326 0.4584037 -0.4311991 1.195214
485124252.625 0.4583678 -0.4309531 1.195157
485124286.7156 0.4583293 -0.4308426 1.195111
485124319.6307 0.4583299 -0.4307006 1.195158
485124352.6305 0.4583306 -0.4305443 1.195175
485124386.7252 0.4583012 -0.430443 1.195176
485124686.7018 0.4581793 -0.4295002 1.195177
485124719.6322 0.4581589 -0.4294754 1.195176
485124752.6221 0.4581239 -0.4293832 1.195191
485124786.7119 0.4580938 -0.4292068 1.19513
485124819.6328 0.4580489 -0.429171 1.195054
485124852.6227 0.4579534 -0.429187 1.194957
485124886.7408 0.4579392 -0.4292136 1.194958
485124919.6444 0.4578769 -0.4292781 1.194916
485124952.6348 0.4578465 -0.4291052 1.194787
485124985.7014 0.4578977 -0.4282157 1.194901
485125019.6417 0.4578542 -0.4277366 1.194879
485125052.6362 0.4578741 -0.4270119 1.194917
485125086.6976 0.4578854 -0.4264693 1.194976
485125119.6218 0.4578347 -0.4263684 1.194928
485125152.647 0.4578443 -0.4258649 1.194858
485125186.7413 0.4578048 -0.4256686 1.194777
485125219.6597 0.4576962 -0.4256366 1.194721
485125252.6274 0.4576748 -0.4256074 1.194697
485125286.7094 0.4577041 -0.4253397 1.194655
485125319.6238 0.4577058 -0.4252588 1.194686
485125352.6215 0.4576753 -0.4251616 1.194522
485125386.7428 0.4576284 -0.42509 1.194366
485125419.6539 0.4576233 -0.4250727 1.194354
485125452.6171 0.4576061 -0.425056 1.194303
485125486.7159 0.4575805 -0.425025 1.194248
485125519.6454 0.457574 -0.4248955 1.19408
485125552.6308 0.4575419 -0.4245902 1.193901
485125586.7033 0.4575376 -0.4244512 1.193862
485125619.6427 0.4575106 -0.424431 1.193786
485125652.6285 0.4575009 -0.4244273 1.19382
485125919.6276 0.4573994 -0.4238071 1.193544
