485152852.5435 0.4660454 -0.4245003 1.197433
485152886.6903 0.4661072 -0.4244606 1.197246
485152919.543 0.4660931 -0.4245973 1.197133
485152952.5276 0.4661305 -0.4246004 1.197154
485152986.6038 0.4661511 -0.4245993 1.197157
485153019.5412 0.4662047 -0.4243326 1.197174
485153052.5347 0.4662038 -0.424449 1.197185
485153086.6311 0.4662132 -0.4244241 1.197202
485153119.5286 0.4662189 -0.4244427 1.197253
485153152.5464 0.4662333 -0.4244333 1.197322
485153186.6185 0.466235 -0.4244264 1.19733
485153219.5382 0.4662487 -0.4243368 1.197348
485153252.5322 0.4662088 -0.4242858 1.197224
485153286.6318 0.4662325 -0.4243993 1.19735
485153319.5445 0.4662715 -0.4243791 1.197284
485153352.5332 0.466274 -0.4243703 1.197267
485153386.6049 0.4662691 -0.4243682 1.197263
485153419.5459 0.4662844 -0.4243847 1.197395
485153452.528 0.466293 -0.4243916 1.197405
485153486.6042 0.4663157 -0.4243885 1.197339
485153519.542 0.4663006 -0.4243988 1.197317
485153552.545 0.4663026 -0.4244234 1.19732
485153586.606 0.4663008 -0.4244795 1.197301
485153619.5721 0.4662926 -0.4245041 1.197306
485153652.5402 0.4662949 -0.4245045 1.197315
485153686.6197 0.4663104 -0.4244528 1.197376
485153719.5329 0.4663171 -0.4244545 1.197384
485153752.5527 0.4663242 -0.4244412 1.197394
485153786.6113 0.4663423 -0.4244496 1.197284
485153819.5326 0.4663415 -0.4244412 1.197294
485153852.5295 0.4663292 -0.4244399 1.19725
485153886.6262 0.4663357 -0.4244377 1.197196
485153919.5467 0.466342 -0.424456 1.197207
485153952.5547 0.4663313 -0.4245313 1.197249
485153986.6059 0.4663349 -0.4244907 1.197258
485154019.5284 0.4663391 -0.4244897 1.197268
485154052.5265 0.4663143 -0.4245141 1.197314
485154086.599 0.4663218 -0.4245229 1.197321
485154119.529 0.4663154 -0.4246118 1.197318
485154152.5275 0.4663094 -0.4246154 1.19731
485154186.6189 0.4663034 -0.4246526 1.197299
485154219.5292 0.466275 -0.4248355 1.197218
485154252.5343 0.4662555 -0.4249846 1.197206
485154286.6236 0.4662592 -0.4249341 1.197222
485154319.5252 0.4662753 -0.4249388 1.19727
485154352.5513 0.4662737 -0.4249194 1.19728
485154386.6414 0.4662791 -0.4249177 1.197286
485154419.5381 0.466265 -0.4249141 1.19721
485154452.5325 0.4662832 -0.4249399 1.197258
485154486.6026 0.4662898 -0.4249394 1.197267
485154519.5235 0.4663014 -0.4249159 1.197169
485154552.5339 0.4663244 -0.4248298 1.197075
485154586.6114 0.4663253 -0.4248348 1.197086
485154619.5315 0.4663346 -0.4248304 1.197085
485154652.5415 0.4663304 -0.4248267 1.197053
485154686.6123 0.4663456 -0.4248183 1.197024
485154719.5275 0.4663606 -0.4248194 1.197089
485154752.5548 0.4663752 -0.4248245 1.197107
485154786.64 0.4664061 -0.4245327 1.19716
485154819.5322 0.4663807 -0.4245291 1.197175
485154852.5496 0.4663693 -0.4244781 1.197062
485154886.6032 0.4663571 -0.4244613 1.197035
485154919.5258 0.466357 -0.42447 1.19709
485154952.5514 0.4663684 -0.4244696 1.197077
485154986.6018 0.4663607 -0.4244525 1.197012
485155019.5202 0.4663592 -0.4244963 1.197004
485155052.5204 0.4663418 -0.4246233 1.197007
485155086.6003 0.4663385 -0.4246725 1.197018
485155119.5384 0.4663337 -0.424605 1.197021
485155152.5246 0.4663205 -0.4245306 1.197085
485155186.6247 0.4662857 -0.4245402 1.197097
485155219.5255 0.466279 -0.4245884 1.197141
485155252.538 0.4662574 -0.4246114 1.197259
485155286.6096 0.4662341 -0.4246395 1.197304
485155319.5363 0.466221 -0.4246065 1.197306
485155352.5615 0.4662109 -0.4246063 1.197315
485155386.6094 0.4661881 -0.4246186 1.197361
485155419.5989 0.4661725 -0.4246259 1.197397
485155452.5539 0.4661438 -0.4245194 1.197365
485155486.6005 0.466132 -0.4245098 1.197396
485155519.521 0.4661092 -0.424521 1.197392
485155552.5278 0.4660812 -0.4246743 1.197463
485155586.5982 0.4660782 -0.4246761 1.197494
485155619.5237 0.4660639 -0.4246919 1.197524
485155652.5168 0.4660562 -0.4247347 1.197596
485155686.598 0.4660775 -0.4247773 1.197674
485155719.5242 0.466068 -0.4248323 1.197659
485155752.5256 0.4660738 -0.4248347 1.197665
485155786.5953 0.4660594 -0.4248478 1.197681
485155819.5425 0.4660596 -0.4248501 1.197696
485155852.5201 0.4660518 -0.4248646 1.197767
485155886.5938 0.4660547 -0.4248599 1.197762
485155919.5258 0.4660419 -0.4248137 1.197787
485155952.5292 0.4660454 -0.4248018 1.197782
485155986.596 0.4660632 -0.4247813 1.197801
485156019.535 0.4660595 -0.4247936 1.197794
485156052.5228 0.4660599 -0.4248209 1.197846
485156086.5974 0.4660468 -0.4248132 1.197895
485156119.5298 0.4660438 -0.4247971 1.197951
485156152.5246 0.4660458 -0.4248149 1.198006
485156186.5959 0.4660395 -0.4248888 1.19811
485156219.5279 0.4660304 -0.4248901 1.198037
485156252.5252 0.4660209 -0.4248879 1.198053
485156286.6002 0.4660167 -0.4249108 1.198058
485156319.5178 0.4660061 -0.4249424 1.19806
485156352.5233 0.4660096 -0.4249256 1.198051
485156386.6139 0.4659978 -0.424944 1.198039
485156419.5365 0.4659895 -0.4250057 1.198042
485156452.5256 0.4659802 -0.4250177 1.198049
485156486.5952 0.4659863 -0.4250264 1.198085
485156519.5256 0.465989 -0.4250248 1.19809
485156552.5298 0.465988 -0.4250467 1.198091
485156586.6126 0.4659468 -0.4250481 1.198061
485156619.5356 0.4659526 -0.4250521 1.198099
485156652.5177 0.4659891 -0.4250182 1.198042
485156686.6066 0.4659883 -0.4250581 1.198032
485156719.5185 0.4659901 -0.4250576 1.198026
485156752.5314 0.4659895 -0.4250551 1.197984
485156786.5981 0.4659819 -0.4250503 1.197979
485156819.5326 0.4659941 -0.4250481 1.197955
485156852.5619 0.4660234 -0.4250304 1.197847
485156886.6168 0.4660372 -0.4250028 1.197761
485156919.5258 0.4660567 -0.4249059 1.19771
485156952.5169 0.466081 -0.4248777 1.197673
485156986.5931 0.4660892 -0.4248775 1.1977
485157019.5297 0.4660909 -0.4248762 1.197697
485157052.522 0.4660945 -0.4248767 1.197696
485157086.6032 0.4660987 -0.4249655 1.197743
485157119.5212 0.4661409 -0.4249353 1.197784
485157152.5185 0.4661453 -0.4249184 1.197809
485157186.6087 0.46615 -0.4249377 1.197822
485157219.523 0.4661454 -0.4249006 1.197795
485157252.5219 0.466144 -0.4249259 1.197772
485157286.6199 0.466152 -0.4248412 1.197793
485157319.524 0.4661539 -0.4248301 1.197755
485157352.5188 0.4661382 -0.4248059 1.197753
485157386.5967 0.4661324 -0.4247534 1.197777
485157419.5496 0.4660859 -0.424792 1.197739
485157452.519 0.4660182 -0.4248414 1.197716
485157486.5907 0.4658701 -0.4248344 1.19767
485157519.5223 0.4656996 -0.42468 1.197701
485157552.5228 0.4655771 -0.424619 1.197694
485157586.6011 0.4651344 -0.4247985 1.197108
485157619.527 0.4649913 -0.4246763 1.19723
485157652.5246 0.4643313 -0.4276829 1.196974
485157686.5902 0.464135 -0.4273867 1.197202
485157719.5136 0.4639695 -0.4266173 1.19736
485157752.5199 0.4638559 -0.4263082 1.19739
485157786.6039 0.4636183 -0.4260214 1.197849
485157819.5273 0.4629669 -0.4292151 1.197555
485157852.5188 0.4627796 -0.4289267 1.197737
485157886.6143 0.4622361 -0.4307051 1.197671
485157919.5143 0.4621409 -0.4296091 1.197804
485157952.5301 0.4616621 -0.43227 1.197463
485157986.596 0.4613651 -0.4340328 1.19729
485158019.5112 0.4610052 -0.4354252 1.197127
485158052.5335 0.4610257 -0.4335489 1.197361
485158086.5949 0.4608662 -0.4338318 1.197323
485158119.5282 0.4605583 -0.4351053 1.197116
485158152.5246 0.4562165 -0.4066816 1.203698
485158186.5959 0.4562456 -0.4066962 1.203669
485158219.5247 0.4562875 -0.4066851 1.203586
485158252.5154 0.4572604 -0.4331431 1.195624
485158286.6051 0.4571505 -0.4137652 1.201101
485158319.5146 0.4568848 -0.4130798 1.2013
485158352.5094 0.4568944 -0.4122275 1.201767
485158386.5909 0.457537 -0.4375134 1.199921
485158419.5377 0.4569527 -0.4046941 1.205662
485158452.5428 0.4571867 -0.4048426 1.205914
485158486.6013 0.4580593 -0.438262 1.201751
485158519.5395 0.4571893 -0.4091423 1.206623
485158552.5347 0.4576481 -0.4375101 1.200711
485158586.5954 0.4577078 -0.4371897 1.200826
485158619.5192 0.4554947 -0.404719 1.199791
485158652.5246 0.4566465 -0.4371325 1.197965
485158686.6 0.4567225 -0.4047096 1.201745
485158719.5242 0.4568531 -0.4377523 1.198739
485158752.5154 0.4562376 -0.4039758 1.199791
485158786.5949 0.4569108 -0.4377425 1.198263
485158819.5166 0.4569659 -0.4044581 1.202724
485158852.5201 0.4569842 -0.4044642 1.202748
485158886.6587 0.4573081 -0.4377682 1.199636
485158919.5168 0.4471685 -0.4479485 1.196955
485158952.5128 0.4463883 -0.4484043 1.195899
485158986.5894 0.4463211 -0.4485866 1.19591
485159019.5149 0.446432 -0.448607 1.196898
485159052.5343 0.4460682 -0.4483753 1.19584
485159086.5982 0.4552474 -0.4047194 1.199792
485159119.5216 0.4468796 -0.4483442 1.195808
485159152.5218 0.4468537 -0.4480974 1.194677
485159186.5935 0.4470011 -0.4478816 1.195219
485159219.5123 0.456481 -0.4037243 1.20077
485159252.5088 0.45647 -0.4037243 1.200792
485159286.5936 0.4564884 -0.4039117 1.201013
485159319.5137 0.4454278 -0.448871 1.192147
485159352.5389 0.4567253 -0.4057029 1.200762
485159386.6049 0.4567303 -0.4410318 1.199086
485159419.5205 0.4476411 -0.4423061 1.19481
485159452.5264 0.4474894 -0.4423026 1.194827
485159486.5919 0.4464681 -0.4495607 1.194071
485159519.5136 0.446584 -0.4495753 1.194901
485159552.5093 0.4465909 -0.449576 1.195065
485159586.599 0.4465894 -0.4495741 1.195019
485159619.5072 0.4466072 -0.4495643 1.194969
485159652.5127 0.4475251 -0.4488664 1.194839
485159686.6091 0.4466538 -0.4489308 1.19366
485159719.5082 0.4465229 -0.4489211 1.193573
485159752.5166 0.447311 -0.4479202 1.194027
485159786.5932 0.4470403 -0.4490301 1.194562
485159819.5072 0.4469647 -0.4491609 1.194576
485159852.5652 0.4468877 -0.4491543 1.194584
485159886.5794 0.4467691 -0.4488437 1.19432
485159919.5315 0.446665 -0.4489273 1.194215
485159952.5247 0.4465849 -0.4488294 1.193772
485159986.5911 0.4465034 -0.4484068 1.19351
485160019.5153 0.4469872 -0.4481893 1.193365
485160052.5179 0.4470966 -0.4476175 1.193465
485160086.5847 0.4465852 -0.4482863 1.192656
485160119.5097 0.4465504 -0.4482819 1.1926
485160152.5086 0.4465004 -0.4482612 1.192584
485160186.5779 0.446544 -0.448243 1.192766
485160219.514 0.4466417 -0.4482162 1.19281
485160252.5113 0.4467375 -0.4477546 1.192891
485160286.5961 0.4479091 -0.4451437 1.194117
485160319.5125 0.4480777 -0.4449437 1.194154
485160352.5106 0.4485933 -0.4471743 1.192902
485160386.5798 0.4489045 -0.4471197 1.193008
485160419.5217 0.4496401 -0.4470915 1.192178
485160452.5243 0.4500092 -0.4468344 1.192532
485160486.5894 0.449866 -0.4464666 1.193023
485160519.5235 0.4500467 -0.4458779 1.193097
485160552.5926 0.4502898 -0.4456632 1.193388
485160586.5904 0.4519481 -0.4454821 1.19469
485160619.5179 0.4519989 -0.4452785 1.194651
485160652.5107 0.4513001 -0.4448313 1.194256
485160686.6099 0.4512935 -0.4446003 1.194385
485160719.5091 0.4522254 -0.4443687 1.194561
485160752.5145 0.4513243 -0.444254 1.194541
485160786.5887 0.4511843 -0.4441873 1.194689
485160819.5421 0.4510707 -0.4439911 1.194459
485160852.5242 0.4509116 -0.4436742 1.194204
485160886.5794 0.4508081 -0.4434815 1.19411
485160919.5172 0.4509012 -0.4432317 1.193804
485160952.5124 0.4499446 -0.4424705 1.192207
485160986.5903 0.4496905 -0.4418021 1.19197
485161019.5284 0.4492291 -0.4415452 1.192112
485161052.52 0.4491915 -0.4414843 1.19213
485161086.6068 0.4474351 -0.4352397 1.1921
485161119.5085 0.4524166 -0.4267154 1.20128
485161152.5189 0.4485112 -0.4346711 1.193275
485161186.6004 0.4487238 -0.4351893 1.192021
485161219.5197 0.448828 -0.4352927 1.191914
485161252.5158 0.449104 -0.4351209 1.191
485161286.5912 0.4494852 -0.4350158 1.19071
485161319.5068 0.4498369 -0.435055 1.190901
485161352.5118 0.4499034 -0.4343015 1.190555
485161386.5786 0.4505413 -0.4341835 1.191408
485161419.5028 0.4507708 -0.4337181 1.191946
485161452.5026 0.4510525 -0.4331406 1.192735
485161486.5898 0.4528056 -0.4328174 1.193714
485161519.5083 0.453485 -0.4283195 1.195179
485161552.5216 0.4536761 -0.4264645 1.195107
485161586.5752 0.4536043 -0.4254536 1.194595
485161619.5015 0.4534704 -0.4253778 1.194557
485161652.4992 0.4536247 -0.4244429 1.19402
485161686.5729 0.453797 -0.4239569 1.193794
485161719.5115 0.4538688 -0.4235668 1.193831
485161752.5076 0.4535164 -0.4238575 1.193599
485161786.5969 0.4533394 -0.4233065 1.193442
485161819.51 0.4527501 -0.4237953 1.193663
485161852.4995 0.4598207 -0.4109133 1.192656
485161886.5761 0.4522224 -0.4227803 1.190849
485161919.5053 0.451914 -0.4224874 1.190692
485161952.5518 0.4517663 -0.4221095 1.190567
485161986.5898 0.4516042 -0.4217067 1.189977
485162019.5132 0.4513299 -0.4212532 1.189266
485162052.5138 0.4512886 -0.4210686 1.18926
485162086.5834 0.4592274 -0.4068657 1.187073
485162119.5031 0.4762688 -0.3950408 1.198358
485162152.5041 0.4763382 -0.3941589 1.197727
485162186.5779 0.4765283 -0.3935413 1.197793
485162219.5054 0.4766705 -0.3927442 1.197744
485162252.5084 0.5005625 -0.3583938 1.195802
485162286.594 0.5021316 -0.354906 1.196342
485162319.501 0.5032997 -0.3525332 1.196216
485162352.5184 0.5043604 -0.3499167 1.195647
485162386.5774 0.5052004 -0.3477325 1.195254
485162419.5069 0.5061123 -0.3453277 1.194931
485162452.51 0.5069192 -0.3435706 1.194718
485162486.5701 0.5076512 -0.3404377 1.19374
485162519.4976 0.5085346 -0.3382695 1.193341
485162552.5044 0.5097821 -0.3340185 1.192618
485162586.5974 0.5101553 -0.3322508 1.192297
485162619.4982 0.5103511 -0.330786 1.191707
485162652.5173 0.5105625 -0.3282553 1.190856
485162686.5775 0.5419275 -0.3110895 1.179269
485162719.5045 0.5046118 -0.3255081 1.183125
485162752.5072 0.5051416 -0.323468 1.1823
485162786.592 0.5051183 -0.3231583 1.182019
485162819.5002 0.5051748 -0.3213365 1.181062
485162852.5036 0.5344064 -0.3027403 1.172609
485162886.595 0.5340204 -0.3011669 1.17318
485162919.5045 0.5332465 -0.2991032 1.173546
485162952.5046 0.5325287 -0.2970172 1.173667
485162986.5857 0.5308579 -0.2962492 1.17284
485163019.5124 0.528798 -0.2945711 1.172387
485163052.5085 0.4816782 -0.3203755 1.17248
485163086.5834 0.4922608 -0.3026816 1.173108
485163119.5138 0.5166088 -0.2849695 1.164138
485163152.509 0.5177009 -0.2839058 1.164031
485163186.5713 0.570393 -0.2753113 1.135595
485163219.4984 0.5109316 -0.2774005 1.161268
485163252.5088 0.5113992 -0.2757052 1.161824
485163286.5739 0.5653629 -0.2702155 1.133292
485163319.5084 0.5650876 -0.2690634 1.135123
485163352.4987 0.5629084 -0.2689764 1.137247
485163386.5786 0.5617466 -0.2679873 1.138879
485163419.5098 0.5059868 -0.2665137 1.164247
485163452.5005 0.5628424 -0.2608115 1.133208
485163486.5796 0.6717674 -0.2040997 1.138409
485163519.4915 0.6699821 -0.204296 1.139883
485163552.5085 0.5774148 -0.2526543 1.13205
485163586.5674 0.5766425 -0.2516192 1.13283
485163619.4994 0.5746476 -0.2506538 1.132985
485163652.5731 0.5730723 -0.2493988 1.13314
485163686.5836 0.5713453 -0.2483281 1.133048
485163719.4963 0.5519174 -0.2510153 1.140655
485163752.5018 0.5533431 -0.2490671 1.138323
485163786.5686 0.5549306 -0.2477544 1.137665
485163819.4916 0.555048 -0.2471582 1.13784
485163852.5829 0.555231 -0.2462664 1.13813
485163886.5815 0.5551491 -0.2458466 1.137956
485163919.5357 0.5551261 -0.245196 1.138298
485163952.505 0.5552289 -0.2446129 1.138227
485163986.5825 0.5553069 -0.2444138 1.13853
485164019.4997 0.5555664 -0.2443417 1.138674
485164052.5101 0.549307 -0.2452279 1.142251
485164086.597 0.5466968 -0.2454979 1.143901
485164119.5327 0.5456914 -0.245812 1.145242
485164152.5074 0.5452126 -0.2460701 1.146201
485164186.5758 0.5454668 -0.2462574 1.146642
485164219.4992 0.4931874 -0.2445491 1.164319
485164252.4916 0.5417625 -0.2488359 1.156271
485164286.5686 0.5424706 -0.2493211 1.156061
485164319.4883 0.5439357 -0.2498565 1.155394
485164352.5044 0.5452154 -0.2502143 1.154833
485164386.5761 0.5463903 -0.2505031 1.154197
485164419.5016 0.5476426 -0.2513005 1.153687
485164452.5034 0.5508853 -0.2532186 1.152189
485164486.5685 0.5542917 -0.2534629 1.151108
485164519.489 0.5561096 -0.2551261 1.149259
485164552.5044 0.511761 -0.2551918 1.168232
485164586.5871 0.5115229 -0.256308 1.168063
485164619.504 0.5113619 -0.2570968 1.167989
485164652.5029 0.5112487 -0.2580655 1.167844
485164686.5791 0.5110621 -0.2592569 1.167619
485164719.4893 0.5115463 -0.2603506 1.167558
485164752.4883 0.4826806 -0.2908968 1.177463
485164786.576 0.5176652 -0.2638708 1.169684
485164819.5174 0.4831837 -0.2918925 1.175499
485164852.4991 0.4836049 -0.2917511 1.17559
485164886.5733 0.4841742 -0.2915126 1.1758
485164919.4868 0.4807546 -0.2982337 1.173353
485164952.496 0.484269 -0.2955372 1.173979
485164986.5669 0.4861144 -0.2944067 1.174494
485165019.5075 0.488558 -0.2929643 1.175193
485165052.4982 0.4896195 -0.2926099 1.175529
485165086.5806 0.4849545 -0.3009838 1.173782
485165119.4879 0.4842047 -0.3031651 1.17372
485165152.5164 0.4842366 -0.3045505 1.174006
485165186.6497 0.4839113 -0.3061417 1.174087
485165219.5062 0.4939007 -0.297461 1.174261
485165252.5067 0.4914574 -0.3025655 1.174978
485165286.5674 0.4905644 -0.3042506 1.174683
485165319.4854 0.4903417 -0.3058654 1.174991
485165352.4946 0.4891389 -0.3105139 1.172571
485165386.5622 0.4894161 -0.3110165 1.172893
485165419.488 0.4894008 -0.3134588 1.172577
485165452.505 0.4889056 -0.3164026 1.172305
485165486.5755 0.5358106 -0.2835018 1.165531
485165519.498 0.5359644 -0.2851092 1.165113
485165552.4925 0.5362454 -0.2859866 1.164716
485165586.5728 0.5364335 -0.2876925 1.164324
485165619.4867 0.536411 -0.2894647 1.163837
485165652.491 0.5364208 -0.2915229 1.163541
485165686.5701 0.5059093 -0.3126628 1.174344
485165719.4918 0.5340391 -0.2949849 1.166242
485165752.4973 0.5061578 -0.3153886 1.173355
485165786.5669 0.5060973 -0.3156657 1.173511
485165819.4834 0.5054376 -0.3176604 1.174085
485165852.5069 0.4990099 -0.3330312 1.171954
485165886.5679 0.499218 -0.3325447 1.172209
485165919.4835 0.4994053 -0.332703 1.172597
485165952.5083 0.4982542 -0.3372575 1.174037
485165986.5796 0.498367 -0.3372524 1.174167
485166019.4886 0.4951468 -0.3471144 1.172877
485166052.5659 0.4959083 -0.346149 1.173608
485166086.5732 0.4965367 -0.3455867 1.174111
485166119.4921 0.492779 -0.3568541 1.174174
485166152.4914 0.4909604 -0.3616053 1.173883
485166186.584 0.4744931 -0.374605 1.180641
485166219.5021 0.4742093 -0.3757173 1.180679
485166252.4899 0.4735076 -0.3788046 1.180599
485166286.5821 0.4736706 -0.3799571 1.180783
485166319.5055 0.4735627 -0.3817992 1.180855
485166352.4942 0.4741191 -0.3842183 1.181631
485166419.4999 0.4746637 -0.3875162 1.182249
485166452.5169 0.4747411 -0.3889401 1.182491
485166486.5792 0.4751472 -0.3900213 1.183091
485166519.5075 0.4877873 -0.3924696 1.182215
485166552.5044 0.4800289 -0.3924408 1.184124
485166586.5843 0.4799707 -0.3928976 1.184607
485166619.4925 0.4795982 -0.3942352 1.184556
485166652.4824 0.4792414 -0.3955635 1.185343
485166686.5586 0.4789724 -0.3966476 1.185791
485166719.5045 0.4789836 -0.3971443 1.186248
485166752.4953 0.4792124 -0.3977047 1.187388
485166786.5698 0.4791422 -0.3983731 1.187914
485166819.4977 0.4786302 -0.40068 1.18848
485166852.5246 0.4773629 -0.4012047 1.190632
485166886.6012 0.4767827 -0.4031502 1.191025
485166919.4983 0.4767568 -0.4046264 1.191854
485166952.4911 0.476988 -0.4049655 1.192451
485166986.5742 0.4767125 -0.4066008 1.193154
485167019.4915 0.4764173 -0.4078605 1.193352
485167052.4843 0.4740013 -0.4080962 1.192754
485167086.5568 0.4733915 -0.4097108 1.192651
485167119.4801 0.4739317 -0.4118999 1.193182
485167152.4869 0.473682 -0.413572 1.193221
485167186.5807 0.4731632 -0.4159998 1.193078
485167219.4856 0.4727803 -0.4177794 1.193141
485167252.4866 0.4700458 -0.4190003 1.191097
485167286.5624 0.4709991 -0.421102 1.193849
485167319.4813 0.470871 -0.4239658 1.193947
485167352.4827 0.4706493 -0.4252165 1.193951
485167386.5638 0.4703089 -0.4274084 1.19371
485167419.4819 0.470024 -0.4291009 1.193727
485167452.4816 0.4699044 -0.42992 1.193814
485167486.5767 0.469793 -0.4306186 1.193927
485167519.4837 0.4694986 -0.4324646 1.194106
485167552.554 0.4693117 -0.4338371 1.194025
485167586.56 0.4691226 -0.4348626 1.194063
485167619.4826 0.4689506 -0.4357605 1.194046
485167652.4943 0.4688171 -0.4365086 1.194067
485167686.5967 0.468716 -0.4369872 1.193998
485167719.4996 0.4684328 -0.4391375 1.194033
485167752.4821 0.4682363 -0.4400561 1.193905
485167786.576 0.4681137 -0.4405685 1.193938
485167819.4788 0.4679334 -0.4418102 1.193821
485167852.481 0.4678279 -0.4421749 1.193903
485167886.5712 0.4677491 -0.4427177 1.193843
485167919.4782 0.467559 -0.4443035 1.19371
485167952.4816 0.4674637 -0.4452549 1.193678
485167986.5628 0.4673972 -0.4454758 1.193674
485168019.4952 0.4672538 -0.4463767 1.193658
485168052.497 0.4671919 -0.4463614 1.193663
485168086.572 0.4671546 -0.4463879 1.193669
485168119.4916 0.4670502 -0.4463757 1.193595
485168152.4861 0.466933 -0.4464907 1.193634
485168186.5557 0.4668657 -0.446871 1.193602
485168219.4795 0.4667725 -0.4471039 1.193553
485168252.4969 0.4667019 -0.4474146 1.193534
485168286.5587 0.4665858 -0.4477083 1.193648
485168319.5051 0.4664964 -0.4476389 1.193723
485168352.4975 0.4664618 -0.447428 1.193812
485168386.5704 0.4662617 -0.448274 1.193867
485168419.4782 0.4659723 -0.4483055 1.194012
485168452.512 0.4656513 -0.4496754 1.193879
485168486.5664 0.4652679 -0.4506405 1.193929
485168519.4767 0.4650057 -0.4510006 1.194164
485168552.5097 0.4647979 -0.4513479 1.194181
485168586.5769 0.4644597 -0.4516376 1.194222
485168619.4826 0.4642564 -0.4522326 1.194145
485168652.4811 0.4641673 -0.4525287 1.194279
485168686.575 0.4640529 -0.4526339 1.194529
485168719.4856 0.4640222 -0.452758 1.19461
485168752.4932 0.4639912 -0.4526787 1.194681
485168786.5583 0.4628543 -0.4529295 1.196688
485168819.4784 0.4627949 -0.4532926 1.197251
485168852.4724 0.4625742 -0.4537355 1.197327
485168886.5585 0.46244 -0.453857 1.197385
485168919.4749 0.4623674 -0.4538824 1.197598
485168952.4841 0.4623494 -0.4528435 1.197886
485168986.5652 0.4622954 -0.4529841 1.198059
485169019.4824 0.4622743 -0.4525898 1.198155
485169052.4851 0.4616113 -0.4526753 1.198672
485169086.5691 0.4615315 -0.4529672 1.198437
485169119.4896 0.4614222 -0.4531268 1.198831
485169152.4869 0.4614286 -0.4533283 1.198733
485169186.5512 0.4612924 -0.4539993 1.198664
485169219.475 0.4612289 -0.4544323 1.198629
485169252.4932 0.461258 -0.454489 1.198747
485169286.5571 0.4612507 -0.4545345 1.198685
485169319.485 0.4611963 -0.4549493 1.198472
485169352.4901 0.4612201 -0.455034 1.198385
485169386.5626 0.4611918 -0.4550613 1.19828
485169419.4847 0.4611903 -0.4550571 1.198283
485169452.4779 0.4611915 -0.4550623 1.198209
485169486.5599 0.4611251 -0.4552995 1.198125
485169519.5485 0.4602212 -0.4551294 1.197698
485169552.4863 0.4601972 -0.4549379 1.19779
485169586.5535 0.4603435 -0.4548684 1.198115
485169619.4793 0.4603971 -0.4548676 1.198082
485169652.555 0.4606578 -0.4548934 1.198883
485169686.5816 0.4604599 -0.4547044 1.198453
485169719.4836 0.4605669 -0.4547908 1.199198
485169752.4772 0.4606643 -0.4542831 1.198834
485169786.5563 0.4607246 -0.4542456 1.198751
485169819.4764 0.4611742 -0.4547316 1.200712
485169852.4802 0.4614663 -0.4548421 1.201074
485169886.5466 0.4615226 -0.454815 1.200532
485169919.4847 0.461432 -0.4547804 1.200145
485169952.4804 0.4614559 -0.4549626 1.199949
485169986.5619 0.4614924 -0.4549663 1.199836
485170019.5005 0.4615114 -0.4550053 1.199721
485170052.474 0.4615051 -0.4550906 1.199705
485170086.5572 0.4615184 -0.455171 1.199635
485170119.4777 0.4615306 -0.4553517 1.199578
485170152.4746 0.4613158 -0.4553625 1.199931
485170186.5672 0.461353 -0.455486 1.199042
485170219.4762 0.4612538 -0.4554752 1.19907
485170252.4768 0.4613905 -0.4554687 1.19925
485170286.5513 0.4609434 -0.4552758 1.197908
485170319.4686 0.4614119 -0.4554481 1.197993
485170352.4732 0.461416 -0.455602 1.198524
485170386.5597 0.4614429 -0.4555354 1.198817
485170419.4942 0.4612406 -0.4554262 1.199095
485170452.4751 0.4613175 -0.4555213 1.199776
485170486.5586 0.4613876 -0.455507 1.200434
485170519.4849 0.4613996 -0.4555009 1.200375
485170552.4744 0.4613529 -0.4554758 1.200329
485170586.549 0.4614711 -0.4554538 1.200449
485170619.4785 0.4615397 -0.4551848 1.200485
485170652.4725 0.4615761 -0.4551847 1.20036
485170686.5479 0.4615937 -0.4551565 1.200205
485170719.4721 0.4613118 -0.4550579 1.199727
485170752.4739 0.4618625 -0.4552254 1.200752
485170786.5472 0.4617524 -0.455154 1.200302
485170819.4805 0.4618751 -0.4543686 1.20042
485170852.4728 0.4617874 -0.4542685 1.199619
485170886.5515 0.4618373 -0.4543214 1.200027
485170919.4712 0.4618742 -0.4544644 1.199759
485170952.4668 0.4618804 -0.4545217 1.200222
485170986.5492 0.4618614 -0.4545586 1.200339
485171019.4837 0.4618203 -0.4547217 1.200406
485171052.4773 0.4618312 -0.4547147 1.20039
485171086.5428 0.4618425 -0.4547015 1.200376
485171119.4715 0.4618395 -0.4547669 1.200369
485171152.4655 0.4618394 -0.4547663 1.200372
485171186.5553 0.4614729 -0.4545525 1.199404
485171219.4791 0.4615037 -0.4545041 1.199423
485171252.4755 0.4614713 -0.4544851 1.199445
485171286.5464 0.4616657 -0.4545676 1.200462
485171319.4702 0.4612741 -0.4544242 1.199129
485171352.509 0.4614624 -0.4544914 1.200226
485171386.5536 0.461594 -0.4544289 1.199979
485171419.4741 0.4616294 -0.4542938 1.200131
485171452.4759 0.4616279 -0.4542795 1.200073
485171486.5529 0.4616705 -0.4544765 1.200414
485171519.4755 0.4618525 -0.4543993 1.199632
485171552.4658 0.4616496 -0.4544214 1.199887
485171586.5711 0.4616288 -0.4543942 1.19994
485171619.4904 0.4616542 -0.4544192 1.200109
485171652.4742 0.4613941 -0.4539369 1.198991
485171686.5475 0.4618802 -0.454109 1.199628
485171719.4688 0.4619363 -0.4541808 1.200163
485171752.4686 0.4617375 -0.4540076 1.199115
485171786.5476 0.4618269 -0.453892 1.198133
485171819.4883 0.4618017 -0.4539651 1.198601
485171852.4638 0.4619135 -0.4539732 1.19889
485171886.5585 0.4619678 -0.4540091 1.199048
485171919.4778 0.4619688 -0.4539748 1.199165
485171952.4734 0.4618909 -0.4538454 1.198688
485172052.4674 0.4620722 -0.4533441 1.19947
485172086.5432 0.4617581 -0.4532827 1.199271
485172119.4834 0.4616243 -0.4533759 1.199817
485172152.5452 0.4615249 -0.4532845 1.199376
485172186.5569 0.4617336 -0.4531463 1.199901
485172219.4717 0.4616837 -0.4530559 1.199754
485172252.4677 0.461997 -0.4528015 1.20029
485172286.5468 0.4622988 -0.4527397 1.199905
485172319.4723 0.4622973 -0.4526992 1.199881
485172352.4843 0.4628895 -0.4528819 1.200737
485172386.5499 0.4629163 -0.4529311 1.201126
485172419.5143 0.4628211 -0.4528833 1.200824
485172452.473 0.4629856 -0.4524938 1.2008
485172486.5504 0.4630128 -0.452485 1.200886
485172519.4664 0.4629808 -0.4524997 1.200791
485172552.4686 0.4625039 -0.4523099 1.199246
485172586.542 0.4624902 -0.452374 1.1998
485172619.4645 0.4625957 -0.452326 1.200158
485172652.4737 0.4627075 -0.4518158 1.200216
485172686.5549 0.4628001 -0.4518425 1.200109
485172719.4618 0.4629005 -0.4518324 1.200029
485172752.469 0.462859 -0.4517557 1.200134
485172786.5444 0.4627207 -0.4517161 1.199937
485172819.5338 0.4628554 -0.4516973 1.19978
485172852.4691 0.4629347 -0.451676 1.199902
485172886.5486 0.4624556 -0.4515392 1.199538
485172919.4613 0.4630525 -0.4517417 1.200489
485172952.473 0.4633214 -0.4511494 1.200128
485172986.5443 0.4634093 -0.4511857 1.200278
485173019.4644 0.4634812 -0.4511885 1.200318
485173052.4765 0.4631865 -0.4510979 1.199785
485173086.5506 0.4632182 -0.4509977 1.199949
485173119.4736 0.4634557 -0.4510134 1.199753
485173152.4672 0.4631322 -0.4507339 1.199035
485173186.5417 0.4632747 -0.4506728 1.199689
485173219.4659 0.4634849 -0.4507207 1.200357
485173252.4661 0.4635342 -0.4505896 1.200551
485173286.5542 0.4635566 -0.4505593 1.200766
485173319.4809 0.4632687 -0.4501463 1.200383
485173352.4749 0.4633431 -0.4500503 1.200149
485173386.5486 0.46357 -0.4500946 1.200271
485173419.4655 0.4636493 -0.4502217 1.200343
485173452.4726 0.4637143 -0.4503266 1.200164
485173486.5365 0.4637801 -0.4503413 1.200339
485173519.4746 0.4639291 -0.4499037 1.200368
485173552.5011 0.4645505 -0.4500554 1.200968
485173586.5436 0.4644977 -0.4500947 1.200858
485173619.4576 0.4644782 -0.4502948 1.200557
485173652.4672 0.4643684 -0.4503716 1.200341
