485194086.4907 0.4427966 -0.4459317 1.20619
485194119.3927 0.4424005 -0.4469812 1.205101
485194152.4027 0.4419162 -0.4464123 1.203927
485194186.4999 0.4416826 -0.4463898 1.203923
485194219.4056 0.4414262 -0.4468027 1.203667
485194252.3893 0.4409986 -0.4413656 1.203675
485194286.4848 0.4406676 -0.4410129 1.202487
485194319.3984 0.4403619 -0.4410263 1.201678
485194352.3883 0.4400434 -0.4410325 1.20096
485194386.4682 0.4398485 -0.4404372 1.200668
485194419.4408 0.4393133 -0.4404797 1.200491
485194452.3925 0.4389127 -0.4407192 1.200353
485194486.4696 0.4387545 -0.4399189 1.200368
485194519.4085 0.4385719 -0.4380258 1.20038
485194552.3939 0.4381978 -0.435165 1.200568
485194586.4751 0.4376294 -0.4345002 1.200599
485194619.4095 0.4371712 -0.4315384 1.201088
485194652.3966 0.4367909 -0.4312847 1.20088
485194686.4834 0.4354662 -0.4313315 1.202167
485194719.404 0.4352546 -0.4291037 1.201773
485194752.4016 0.4350452 -0.430008 1.201716
485194786.4824 0.4345428 -0.4300538 1.202712
485194819.4078 0.4340404 -0.4292624 1.203497
485194852.4043 0.4339301 -0.4292772 1.203293
485194886.4653 0.4337705 -0.4288773 1.203136
485194919.4055 0.4308982 -0.4336914 1.205788
485194952.3946 0.4332714 -0.4345828 1.201781
485194986.4728 0.4331246 -0.4315875 1.202825
485195019.409 0.4329352 -0.4299833 1.203468
485195052.4075 0.4366958 -0.3958253 1.194907
485195086.4681 0.4316006 -0.4225178 1.206357
485195119.4021 0.4315411 -0.4231966 1.206205
485195152.4142 0.4315656 -0.4232204 1.206615
485195186.4859 0.4315619 -0.423553 1.207081
485195219.39 0.431646 -0.423504 1.205945
485195252.4123 0.43167 -0.4234949 1.205988
485195286.4631 0.4317441 -0.4234737 1.205801
485195319.3893 0.4318629 -0.4234987 1.205862
485195352.4002 0.4320082 -0.4235622 1.205598
485195386.4834 0.4320815 -0.4235413 1.205306
485195419.4039 0.4322135 -0.4233606 1.205201
485195452.4205 0.4324336 -0.4233077 1.204379
485195486.4634 0.4325251 -0.4232621 1.204252
485195519.3876 0.4326456 -0.4231426 1.204067
485195552.4009 0.4335606 -0.4166036 1.202963
485195586.4775 0.433389 -0.4191576 1.203251
485195619.3906 0.4332409 -0.4211568 1.203516
485195652.4035 0.4338484 -0.4163193 1.202736
485195686.4654 0.4337655 -0.4186781 1.203058
485195719.413 0.4337373 -0.4200086 1.203093
485195752.3963 0.4341657 -0.4172829 1.202625
485195786.4832 0.4342299 -0.4171484 1.202571
485195819.3873 0.4345161 -0.4154547 1.202013
485195852.3887 0.4343737 -0.4179804 1.20216
485195886.4764 0.4344169 -0.4187894 1.201989
485195919.3842 0.4344836 -0.4190741 1.201654
485195952.4262 0.4345853 -0.4196952 1.202057
485195986.4765 0.434819 -0.4188861 1.202038
485196019.3971 0.4348516 -0.4194691 1.201984
485196052.4001 0.4349644 -0.4196738 1.201984
485196086.4763 0.4349723 -0.4197206 1.20198
485196119.3833 0.4355437 -0.4158523 1.201404
485196152.3879 0.4352902 -0.4179596 1.201696
485196186.4682 0.435274 -0.4185048 1.201733
485196219.3962 0.4351797 -0.4193061 1.201814
485196252.3807 0.4351939 -0.4194863 1.201705
485196286.4664 0.4358158 -0.4161704 1.201232
485196319.3967 0.435457 -0.4191957 1.20165
485196352.4006 0.4353563 -0.4199179 1.20188
485196386.4723 0.435369 -0.4200936 1.201879
485196419.3887 0.4353908 -0.4202039 1.201784
485196452.4094 0.4354317 -0.4203354 1.201875
485196486.4572 0.4354542 -0.4204443 1.201705
485196519.3835 0.4354962 -0.4203758 1.20172
485196552.3972 0.4355189 -0.4203991 1.201693
485196586.4742 0.4355124 -0.4204598 1.201769
485196619.3993 0.4354226 -0.4216432 1.201932
485196652.4142 0.4354991 -0.4214127 1.201449
485196686.4994 0.4355361 -0.4214145 1.201461
485196719.383 0.4356331 -0.4213451 1.201401
485196752.3807 0.4356695 -0.4212519 1.201429
485196786.4996 0.4357656 -0.4209396 1.201353
485196819.3881 0.4363303 -0.4160084 1.200398
485196852.3952 0.4361808 -0.4173407 1.20054
485196886.5392 0.4361214 -0.4180079 1.200648
485196919.3957 0.4367717 -0.4122609 1.199724
485196952.3847 0.4364128 -0.4158901 1.200355
485196986.4794 0.43635 -0.4168759 1.200601
485197019.3946 0.4363611 -0.4170083 1.200631
485197052.3874 0.4363936 -0.417239 1.200835
485197086.4816 0.4365017 -0.4173837 1.200909
485197119.4063 0.4365125 -0.4173505 1.200929
485197152.3941 0.4365463 -0.4172791 1.201126
485197186.4637 0.4366136 -0.4173095 1.20107
485197219.3847 0.4381923 -0.398807 1.190972
485197252.3934 0.4378534 -0.4171869 1.199793
485197286.4565 0.4378335 -0.4171146 1.199853
485197319.3955 0.4377843 -0.4171083 1.199889
485197352.3858 0.4377335 -0.4171152 1.200083
485197386.4756 0.4376974 -0.4170995 1.20027
485197419.3874 0.4377061 -0.4171348 1.200654
485197452.4032 0.4376878 -0.4171468 1.20074
485197486.4663 0.4376915 -0.4171731 1.200832
485197519.3995 0.437733 -0.417276 1.201133
485197552.4042 0.4377702 -0.4172851 1.201262
485197586.464 0.4378015 -0.4173474 1.201316
485197619.396 0.4378482 -0.4176229 1.201584
485197652.3805 0.4404136 -0.3990474 1.191941
485197686.4678 0.4403298 -0.3991312 1.191941
485197719.3966 0.4387394 -0.4177107 1.203538
485197752.3918 0.438715 -0.417656 1.203383
485197786.4692 0.4387336 -0.4175823 1.203373
485197819.3799 0.4401673 -0.401278 1.190954
485197852.3969 0.4402204 -0.4010639 1.191095
485197886.4719 0.4387315 -0.4166143 1.194621
485197919.392 0.4388513 -0.4166594 1.196266
485197952.4003 0.4388521 -0.4168169 1.197979
485197986.4716 0.4399169 -0.4005324 1.191937
485198019.3958 0.4399038 -0.4005649 1.191937
485198052.3915 0.4398957 -0.4006159 1.191902
485198086.4685 0.4399255 -0.4005453 1.191904
485198119.3853 0.4399254 -0.4005464 1.191904
485198152.3912 0.4399475 -0.400445 1.191906
485198186.4703 0.4400516 -0.4002984 1.191968
485198219.3781 0.440111 -0.4002322 1.19201
485198252.3762 0.4401475 -0.4001327 1.192007
485198286.4524 0.4401887 -0.4000971 1.192004
485198319.4082 0.4402501 -0.4000322 1.192002
485198352.3961 0.4403279 -0.3999619 1.192045
485198386.4583 0.4403302 -0.3999283 1.19207
485198419.3809 0.4403569 -0.3998917 1.192098
485198452.3847 0.4403846 -0.3998449 1.192126
485198486.4601 0.4403926 -0.3998364 1.192124
485198519.381 0.4404122 -0.3998097 1.192119
485198552.3857 0.4404176 -0.3998254 1.192136
485198586.4652 0.4417671 -0.4080526 1.194673
485198619.3845 0.4406518 -0.4025065 1.192906
485198652.4023 0.4406814 -0.4023302 1.192906
485198686.4715 0.4406402 -0.4022956 1.192906
485198719.4138 0.440584 -0.4021365 1.192907
485198752.3955 0.4405352 -0.4020508 1.192803
485198786.4594 0.4405099 -0.4019786 1.192768
485198819.3893 0.4404867 -0.401912 1.192735
485198852.3735 0.4404441 -0.4017886 1.192693
485198886.4583 0.4403902 -0.4016958 1.192602
485198919.3776 0.4403487 -0.4016143 1.192615
485198952.4016 0.4403742 -0.4012845 1.192561
485198986.4494 0.4402661 -0.4011416 1.192459
485199019.3958 0.4402557 -0.4011483 1.192449
485199052.3874 0.4402395 -0.4010356 1.192425
485199086.4508 0.4401354 -0.4011517 1.192261
485199119.4042 0.4400257 -0.4012426 1.192188
485199152.383 0.4399744 -0.401163 1.19213
485199186.4613 0.4399138 -0.4012381 1.192075
485199219.3879 0.4398588 -0.4012488 1.192034
485199252.386 0.4398514 -0.4011805 1.191991
485199286.4647 0.439825 -0.4011692 1.191961
485199319.3889 0.4397703 -0.4011612 1.191778
485199352.3776 0.4397333 -0.400989 1.191627
485199386.4554 0.4396821 -0.4011634 1.191554
485199419.3813 0.4395786 -0.400896 1.191994
485199452.3761 0.4395542 -0.400843 1.191807
485199486.4507 0.4394126 -0.400992 1.191472
485199519.3929 0.4393054 -0.4009331 1.191317
485199552.3746 0.4392428 -0.4008325 1.191077
485199586.4636 0.4391344 -0.4008299 1.190736
485199619.3911 0.4390925 -0.4007521 1.19057
485199652.3818 0.4392274 -0.4002552 1.190512
485199686.4473 0.4393977 -0.4045112 1.191351
485199719.3703 0.4401779 -0.3968289 1.189991
485199752.3992 0.4401762 -0.3968272 1.189991
485199786.4561 0.4380297 -0.4128586 1.191773
485199819.3803 0.4391936 -0.3963394 1.189018
485199852.3883 0.4379668 -0.4137592 1.201286
485199886.4489 0.4378349 -0.4140834 1.2013
485199919.3969 0.4398764 -0.3873687 1.205697
485199952.3769 0.4397072 -0.3916457 1.199695
485199986.4482 0.4395706 -0.3934263 1.196584
485200019.3942 0.4396266 -0.3936063 1.19543
485200052.396 0.4395259 -0.3941563 1.194483
485200086.4664 0.4395153 -0.3943805 1.193629
485200119.3693 0.4395073 -0.3945493 1.192986
485200152.3777 0.4369316 -0.4116026 1.189241
485200186.4814 0.4379669 -0.4053484 1.190502
485200219.3748 0.4394465 -0.3953533 1.188041
485200252.3811 0.4382754 -0.4033663 1.189866
485200286.4471 0.4376567 -0.4086244 1.191752
485200319.3906 0.4392077 -0.3953612 1.186084
485200352.3776 0.4373862 -0.4110301 1.197232
485200386.4628 0.4372998 -0.4119042 1.197381
485200419.3714 0.4381959 -0.4043395 1.196148
485200452.3769 0.4377348 -0.4084547 1.19692
485200486.4638 0.4380491 -0.4050562 1.196377
485200519.3687 0.437456 -0.4106435 1.197595
485200552.3816 0.4377153 -0.3983283 1.187058
485200586.4471 0.4376024 -0.3985555 1.186908
485200619.3672 0.4375857 -0.3986118 1.186828
485200652.3842 0.4375108 -0.3986221 1.186747
485200686.4473 0.4374413 -0.3985978 1.186671
485200719.3691 0.4374063 -0.3985973 1.186614
485200752.3778 0.4373788 -0.3986473 1.186552
485200786.4528 0.4372953 -0.3987185 1.186405
485200819.3725 0.4358968 -0.4072727 1.1952
485200852.3665 0.4358188 -0.4084967 1.195626
485200886.4567 0.4367573 -0.4029095 1.194722
485200919.371 0.4368258 -0.4067184 1.193791
485200952.3872 0.4394377 -0.3985656 1.189008
485200986.4568 0.4394272 -0.3984788 1.188966
485201019.3724 0.4395169 -0.4086867 1.199406
485201052.3734 0.4397219 -0.4087781 1.198139
485201086.4562 0.4398557 -0.4087469 1.197252
485201119.3796 0.4412164 -0.3992392 1.194466
485201152.3764 0.4417726 -0.3979479 1.193815
485201186.4485 0.4439756 -0.3966323 1.194863
485201219.4031 0.4448918 -0.4018458 1.191981
485201252.3704 0.4462151 -0.3969044 1.191007
485201286.4503 0.446182 -0.4002634 1.191119
485201319.3717 0.4462503 -0.4002784 1.191283
485201352.3764 0.4464967 -0.3966615 1.191185
485201386.4563 0.4466217 -0.3940265 1.191258
485201419.3661 0.4456613 -0.3917703 1.186626
485201452.3667 0.4458386 -0.3906259 1.186597
485201486.4597 0.4459523 -0.3902152 1.186799
485201519.3925 0.4460546 -0.3894892 1.186701
485201552.3755 0.4461623 -0.3892423 1.186801
485201586.4443 0.4440883 -0.4049924 1.189886
485201619.3681 0.44405 -0.4049804 1.190341
485201652.3785 0.4440348 -0.4045905 1.190171
485201686.4498 0.444178 -0.4045672 1.190779
485201719.3744 0.4520417 -0.3985398 1.190913
485201752.3906 0.452099 -0.3935343 1.191518
485201786.445 0.4332475 -0.4201624 1.188243
485201819.3881 0.4338437 -0.4203242 1.188165
485201852.364 0.4339914 -0.4202618 1.18787
485201886.4456 0.434192 -0.4190531 1.18737
485201919.3751 0.4342355 -0.4183695 1.186757
485201952.3778 0.4346936 -0.4180726 1.186355
485201986.4556 0.4408626 -0.4048912 1.182611
485202019.3806 0.4405927 -0.4018613 1.182827
485202052.364 0.4413484 -0.4014006 1.183261
485202086.4595 0.4420296 -0.4008114 1.184038
485202119.3705 0.4383848 -0.4099625 1.181555
485202152.3732 0.4381965 -0.4106838 1.181105
485202186.4535 0.438273 -0.4091567 1.181406
485202219.3686 0.4382856 -0.407873 1.181164
485202252.37 0.4393806 -0.404857 1.176896
485202286.4512 0.478959 -0.3381324 1.190028
485202319.3663 0.4968317 -0.3190808 1.184218
485202352.3961 0.4967814 -0.3174563 1.1848
485202386.4468 0.4972455 -0.3163589 1.184784
485202419.3833 0.4977097 -0.3156677 1.185413
485202452.3626 0.4985896 -0.3132066 1.185179
485202486.4453 0.4992651 -0.3115026 1.185275
485202519.3638 0.5000635 -0.3088752 1.185423
485202552.3664 0.5011854 -0.3081598 1.184923
485202586.4574 0.5027677 -0.3068595 1.184741
485202619.3685 0.5039349 -0.3059945 1.183989
485202652.3629 0.5053412 -0.3044735 1.182978
485202686.4432 0.5069607 -0.3027561 1.181798
485202719.4508 0.5081487 -0.3014294 1.181215
485202752.3651 0.5099243 -0.2995905 1.180965
485202786.4536 0.5111918 -0.2945565 1.181676
485202819.3795 0.5119709 -0.2923492 1.181199
485202852.3665 0.5128735 -0.2878537 1.180881
485202886.4973 0.5136963 -0.2853579 1.180987
485202919.3739 0.5146709 -0.2821786 1.181214
485202952.3876 0.5150529 -0.2788239 1.18092
485202986.4441 0.5161857 -0.2764618 1.180387
485203019.3732 0.5166869 -0.2736632 1.180217
485203052.3668 0.5171387 -0.2711056 1.17993
485203086.443 0.5173293 -0.2686157 1.179878
485203119.366 0.5179943 -0.2662483 1.179213
485203152.3699 0.5180051 -0.2645369 1.178391
485203186.4407 0.517991 -0.262316 1.178043
485203219.3703 0.5179748 -0.2598403 1.177704
485203252.3852 0.5177509 -0.2569548 1.177307
485203286.443 0.5176293 -0.2529345 1.177128
485203319.3635 0.5176281 -0.2509305 1.176858
485203352.3755 0.5179176 -0.2490032 1.176445
485203386.4366 0.5178075 -0.2461941 1.176441
485203419.3936 0.5176654 -0.2442632 1.175905
485203452.3888 0.5175292 -0.2439801 1.175441
485203486.4453 0.5172089 -0.2435084 1.174964
485203519.3654 0.5168192 -0.2430918 1.174559
485203552.3619 0.5163611 -0.2427121 1.174204
485203586.4459 0.5151863 -0.2420529 1.173177
485203619.3615 0.5144497 -0.2416047 1.172672
485203652.3699 0.5132019 -0.2411896 1.172159
485203686.4411 0.5109866 -0.2413576 1.17162
485203719.376 0.5090879 -0.241504 1.171231
485203752.3684 0.5081125 -0.2410023 1.170993
485203786.4442 0.5064425 -0.2408863 1.170563
485203819.3733 0.5045788 -0.2406668 1.170197
485203852.3731 0.502879 -0.2405679 1.169919
485203886.4546 0.5025864 -0.238074 1.169421
485203919.3784 0.502699 -0.23514 1.169479
485203952.4131 0.5030542 -0.2316287 1.170049
485203986.4531 0.5025433 -0.2307779 1.169559
485204019.3654 0.5023427 -0.2287344 1.168542
485204052.3578 0.5044069 -0.2201162 1.16943
485204086.4459 0.5449175 -0.208297 1.153648
485204119.3857 0.5000913 -0.2111386 1.171671
485204152.3978 0.5422688 -0.2068152 1.150871
485204186.4514 0.5196753 -0.2069784 1.163049
485204219.3645 0.5176095 -0.2050051 1.16464
485204252.3663 0.5147474 -0.2026486 1.166435
485204286.4553 0.4874423 -0.2102675 1.169919
485204319.3705 0.4973553 -0.1964624 1.173681
485204352.3825 0.4788056 -0.2139119 1.160955
485204386.4509 0.476272 -0.2161771 1.159377
485204419.3862 0.4740195 -0.2171792 1.158652
485204452.3687 0.4724034 -0.2171743 1.158382
485204486.4343 0.4707836 -0.2168757 1.157979
485204519.3667 0.4736611 -0.2015623 1.174495
485204552.3623 0.4680611 -0.2048561 1.164692
485204586.4373 0.4671867 -0.2045843 1.16381
485204619.3582 0.4991238 -0.1679687 1.170255
485204652.3658 0.4608645 -0.2031622 1.154269
485204686.4436 0.460524 -0.2028088 1.154271
485204719.3789 0.4606358 -0.2014319 1.154352
485204752.3651 0.4936782 -0.1510028 1.164342
485204786.4569 0.4566893 -0.1929284 1.150645
485204819.3758 0.4576405 -0.1899693 1.151025
485204852.3558 0.458834 -0.1870673 1.151083
485204886.4558 0.4590342 -0.1831221 1.149852
485204919.3846 0.4602592 -0.1780037 1.14756
485204952.3617 0.4607904 -0.174277 1.139331
485204986.4556 0.4625406 -0.1710408 1.132025
485205019.3798 0.4635 -0.1602601 1.139305
485205052.3738 0.4636438 -0.1582163 1.140319
485205086.4328 0.4656861 -0.1355669 1.188627
485205119.357 0.4740067 -0.1177089 1.175959
485205152.3617 0.4725862 -0.1178499 1.172893
485205186.488 0.4713295 -0.1149186 1.166116
485205219.3711 0.4757692 -0.09902053 1.175181
485205252.3709 0.4773847 -0.09725851 1.175533
485205286.4331 0.4824476 -0.09831441 1.173163
485205319.3606 0.4841753 -0.09794537 1.17153
485205352.371 0.4821369 -0.09589902 1.172767
485205386.4349 0.4835586 -0.09567161 1.172554
485205419.3669 0.4819047 -0.09404774 1.174549
485205452.3601 0.4815472 -0.0934992 1.176071
485205486.449 0.4811554 -0.09326956 1.176433
485205519.3576 0.4842913 -0.09483005 1.17409
485205552.3611 0.4871205 -0.09641682 1.172445
485205586.4332 0.4612538 -0.1388732 1.120131
485205619.3767 0.4606102 -0.1204206 1.167144
485205652.3658 0.4587008 -0.1446832 1.128898
485205686.4276 0.4578675 -0.1473572 1.128767
485205719.3625 0.4569244 -0.1542045 1.122357
485205752.3606 0.4547558 -0.1589734 1.120095
485205786.4446 0.4554895 -0.1590889 1.119381
485205819.3725 0.455659 -0.1598001 1.119393
485205852.3562 0.4537115 -0.1649996 1.119501
485205886.4386 0.4543105 -0.1660982 1.120498
485205919.3801 0.4535686 -0.1700918 1.12052
485205952.3724 0.4535039 -0.1736896 1.121646
485205986.433 0.4535987 -0.1810569 1.134813
485206019.3626 0.4539483 -0.1827633 1.140277
485206052.3677 0.4550045 -0.1849036 1.139657
485206086.4295 0.4569663 -0.1878951 1.145652
485206119.3512 0.459546 -0.1886892 1.149962
485206152.3506 0.4645298 -0.1904887 1.15844
485206186.4379 0.4667897 -0.1978229 1.154697
485206219.406 0.4679512 -0.2002625 1.156886
485206252.3762 0.4688166 -0.2050374 1.15788
485206286.461 0.4703969 -0.2080728 1.159259
485206319.3565 0.4720264 -0.2112956 1.158407
485206352.3661 0.4733653 -0.2138393 1.158556
485206386.4345 0.5144423 -0.1873403 1.173602
485206419.3805 0.5010785 -0.2047401 1.171702
485206452.3593 0.5011657 -0.2054322 1.171698
485206486.4351 0.5014753 -0.2072082 1.171688
485206519.3843 0.5022157 -0.2092611 1.171473
485206552.3599 0.5011995 -0.2164919 1.168857
485206586.4262 0.4972237 -0.2286465 1.168286
485206619.3968 0.5455289 -0.2173522 1.154744
485206652.4393 0.5008088 -0.2391294 1.170619
485206686.4272 0.552449 -0.2211779 1.150075
485206719.3674 0.5089627 -0.2391183 1.171556
485206752.352 0.5078965 -0.2418118 1.171555
485206786.4282 0.5092098 -0.2410585 1.171207
485206819.3569 0.5104159 -0.240733 1.171101
485206852.392 0.5126139 -0.2402327 1.171185
485206886.4308 0.5152537 -0.2409677 1.170952
485206919.3579 0.517395 -0.2417534 1.170804
485206952.3646 0.5193734 -0.2433995 1.169939
485206986.4326 0.5210222 -0.2453108 1.169177
485207019.3535 0.5225617 -0.2472276 1.168511
485207052.3681 0.5240355 -0.2491922 1.167996
485207086.4336 0.5248539 -0.2512663 1.167276
485207119.3812 0.5256321 -0.2530001 1.167278
485207152.3613 0.5267184 -0.2554109 1.167455
485207186.4202 0.5274171 -0.257808 1.167272
485207219.3666 0.5278065 -0.2593403 1.167808
485207252.3618 0.5281027 -0.2611643 1.168129
485207286.4413 0.5279509 -0.2743988 1.167442
485207319.3602 0.5277752 -0.27289 1.168443
485207352.3538 0.5263976 -0.2731606 1.169294
485207386.432 0.5255418 -0.2753801 1.169598
485207419.3591 0.5245165 -0.2778758 1.170091
485207452.3535 0.5238341 -0.2810547 1.169814
485207486.4605 0.5230107 -0.2872054 1.169262
485207519.3511 0.5215276 -0.2912434 1.169258
485207552.3812 0.5203797 -0.2927336 1.169696
485207586.4233 0.5184769 -0.2945873 1.170412
485207619.387 0.5169295 -0.2961621 1.170651
485207652.3769 0.5152453 -0.2997841 1.17066
485207686.4321 0.5142341 -0.3008357 1.170866
485207719.381 0.4944749 -0.3354304 1.176236
485207752.3565 0.4942791 -0.3341683 1.176082
485207786.4253 0.4942203 -0.3341785 1.176125
485207819.3466 0.4941749 -0.3341676 1.176221
485207852.3624 0.4937509 -0.3321688 1.177517
485207886.4349 0.493544 -0.3323349 1.177736
485207919.3567 0.4932034 -0.332389 1.177952
485207952.3712 0.4925382 -0.3326058 1.178679
485207986.4277 0.4908846 -0.3299973 1.182518
485208019.3535 0.4897219 -0.3316817 1.183251
485208052.3541 0.4888449 -0.3327291 1.183725
485208086.4287 0.4881875 -0.3333323 1.184044
485208119.3594 0.4872007 -0.3341607 1.185128
485208152.358 0.4862403 -0.335311 1.18603
485208186.4375 0.4852454 -0.3358832 1.186668
485208219.3654 0.4841759 -0.3367106 1.187058
485208252.3479 0.4834249 -0.3372213 1.18747
485208286.4389 0.4820053 -0.3385938 1.187976
485208319.3614 0.4807192 -0.3397453 1.188744
485208352.3497 0.479667 -0.3405613 1.18967
485208386.4296 0.479008 -0.3406577 1.190077
485208419.3542 0.4825996 -0.3336233 1.198133
485208452.3498 0.4753524 -0.3346005 1.195414
485208486.4301 0.474618 -0.3358043 1.195225
485208519.3695 0.4588638 -0.3928583 1.185067
485208552.3796 0.4731144 -0.3415837 1.193933
485208586.4365 0.4730813 -0.3417999 1.193866
485208619.3492 0.4593733 -0.396885 1.183787
485208652.3547 0.4412159 -0.4158439 1.193075
485208686.4301 0.4593385 -0.3974357 1.183704
485208719.3444 0.4593652 -0.397518 1.183732
485208752.3828 0.4594278 -0.3975359 1.183829
485208786.4245 0.4594495 -0.399929 1.183688
485208819.3405 0.4594493 -0.3997725 1.183783
485208852.3513 0.4738399 -0.3470202 1.19587
485208886.4246 0.4597973 -0.4000594 1.187373
485208919.3657 0.4597387 -0.3999899 1.187293
485208952.3753 0.4716098 -0.3472673 1.196859
485208986.424 0.4594104 -0.3999255 1.187994
485209019.3564 0.4708681 -0.3472683 1.196862
485209052.3434 0.4581453 -0.4032249 1.188091
485209086.4242 0.4580819 -0.4047706 1.188206
485209119.3471 0.4580139 -0.4053644 1.188349
485209152.3457 0.4578792 -0.4072464 1.188235
485209186.4288 0.440809 -0.4220988 1.194365
485209219.3625 0.440863 -0.4220364 1.194975
485209252.3475 0.4409083 -0.4221154 1.195258
485209286.4417 0.4409421 -0.4221252 1.195443
485209319.368 0.4409347 -0.4220979 1.195488
485209352.3439 0.4409448 -0.4223147 1.195605
485209386.4288 0.4411255 -0.422396 1.1957
485209419.3579 0.4410362 -0.4222688 1.195473
485209452.3613 0.4394529 -0.4223238 1.195177
485209486.4285 0.4389723 -0.4224762 1.196358
485209519.342 0.4394585 -0.4227863 1.196875
485209552.3471 0.4392071 -0.4231864 1.196729
485209586.4233 0.4391901 -0.4231746 1.196629
485209619.3611 0.4390966 -0.4240041 1.196371
485209652.3613 0.4393139 -0.4264523 1.19603
485209686.4239 0.4394082 -0.4269914 1.196068
485209719.3535 0.439326 -0.4278167 1.195801
485209752.3429 0.4393048 -0.4274075 1.195817
485209786.4196 0.4392638 -0.4266001 1.195792
485209819.3672 0.440244 -0.4260061 1.19631
485209852.3398 0.4404751 -0.4261501 1.196763
485209886.4263 0.4398766 -0.4260764 1.196571
485209919.3435 0.4391328 -0.4271872 1.202028
485209952.34 0.4391963 -0.4269764 1.199015
485209986.431 0.4392907 -0.42722 1.198666
485210019.3478 0.4394188 -0.4275368 1.19854
485210052.3496 0.4393239 -0.4274956 1.197854
485210086.4196 0.4393792 -0.4277336 1.197768
485210119.3385 0.4394096 -0.4278077 1.197477
485210152.3432 0.4394954 -0.4280497 1.19745
485210186.4317 0.4394747 -0.4279856 1.197171
485210219.3555 0.4395355 -0.4281544 1.197113
485210252.3491 0.4395044 -0.4281521 1.196786
485210286.4196 0.4394752 -0.427754 1.196763
485210319.3376 0.4394381 -0.4274379 1.196603
485210352.3415 0.4397199 -0.4274614 1.196446
485210386.4242 0.4397364 -0.4276066 1.196613
485210419.3435 0.4392254 -0.4282248 1.198503
485210452.3461 0.439241 -0.4283595 1.198235
485210486.4338 0.4391837 -0.4279844 1.197811
485210519.3519 0.4393407 -0.428019 1.197391
485210552.3475 0.4396387 -0.4274644 1.196602
485210586.4168 0.4393755 -0.4277252 1.196512
485210619.3434 0.4393198 -0.4277418 1.196321
485210652.3518 0.4393521 -0.4280035 1.196409
485210686.4264 0.439303 -0.427687 1.196309
485210719.3411 0.439254 -0.4277677 1.196227
485210752.3388 0.439173 -0.4273383 1.19602
485210786.4302 0.4391275 -0.4268418 1.196458
485210819.3372 0.4391427 -0.4254306 1.196719
485210852.3357 0.439123 -0.425483 1.196697
485210886.4226 0.4390539 -0.425351 1.19646
485210919.3534 0.4390459 -0.4253624 1.196533
485210952.3445 0.439052 -0.4253727 1.196584
485210986.4145 0.4389034 -0.4252569 1.196324
485211019.3671 0.4392816 -0.4256305 1.196081
485211052.3529 0.4393014 -0.4258774 1.196164
485211086.4176 0.4392604 -0.4263608 1.196253
485211119.3492 0.4391875 -0.4265434 1.196324
485211152.3543 0.4390952 -0.4267409 1.196194
485211186.4202 0.4389914 -0.4264777 1.196026
485211219.3493 0.4389337 -0.4267564 1.195958
485211252.3356 0.4385745 -0.4268453 1.195307
485211286.4154 0.4386561 -0.4270773 1.19575
485211319.3454 0.4386281 -0.427239 1.195914
485211352.3501 0.4385023 -0.4274042 1.195394
485211386.4193 0.4384997 -0.4270101 1.195796
485211419.3431 0.4382185 -0.4264771 1.195745
485211452.3527 0.4380947 -0.4262285 1.195758
485211486.4215 0.4385568 -0.4260429 1.195731
485211519.3519 0.4380069 -0.4262919 1.196318
485211552.3401 0.4377493 -0.4261287 1.195666
485211586.4332 0.4376659 -0.4266223 1.195524
485211619.334 0.4375676 -0.4271841 1.195533
485211652.3395 0.4374709 -0.4270025 1.195401
485211686.4145 0.4373124 -0.4267161 1.195264
485211719.3387 0.4372621 -0.4269712 1.195302
485211752.336 0.4371521 -0.4272121 1.195154
485211786.4233 0.4370276 -0.4267516 1.195238
485211819.336 0.436961 -0.4270802 1.19508
485211852.3345 0.4376494 -0.4272901 1.195728
485211886.4259 0.437488 -0.427449 1.195938
485211919.3431 0.4379037 -0.4276059 1.195928
485211952.3416 0.4391342 -0.3933104 1.198504
485211986.4306 0.4367419 -0.4271263 1.195113
485212019.3347 0.4366252 -0.4272273 1.194718
485212052.3414 0.4366735 -0.4268826 1.194753
485212086.4262 0.4366956 -0.4273683 1.19478
485212119.3746 0.4389811 -0.395486 1.199472
485212152.3403 0.4364848 -0.4269198 1.194308
485212186.4194 0.4364699 -0.4267782 1.194268
485212219.3448 0.4363737 -0.4263344 1.194446
485212252.3401 0.4364751 -0.4243238 1.194886
485212286.4245 0.4364886 -0.42481 1.194659
485212319.3458 0.4362759 -0.4246111 1.194272
485212352.3365 0.4362158 -0.4246615 1.194246
485212386.421 0.4360871 -0.4250529 1.194471
485212419.3439 0.4360801 -0.425258 1.194562
485212452.3396 0.4360652 -0.4259452 1.194505
485212486.4104 0.4359237 -0.4257873 1.194162
485212519.3388 0.4358403 -0.4256105 1.194127
485212552.336 0.435873 -0.4256076 1.194443
485212586.4209 0.4358755 -0.4264132 1.194341
485212619.3422 0.4358842 -0.4262701 1.194393
485212652.337 0.4358955 -0.4259786 1.194414
485212686.4079 0.4373372 -0.3929436 1.1985
485212719.3333 0.4353708 -0.4256877 1.194756
485212752.3401 0.4352885 -0.4254571 1.194775
485212786.4089 0.4352336 -0.4253751 1.194683
485212819.3454 0.4352641 -0.4257472 1.194869
485212852.3394 0.435201 -0.4254892 1.194621
485212886.4226 0.4374695 -0.3938676 1.19839
485212919.3337 0.4374371 -0.3935798 1.198464
485212952.3375 0.4356537 -0.4262701 1.195382
485212986.4215 0.4355528 -0.4261483 1.195068
485213019.3375 0.4371967 -0.39317 1.198167
485213052.3418 0.4372114 -0.3934233 1.198149
485213086.432 0.4350795 -0.4259824 1.195192
485213119.3631 0.43515 -0.4263636 1.195123
485213152.3465 0.4352162 -0.4263992 1.194965
485213186.4206 0.4358323 -0.4262061 1.194958
485213219.337 0.4357289 -0.4262865 1.195691
485213252.3347 0.4356064 -0.4260463 1.195436
485213286.4212 0.4378586 -0.3937928 1.198608
485213319.3721 0.4378864 -0.3942597 1.198595
485213352.3374 0.4356694 -0.4271381 1.194599
485213386.4123 0.4383071 -0.3934634 1.199111
485213419.3534 0.4361516 -0.4274133 1.195085
485213452.34 0.4361556 -0.4269969 1.195323
485213486.4215 0.4369424 -0.4257383 1.195972
485213519.3449 0.4365113 -0.426385 1.195993
485213552.3254 0.4380495 -0.3939611 1.200032
485213586.4098 0.4380605 -0.3936074 1.200105
485213619.3402 0.4364476 -0.4268216 1.196604
485213652.3337 0.4361081 -0.4270569 1.196399
485213686.4251 0.4361165 -0.4273193 1.196164
485213719.3785 0.4359504 -0.4267874 1.196143
485213752.3327 0.4380791 -0.3932578 1.198116
485213786.4183 0.4380874 -0.3935916 1.198266
485213819.3421 0.4380355 -0.3939258 1.198193
485213852.3456 0.4379747 -0.3935121 1.198265
485213886.4189 0.4379703 -0.3933345 1.198249
485213919.3341 0.4387558 -0.3930228 1.198215
485213952.3318 0.4385144 -0.3930621 1.198571
485213986.4051 0.4382029 -0.394928 1.197517
485214019.3392 0.4361371 -0.4263771 1.194916
485214052.3336 0.4372857 -0.3943185 1.201501
485214086.4159 0.4373238 -0.393938 1.201101
485214119.336 0.4357927 -0.4271302 1.197848
485214152.3337 0.4375205 -0.3943055 1.199966
485214186.4206 0.4357922 -0.4271203 1.196586
485214219.3366 0.435847 -0.427473 1.196502
485214252.3388 0.4358813 -0.4272936 1.196232
485214286.4105 0.4358903 -0.4271826 1.196169
485214319.3548 0.435974 -0.427524 1.196139
485214352.3361 0.4360308 -0.427326 1.196143
485214386.4066 0.436051 -0.4275536 1.196078
485214419.3267 0.4361026 -0.4278106 1.195736
485214452.3281 0.4360683 -0.4274913 1.195386
485214486.4018 0.4372094 -0.4278794 1.196215
485214519.3347 0.4369243 -0.4276223 1.195637
485214552.3323 0.4368595 -0.4275004 1.195838
485214586.4176 0.4368367 -0.4277468 1.195718
485214619.327 0.4373405 -0.4281248 1.196157
485214652.3268 0.4373435 -0.4282934 1.19573
485214686.4177 0.437121 -0.4283275 1.195131
485214719.3239 0.4370781 -0.4281313 1.195194
485214752.3339 0.4368996 -0.4273992 1.195064
485214786.406 0.4369104 -0.4277155 1.195044
485214819.3224 0.4368617 -0.4279419 1.194981
485214852.3185 0.4368498 -0.4281259 1.194808
485214886.4132 0.4367952 -0.4250173 1.194881
485214919.3267 0.436647 -0.4249973 1.19515
485214952.3273 0.4366587 -0.4252653 1.195192
485214986.4018 0.4365493 -0.4260518 1.195019
485215019.3244 0.4362674 -0.4257403 1.194944
485215052.3274 0.4361718 -0.4258533 1.194805
485215086.4024 0.4359461 -0.4259293 1.194935
485215119.3246 0.436345 -0.4253756 1.19475
485215152.3366 0.436168 -0.4259383 1.194939
485215186.4247 0.4380001 -0.3918371 1.197932
485215219.3251 0.4357415 -0.4263927 1.194836
485215252.3684 0.4358865 -0.4272695 1.194675
485215286.4076 0.4359823 -0.4277171 1.194939
485215319.3339 0.4387752 -0.3954758 1.197887
485215352.3291 0.4364671 -0.4277368 1.194987
485215386.4115 0.436564 -0.4280632 1.195249
485215419.3616 0.4365583 -0.4283337 1.195189
485215452.3642 0.4365647 -0.4280215 1.195294
485215486.3985 0.4366107 -0.428173 1.195302
485215519.324 0.4365788 -0.4280284 1.195153
485215552.3213 0.4364782 -0.4274804 1.195206
485215586.418 0.4364951 -0.4278454 1.195209
485215619.3287 0.4370677 -0.4276543 1.195308
485215652.342 0.4368119 -0.4278507 1.195162
485215686.437 0.4363148 -0.4289044 1.198947
485215719.3986 0.4379001 -0.3955718 1.200996
485215752.361 0.4360786 -0.42817 1.197931
485215786.4076 0.4366594 -0.4277967 1.197214
485215819.3298 0.436389 -0.4271027 1.196476
