485237319.2522 0.4348764 -0.4601117 1.200329
485237352.2548 0.4334491 -0.5005444 1.198692
485237386.3364 0.4333152 -0.5004684 1.198161
485237419.2622 0.4332946 -0.5003599 1.198118
485237452.2743 0.4332614 -0.5003604 1.198112
485237486.339 0.4331264 -0.5003582 1.198106
485237519.2472 0.4340775 -0.5005048 1.200058
485237552.258 0.4336949 -0.5005001 1.201113
485237586.411 0.4336136 -0.5004209 1.199555
485237619.2724 0.433049 -0.5004259 1.19957
485237652.2648 0.4324984 -0.5002638 1.195601
485237686.3352 0.4329377 -0.46271 1.199202
485237719.2504 0.4323296 -0.4877165 1.194251
485237752.2863 0.4328814 -0.4781231 1.197446
485237786.3399 0.4333341 -0.4619991 1.19768
485237819.2633 0.4330998 -0.4998472 1.19739
485237852.2655 0.4348128 -0.4611709 1.200245
485237886.3376 0.4360811 -0.4440054 1.198542
485237919.2606 0.4352522 -0.4999963 1.205722
485237952.2497 0.4346075 -0.4997262 1.200692
485237986.3287 0.4345187 -0.4997333 1.200071
485238019.2464 0.4345389 -0.499754 1.199863
485238052.2621 0.43445 -0.499705 1.199504
485238086.34 0.4335751 -0.4993814 1.195194
485238119.2572 0.4337327 -0.4994283 1.19573
485238152.266 0.4333988 -0.4993692 1.195136
485238186.3258 0.4331401 -0.4991975 1.192866
485238219.2484 0.4330974 -0.4990999 1.192223
485238252.2805 0.4338544 -0.4553986 1.194585
485238286.3264 0.4313809 -0.4353408 1.265186
485238319.2547 0.4333623 -0.4563925 1.193604
485238352.2577 0.4294732 -0.4368471 1.227842
485238386.3265 0.428449 -0.4152339 1.186366
485238419.245 0.4293083 -0.440071 1.229839
485238452.2415 0.4310874 -0.4413838 1.266732
485238486.3275 0.4325062 -0.4994468 1.192301
485238519.246 0.4306134 -0.4687252 1.260163
485238552.2482 0.4315311 -0.4995933 1.193295
485238586.3207 0.4316707 -0.4996667 1.192901
485238619.2515 0.431635 -0.4997086 1.192647
485238652.2418 0.431642 -0.4996319 1.191024
485238686.3184 0.4283943 -0.4635456 1.192875
485238719.2455 0.431422 -0.4997988 1.190873
485238752.2456 0.4282398 -0.4628401 1.19346
485238786.3264 0.4280949 -0.4627806 1.193028
485238819.2543 0.4280755 -0.462602 1.191324
485238852.2544 0.4279049 -0.4623636 1.189163
485238886.331 0.4278697 -0.4624277 1.189644
485238919.2659 0.4278167 -0.4623365 1.189684
485238952.2562 0.4278627 -0.4621508 1.188844
485238986.332 0.427824 -0.4621392 1.189558
485239019.2612 0.4278322 -0.4620512 1.188828
485239052.2461 0.4278582 -0.4616891 1.188688
485239086.333 0.4277816 -0.4612748 1.188706
485239119.2548 0.4277215 -0.4612112 1.18862
485239152.2475 0.4277553 -0.4610993 1.188093
485239186.3241 0.4276886 -0.4611727 1.188738
485239219.2545 0.4276966 -0.4609885 1.188539
485239252.2444 0.427743 -0.4608986 1.188506
485239286.3272 0.4277878 -0.4608216 1.188356
485239319.2452 0.4276761 -0.460765 1.188486
485239352.2483 0.4277183 -0.4606434 1.188923
485239386.3298 0.429443 -0.4604673 1.187222
485239419.2598 0.4286735 -0.4601741 1.185967
485239452.2521 0.423956 -0.4358631 1.213617
485239486.3349 0.4270054 -0.4202634 1.19019
485239519.2447 0.4270043 -0.4202532 1.190329
485239552.2556 0.4271577 -0.4198096 1.189641
485239586.3285 0.424778 -0.4380515 1.21715
485239619.2568 0.4263676 -0.4199444 1.191444
485239652.2447 0.4256031 -0.4388206 1.221415
485239686.3919 0.4262373 -0.4189913 1.191127
485239719.2434 0.4275036 -0.4456187 1.187753
485239752.2374 0.4263945 -0.4415005 1.19039
485239786.3251 0.4264947 -0.4196196 1.191885
485239819.2465 0.4314289 -0.4474587 1.193554
485239852.2392 0.4314706 -0.4475356 1.193515
485239886.3278 0.4314651 -0.4476807 1.193042
485239919.2524 0.4314603 -0.4479277 1.193015
485239952.2402 0.4314846 -0.4480863 1.19305
485239986.316 0.4314824 -0.4480769 1.193012
485240019.2587 0.4314573 -0.4483195 1.192833
485240052.2404 0.4314923 -0.4486313 1.192739
485240086.3256 0.4316337 -0.4486916 1.192017
485240119.24 0.4317372 -0.4491614 1.192288
485240152.2525 0.4317569 -0.4492013 1.192404
485240186.3373 0.4317753 -0.4492508 1.192513
485240219.2525 0.4317394 -0.4493217 1.192478
485240252.2485 0.4317396 -0.4472078 1.192587
485240286.321 0.4317445 -0.4467511 1.192642
485240319.2424 0.4317148 -0.446592 1.192628
485240352.2491 0.431664 -0.4494064 1.192491
485240386.3228 0.4316283 -0.4493394 1.192406
485240419.2409 0.4315782 -0.4492184 1.192369
485240452.241 0.4316272 -0.4493936 1.191824
485240486.3185 0.4316082 -0.4493961 1.191794
485240519.2394 0.4315925 -0.4493923 1.191813
485240552.2449 0.4315575 -0.4494022 1.191838
485240586.3191 0.4316923 -0.438329 1.192568
485240619.2387 0.4316607 -0.438389 1.192588
485240652.2389 0.4271528 -0.4398579 1.189664
485240686.3196 0.4314574 -0.438225 1.19226
485240719.2496 0.4314178 -0.4384462 1.192183
485240752.2403 0.4313654 -0.4384881 1.192194
485240786.3223 0.4312962 -0.4381279 1.19215
485240819.2403 0.4312737 -0.4378881 1.192186
485240852.2433 0.4312595 -0.4384298 1.192191
485240886.32 0.4312128 -0.4384851 1.192189
485240919.2351 0.4311816 -0.4385187 1.192172
485240952.241 0.43088 -0.4508066 1.19104
485240986.3226 0.4308161 -0.4508421 1.190918
485241019.2394 0.4307118 -0.4508608 1.190859
485241052.242 0.4305172 -0.4512725 1.190936
485241086.3285 0.4302567 -0.451433 1.190995
485241119.2449 0.4299498 -0.451262 1.191359
485241152.2479 0.4303656 -0.4318162 1.19237
485241186.3131 0.4293799 -0.4516107 1.191449
485241219.25 0.4292479 -0.4516294 1.191515
485241252.2506 0.429129 -0.4517793 1.191495
485241286.3214 0.4290201 -0.4519979 1.191507
485241319.2387 0.428922 -0.4519842 1.191562
485241352.2409 0.4290479 -0.434296 1.192949
485241386.3228 0.4287229 -0.4521652 1.191676
485241419.2511 0.4285435 -0.4522802 1.191677
485241452.2361 0.4284459 -0.4523008 1.19175
485241486.3411 0.4283101 -0.4521354 1.192097
485241519.2431 0.4282498 -0.4521657 1.192118
485241552.2342 0.4281633 -0.452191 1.192192
485241586.3071 0.4280111 -0.4522338 1.192163
485241619.2392 0.4279863 -0.452233 1.192175
485241652.2319 0.4278571 -0.4523882 1.192206
485241686.3213 0.4276891 -0.4524558 1.192111
485241719.2369 0.4253532 -0.4358161 1.193066
485241752.2354 0.4271825 -0.4522049 1.191738
485241786.3067 0.4269731 -0.4523591 1.191582
485241819.2448 0.4248115 -0.4356997 1.192888
485241852.2417 0.4265221 -0.4519775 1.191374
485241886.3208 0.4263551 -0.4519177 1.191335
485241919.2511 0.4260575 -0.4515675 1.191278
485241952.2419 0.4258962 -0.4515906 1.191247
485241986.3263 0.4256668 -0.451456 1.191209
485242019.2419 0.4254123 -0.4511509 1.190977
485242052.2392 0.4251347 -0.4508968 1.19087
485242086.3232 0.4248127 -0.450751 1.190684
485242119.2326 0.4245548 -0.4506878 1.190439
485242152.2492 0.424292 -0.4506912 1.190534
485242186.334 0.4241104 -0.4506791 1.190547
485242219.2455 0.424883 -0.4243367 1.192248
485242252.2411 0.4235381 -0.4506857 1.190353
485242286.3145 0.4249696 -0.460815 1.188251
485242319.2313 0.4236854 -0.4583163 1.18861
485242352.2503 0.4243905 -0.4621591 1.187801
485242386.3257 0.4220046 -0.4486016 1.187836
485242419.2663 0.421959 -0.4485838 1.187835
485242452.2435 0.4218959 -0.4487969 1.187899
485242486.3164 0.4216547 -0.4482798 1.188522
485242519.2308 0.4215504 -0.4482158 1.188349
485242552.24 0.421517 -0.4481534 1.188282
485242586.3223 0.4215046 -0.4481246 1.18827
485242619.2334 0.4215265 -0.4481573 1.188257
485242652.2475 0.4216085 -0.4482331 1.188235
485242686.3225 0.4217917 -0.4483903 1.188272
485242719.2352 0.4221216 -0.4489314 1.188326
485242752.2387 0.4224568 -0.4492111 1.188077
485242786.3391 0.4228224 -0.44935 1.188228
485242819.2317 0.4233658 -0.4495052 1.18796
485242852.2401 0.4238702 -0.4499597 1.187423
485242886.32 0.4242064 -0.4501146 1.187539
485242919.2503 0.4246075 -0.4499877 1.187377
485242952.2378 0.425195 -0.4498331 1.187084
485242986.3181 0.4255934 -0.4496754 1.186965
485243019.2296 0.4261428 -0.4496837 1.186843
485243052.2457 0.4266803 -0.4494197 1.186945
485243086.3104 0.427274 -0.4484802 1.186926
485243119.2449 0.4281553 -0.4452462 1.185734
485243152.2467 0.4283284 -0.4453395 1.185565
485243186.304 0.4284154 -0.4453476 1.185287
485243219.2303 0.4284658 -0.4453996 1.185195
485243252.2313 0.4284746 -0.4456505 1.185403
485243286.3087 0.4285949 -0.445471 1.184875
485243319.2419 0.4286507 -0.4455203 1.184833
485243352.2405 0.4288241 -0.4456664 1.184766
485243386.3122 0.4292545 -0.4438778 1.184695
485243419.2368 0.42956 -0.4443375 1.184658
485243452.2287 0.430316 -0.4451838 1.185142
485243486.309 0.4312539 -0.4459853 1.186237
485243519.2328 0.4320607 -0.4456331 1.18618
485243552.2334 0.4341725 -0.4448371 1.188593
485243586.3195 0.4372163 -0.4140491 1.190201
485243619.2806 0.4381705 -0.4139929 1.190558
485243652.252 0.4399129 -0.4137488 1.191322
485243686.3077 0.4424125 -0.4110575 1.193056
485243719.2356 0.4439438 -0.410668 1.194255
485243752.2477 0.4451789 -0.4097955 1.193935
485243786.3087 0.4463072 -0.4084492 1.193162
485243819.244 0.4473766 -0.4076553 1.192867
485243852.2269 0.4482488 -0.40679 1.192639
485243886.3035 0.4492869 -0.4051291 1.191765
485243919.2397 0.4501865 -0.4037471 1.1912
485243952.2464 0.450938 -0.4027478 1.190572
485243986.3136 0.4519182 -0.4002223 1.189348
485244019.2427 0.4529006 -0.3976038 1.187601
485244052.2252 0.4539283 -0.3957296 1.186123
485244086.3215 0.4551439 -0.3923763 1.184844
485244119.2552 0.4561027 -0.3900491 1.182622
485244152.2467 0.4567005 -0.387843 1.180521
485244186.3188 0.4568832 -0.3847854 1.177427
485244219.3042 0.4573497 -0.3812172 1.175821
485244252.2247 0.5197527 -0.3176819 1.177469
485244286.3058 0.5168832 -0.3146184 1.178117
485244319.2284 0.5145957 -0.3111197 1.177473
485244352.2249 0.5131835 -0.3072284 1.176869
485244386.384 0.5113096 -0.3014484 1.175905
485244419.2368 0.5104025 -0.2962483 1.174498
485244452.2222 0.509734 -0.2918826 1.173277
485244486.3016 0.5091606 -0.2868202 1.172224
485244519.2484 0.5088186 -0.2807227 1.170539
485244552.226 0.5087986 -0.275777 1.169719
485244586.3059 0.5089408 -0.2692431 1.167613
485244619.2293 0.5080639 -0.2636324 1.166211
485244652.252 0.5072679 -0.2584312 1.164622
485244686.3131 0.5061892 -0.2541582 1.162914
485244719.2274 0.5043755 -0.2521311 1.161879
485244752.2292 0.5024993 -0.249288 1.161397
485244786.3116 0.5000811 -0.2464015 1.160975
485244819.2235 0.4972695 -0.2435583 1.160724
485244852.2216 0.4942549 -0.2412645 1.15999
485244886.3089 0.4894847 -0.2373242 1.157763
485244919.236 0.4854336 -0.2365118 1.156058
485244952.2283 0.4794917 -0.2364087 1.15432
485244986.3058 0.4759858 -0.2367505 1.153987
485245019.2246 0.4683765 -0.2372017 1.150426
485245052.2314 0.463231 -0.2371738 1.148746
485245086.308 0.4606907 -0.2370753 1.147955
485245119.2244 0.4580994 -0.2358006 1.148501
485245152.2237 0.4568929 -0.2346719 1.148457
485245186.3012 0.4561117 -0.2324252 1.149287
485245219.2299 0.4546364 -0.2308644 1.149282
485245252.2419 0.4644521 -0.1985582 1.174225
485245286.3112 0.4449313 -0.2263302 1.146393
485245319.2317 0.4455601 -0.2253612 1.146844
485245352.2212 0.4463062 -0.224536 1.147552
485245386.2986 0.4680581 -0.190691 1.177547
485245419.2294 0.4679635 -0.1909036 1.177481
485245452.2238 0.4467261 -0.2277014 1.147308
485245486.309 0.4472101 -0.2269357 1.147718
485245519.232 0.447111 -0.2271895 1.147525
485245552.2219 0.4482125 -0.226238 1.148376
485245586.2973 0.4496858 -0.2255367 1.149765
485245619.2318 0.4496708 -0.2257201 1.149734
485245652.2389 0.4777652 -0.1937823 1.178553
485245686.3122 0.4521568 -0.2347546 1.14824
485245719.2258 0.4521506 -0.2347731 1.148265
485245752.2641 0.4527266 -0.2351263 1.148932
485245786.2984 0.4529637 -0.2355804 1.149288
485245819.2268 0.4530396 -0.2362334 1.149278
485245852.2179 0.4532597 -0.2371213 1.149679
485245886.299 0.4538139 -0.2375841 1.149855
485245919.2232 0.4733436 -0.218049 1.189487
485245952.2172 0.4427687 -0.2526502 1.146859
485245986.3008 0.5052599 -0.2110807 1.170052
485246019.2201 0.5046416 -0.2192698 1.169922
485246052.2371 0.5143984 -0.2246849 1.163243
485246086.2952 0.5169404 -0.2267677 1.16073
485246119.24 0.5188678 -0.2289278 1.158319
485246152.2603 0.5212217 -0.2289666 1.156857
485246186.3274 0.5213744 -0.2289879 1.156854
485246219.227 0.5206746 -0.2291339 1.156842
485246252.2296 0.5208311 -0.2296993 1.157092
485246286.2952 0.5212265 -0.23016 1.156944
485246319.2276 0.5220948 -0.2312668 1.156848
485246352.2277 0.487665 -0.2378854 1.169603
485246386.3208 0.4876135 -0.2379134 1.169586
485246419.2298 0.4517662 -0.2878363 1.179312
485246452.2238 0.4905209 -0.237543 1.170552
485246486.2967 0.4902869 -0.2392049 1.170509
485246519.2259 0.4899606 -0.2414546 1.170755
485246552.2281 0.4899929 -0.2427276 1.171004
485246586.3203 0.4901029 -0.244147 1.171117
485246619.247 0.4905429 -0.2449849 1.171689
485246652.2163 0.490751 -0.2456794 1.171734
485246686.3118 0.4914095 -0.2463953 1.171114
485246719.2315 0.462826 -0.2933544 1.179364
485246752.2391 0.4982962 -0.2469969 1.169312
485246786.3071 0.4672658 -0.2916076 1.182287
485246819.2251 0.4998523 -0.2493161 1.169255
485246852.2253 0.4998665 -0.2495147 1.169245
485246886.3027 0.499808 -0.2496238 1.169273
485246919.224 0.4998664 -0.2500624 1.169398
485246952.2291 0.4983371 -0.2503053 1.16992
485246986.3111 0.4987391 -0.2509564 1.170149
485247019.2296 0.4999564 -0.2517879 1.170473
485247052.2252 0.5004585 -0.2524481 1.170542
485247086.2993 0.5013239 -0.2531224 1.17075
485247119.219 0.5026125 -0.254069 1.171117
485247152.2122 0.5035447 -0.2548693 1.171089
485247186.3024 0.504909 -0.2547776 1.171555
485247219.225 0.5079204 -0.2576023 1.170095
485247252.2218 0.5085465 -0.2583483 1.170579
485247286.2997 0.5089796 -0.2586923 1.170786
485247319.2169 0.5129 -0.2593646 1.171296
485247352.2314 0.5270907 -0.2578361 1.171472
485247386.3183 0.5267351 -0.258026 1.171573
485247419.2318 0.5272945 -0.2579165 1.17181
485247452.2513 0.5276055 -0.2590268 1.17174
485247486.2971 0.5280846 -0.2601874 1.171639
485247519.2312 0.5290194 -0.2613426 1.171489
485247552.2244 0.5298095 -0.2621771 1.171598
485247586.2879 0.5303254 -0.2631004 1.171651
485247619.2264 0.531007 -0.2641824 1.171668
485247652.2311 0.53162 -0.2654259 1.171722
485247686.297 0.5322853 -0.2665145 1.171838
485247719.2163 0.5327629 -0.2672396 1.171898
485247752.221 0.5332856 -0.2683321 1.171931
485247786.2931 0.5337569 -0.2692838 1.172022
485247819.219 0.5340232 -0.2701121 1.172034
485247852.2261 0.5344968 -0.2713428 1.172135
485247886.2892 0.5353084 -0.2732496 1.171743
485247919.2314 0.5354462 -0.2745099 1.171797
485247952.216 0.5358959 -0.2759539 1.171608
485247986.3099 0.5359795 -0.2761914 1.171455
485248019.2189 0.5360084 -0.2770405 1.17111
485248052.226 0.5360661 -0.2782455 1.17086
485248086.3014 0.535746 -0.2789119 1.170987
485248119.2108 0.5355836 -0.2801558 1.171034
485248152.2102 0.535058 -0.2811463 1.171112
485248186.3057 0.5345803 -0.2829845 1.17113
485248219.2204 0.5345014 -0.2848205 1.171181
485248252.2206 0.5338709 -0.2869517 1.172031
485248286.2972 0.5331734 -0.2886483 1.172036
485248319.2358 0.5306557 -0.2904797 1.173325
485248352.213 0.5291858 -0.292089 1.174059
485248386.2888 0.5283243 -0.2943696 1.174362
485248419.2516 0.5268475 -0.2961958 1.174865
485248452.2164 0.5250456 -0.2976776 1.175339
485248486.2897 0.5231679 -0.2987657 1.175688
485248519.2259 0.5213741 -0.3008559 1.175879
485248552.2112 0.5201051 -0.3022924 1.176035
485248586.2837 0.5121353 -0.3047075 1.174576
485248619.2219 0.5122048 -0.3066019 1.174419
485248652.2135 0.5120271 -0.3076813 1.174506
485248686.2884 0.5119361 -0.3094293 1.174407
485248719.2258 0.5114408 -0.311629 1.174293
485248752.2153 0.5109927 -0.3125408 1.17478
485248786.2886 0.5101566 -0.3137578 1.174995
485248819.2095 0.508194 -0.3147044 1.176134
485248852.2199 0.5069161 -0.3162763 1.177295
485248886.297 0.5061452 -0.318037 1.17736
485248919.2142 0.5056667 -0.3192295 1.177176
485248952.207 0.4854776 -0.3488751 1.183971
485248986.2971 0.465741 -0.380865 1.185715
485249019.2176 0.4827644 -0.3461587 1.183503
485249052.21 0.4826652 -0.3460528 1.183504
485249086.2944 0.4819261 -0.3474291 1.184655
485249119.2092 0.4818499 -0.3472875 1.184806
485249152.2319 0.4816187 -0.3470614 1.18461
485249186.3217 0.481569 -0.3469689 1.184627
485249219.2167 0.4705287 -0.3960932 1.17945
485249252.2309 0.4779258 -0.3455333 1.187446
485249286.289 0.4779505 -0.3455455 1.187495
485249319.2255 0.4779015 -0.3455102 1.187476
485249352.2199 0.4691305 -0.3968036 1.179018
485249386.292 0.4691215 -0.3970603 1.178996
485249419.229 0.4689021 -0.3975103 1.179406
485249452.2328 0.4686287 -0.3979772 1.179682
485249486.2918 0.4684612 -0.3984019 1.179598
485249519.2066 0.4680419 -0.39873 1.179673
485249552.2051 0.4677915 -0.3992229 1.179591
485249586.3141 0.4673817 -0.3995482 1.179523
485249619.247 0.4670725 -0.3998466 1.179618
485249652.2438 0.4666122 -0.3996669 1.179557
485249686.304 0.4654708 -0.3996846 1.17917
485249719.2155 0.4646612 -0.3995643 1.178751
485249752.228 0.4637024 -0.3994183 1.178367
485249786.296 0.462798 -0.3992665 1.178456
485249819.2251 0.4622368 -0.3989801 1.178179
485249852.2093 0.461337 -0.3989546 1.178293
485249886.2941 0.4603437 -0.3990737 1.178685
485249919.2105 0.4590846 -0.3992913 1.179832
485249952.2205 0.4531485 -0.4049736 1.191606
485249986.2881 0.4530542 -0.4046382 1.191515
485250019.2213 0.4530098 -0.4042546 1.19149
485250052.2141 0.4528087 -0.403668 1.191092
485250086.2895 0.4523798 -0.4035652 1.190458
485250119.2195 0.4521795 -0.4035209 1.190318
485250152.2069 0.4518329 -0.4033955 1.189807
485250186.2897 0.4517436 -0.4034131 1.189749
485250219.2143 0.4516152 -0.4032576 1.189437
485250252.2083 0.451516 -0.403151 1.189385
485250286.2874 0.451496 -0.4029746 1.189338
485250319.2296 0.4515248 -0.4029117 1.189397
485250352.2474 0.451548 -0.402812 1.18941
485250386.283 0.451674 -0.4027072 1.189543
485250419.2154 0.4517093 -0.4024853 1.189481
485250452.2189 0.4517351 -0.4023456 1.189489
485250486.2848 0.451855 -0.4019313 1.189461
485250519.2139 0.4520601 -0.4014829 1.189565
485250552.2108 0.4522499 -0.4011977 1.18976
485250586.2792 0.4524212 -0.4007365 1.189725
485250619.2404 0.4526808 -0.4006312 1.189687
485250652.202 0.4527587 -0.4004528 1.189714
485250686.2897 0.452786 -0.4003766 1.189721
485250719.2221 0.4528094 -0.4002912 1.189762
485250752.2054 0.4528611 -0.4001471 1.189761
485250786.2837 0.4528719 -0.4001121 1.189766
485250819.2214 0.4528948 -0.4000853 1.18989
485250852.2015 0.4528804 -0.4000535 1.189607
485250886.2834 0.4528853 -0.3999958 1.189627
485250919.2208 0.452863 -0.3999562 1.189583
485250952.2103 0.4527814 -0.3999444 1.189635
485250986.2844 0.4527001 -0.4000066 1.189607
485251019.207 0.4525864 -0.400043 1.190009
485251052.2121 0.4524313 -0.4000373 1.190393
485251086.2924 0.4522984 -0.4001057 1.190571
485251119.2063 0.4522255 -0.4000743 1.190686
485251152.2098 0.4521626 -0.399995 1.190895
485251186.2876 0.4520054 -0.3999382 1.191253
485251219.2102 0.4518558 -0.3998814 1.191457
485251252.2103 0.451746 -0.3998229 1.191712
485251286.2882 0.4516641 -0.3997962 1.191793
485251319.2144 0.4515986 -0.3996737 1.191829
485251352.2109 0.451543 -0.3995444 1.191925
485251386.2846 0.4514594 -0.3993612 1.191999
485251419.2048 0.4512528 -0.3993309 1.192187
485251452.2074 0.4512416 -0.3992878 1.192347
485251486.2885 0.4512266 -0.3992466 1.192421
485251519.2119 0.4512045 -0.3991884 1.192596
485251552.1981 0.4512925 -0.3990248 1.192662
485251586.2879 0.4513389 -0.3989196 1.192828
485251619.2149 0.4514359 -0.3986117 1.192856
485251652.213 0.4515647 -0.3984557 1.192948
485251686.3016 0.4518235 -0.3979019 1.192963
485251719.2003 0.4519472 -0.397775 1.193011
485251752.207 0.4520425 -0.3976886 1.192987
485251786.2759 0.4520892 -0.3977743 1.193055
485251819.2091 0.4521594 -0.3977257 1.193092
485251852.2052 0.4522391 -0.3977623 1.193336
485251886.2892 0.4522616 -0.3977982 1.193455
485252152.2032 0.4518224 -0.3978514 1.193538
485252186.2827 0.451727 -0.3977947 1.193523
485252219.2106 0.4515689 -0.3977804 1.193324
485252252.2021 0.451465 -0.3977818 1.193248
485252286.2841 0.4513495 -0.3977954 1.19317
485252319.1976 0.4512687 -0.3978267 1.193172
485252352.2146 0.451081 -0.3977786 1.192888
485252386.283 0.4510457 -0.3977433 1.192844
485252419.2179 0.4509137 -0.3977255 1.192691
485252452.2078 0.4507378 -0.3977969 1.192634
485252486.2803 0.4506984 -0.3977977 1.192607
485252519.2082 0.4505868 -0.3977162 1.192442
485252552.1989 0.450535 -0.3977284 1.192396
485252586.2788 0.4504717 -0.3977019 1.192372
485252619.1981 0.4504009 -0.3977267 1.192164
485252652.2032 0.4503243 -0.3977357 1.192042
485252686.2819 0.4501697 -0.3977137 1.191756
485252719.2044 0.4501379 -0.3977146 1.19175
485252752.2005 0.4501123 -0.3977034 1.191866
485252786.2746 0.4500494 -0.3976151 1.192087
485252819.219 0.4500595 -0.3977592 1.191898
485252852.1957 0.4499801 -0.3978245 1.191707
485252886.2834 0.4498977 -0.3978748 1.191964
485252919.1994 0.449874 -0.3979164 1.191971
485252952.1979 0.4498399 -0.3979174 1.191878
485252986.2889 0.4498379 -0.397919 1.191903
485253019.2078 0.4498115 -0.3978959 1.191909
485253052.1932 0.4497641 -0.3979236 1.191874
485253086.2743 0.4497228 -0.3979401 1.191825
485253119.1985 0.4496299 -0.3979378 1.191723
485253152.1995 0.4495926 -0.3978034 1.191653
485253186.2958 0.4495254 -0.3977697 1.19141
485253219.1995 0.4494729 -0.397754 1.191337
485253252.1976 0.4494493 -0.3976419 1.191331
485253286.2902 0.4494495 -0.3976567 1.191347
485253319.2128 0.4494547 -0.3976434 1.191377
485253352.208 0.449456 -0.3975246 1.191332
485253386.2871 0.4494723 -0.3974939 1.19139
485253419.2084 0.449461 -0.3974682 1.191349
