485279686.2002 0.447892 -0.4337808 1.195953
485279719.1112 0.4480258 -0.4126989 1.198785
485279752.1081 0.4480051 -0.4124512 1.197519
485279786.1843 0.4481655 -0.4126624 1.197319
485279819.1143 0.4482469 -0.4126679 1.196861
485279852.1259 0.4482225 -0.4128031 1.196896
485279886.1824 0.449267 -0.3995266 1.204528
485279919.1251 0.4491153 -0.3994995 1.204191
485279952.1117 0.4495201 -0.4337755 1.192892
485279986.1859 0.4474961 -0.3992051 1.202568
485280019.1154 0.4502861 -0.434097 1.193367
485280052.116 0.4478654 -0.4131354 1.193858
485280086.1873 0.4476426 -0.4130127 1.193214
485280119.1102 0.4494043 -0.4338238 1.191606
485280152.1157 0.4537144 -0.42707 1.192382
485280186.1805 0.4506318 -0.4328529 1.193652
485280219.1112 0.4501806 -0.432075 1.193538
485280252.1139 0.4484946 -0.4314445 1.192723
485280286.1958 0.449437 -0.4311325 1.192634
485280319.1077 0.4483387 -0.4306668 1.191509
485280352.1124 0.4481708 -0.4305171 1.191625
485280386.2062 0.4479739 -0.4304077 1.191522
485280419.1025 0.4489899 -0.4305867 1.193613
485280452.129 0.4488326 -0.4306293 1.194352
485280486.192 0.4478052 -0.4302988 1.192852
485280519.1224 0.4480543 -0.4302542 1.192985
485280552.1098 0.4478013 -0.4302333 1.193101
485280586.1778 0.4477216 -0.4300681 1.192871
485280619.1316 0.4477005 -0.4300194 1.192712
485280652.1207 0.4475726 -0.4300835 1.193066
485280686.2051 0.4475109 -0.4300556 1.192945
485280719.1104 0.4474635 -0.4301765 1.192865
485280752.127 0.4474282 -0.430094 1.19251
485280786.1892 0.4477189 -0.4321055 1.191272
485280819.1028 0.4475681 -0.4319982 1.191377
485280852.1079 0.4463773 -0.4314631 1.190337
485280886.1857 0.4472722 -0.4311939 1.191072
485280919.1604 0.447425 -0.4324091 1.19029
485280952.1298 0.4474575 -0.4329816 1.189905
485280986.1965 0.4475542 -0.4333595 1.189655
485281019.1195 0.4474825 -0.4326165 1.190083
485281052.1115 0.447592 -0.4332461 1.189856
485281086.2222 0.447447 -0.4325635 1.189984
485281119.1008 0.4473499 -0.4322114 1.190117
485281152.1186 0.4463052 -0.4317085 1.189614
485281186.1829 0.447172 -0.4316538 1.190261
485281219.1026 0.4471918 -0.4314133 1.190435
485281252.118 0.4461835 -0.4309719 1.190031
485281286.1782 0.4463019 -0.4325532 1.189382
485281319.1003 0.4471341 -0.4322898 1.190469
485281352.1083 0.4470617 -0.4321083 1.19095
485281386.1845 0.4462214 -0.4317679 1.190477
485281419.105 0.4472319 -0.4319767 1.192075
485281452.099 0.4473793 -0.434002 1.191091
485281486.1764 0.4473318 -0.4335718 1.191185
485281519.1056 0.4473243 -0.4332181 1.191376
485281552.1123 0.445951 -0.432603 1.19075
485281586.1889 0.4460016 -0.4344456 1.189914
485281619.1111 0.4473415 -0.4347648 1.18956
485281652.1084 0.4463783 -0.4354818 1.189268
485281686.1846 0.4475269 -0.4350317 1.191111
485281719.1084 0.4461066 -0.4343168 1.190093
485281752.1065 0.4460821 -0.4337862 1.190284
485281786.1905 0.4460675 -0.4333658 1.190427
485281819.1098 0.4460573 -0.4331903 1.190488
485281852.1038 0.4477924 -0.4345275 1.190801
485281886.1849 0.4464616 -0.433786 1.190523
485281919.107 0.4475553 -0.433479 1.191217
485281952.1265 0.4467166 -0.4330524 1.191004
485281986.1896 0.4467199 -0.4343568 1.19016
485282019.1134 0.4467627 -0.4352599 1.189622
485282052.1443 0.4468606 -0.4359272 1.189303
485282086.1938 0.4466591 -0.4351788 1.189961
485282119.118 0.4466845 -0.4358191 1.189632
485282152.1174 0.4467224 -0.4366333 1.189484
485282186.1928 0.4480316 -0.4356595 1.192135
485282219.1055 0.4481589 -0.4365765 1.192014
485282252.104 0.4471344 -0.4353589 1.190686
485282286.1728 0.4472411 -0.4356175 1.190277
485282319.1003 0.448676 -0.4364021 1.190038
485282352.0997 0.4484947 -0.4373314 1.190386
485282386.182 0.4468616 -0.4361221 1.190322
485282419.1173 0.4441772 -0.4133806 1.191824
485282452.1019 0.4462716 -0.4347577 1.190724
485282486.1723 0.4461793 -0.4343254 1.191028
485282519.1195 0.4478882 -0.434294 1.191708
485282552.1061 0.4478193 -0.4338843 1.191978
485282586.1774 0.4462762 -0.4335181 1.191375
485282619.107 0.4462345 -0.4333658 1.191539
485282652.1129 0.4475384 -0.4342766 1.191061
485282686.2067 0.4464686 -0.4334058 1.190716
485282719.1034 0.4463684 -0.4331726 1.190783
485282752.1151 0.4463306 -0.4328838 1.191029
485282786.174 0.447321 -0.4328791 1.192206
485282819.1032 0.4472705 -0.4327657 1.192291
485282852.1699 0.44724 -0.4325484 1.192556
485282886.182 0.4475349 -0.4339486 1.191992
485282919.1083 0.4473967 -0.4336132 1.19265
485282952.0969 0.447374 -0.4332572 1.193248
485282986.1703 0.4472599 -0.4330174 1.19349
485283019.1068 0.4471005 -0.4328883 1.193538
485283052.1037 0.4473108 -0.4331836 1.19592
485283086.1955 0.44706 -0.4329403 1.195842
485283119.1066 0.4460267 -0.4329535 1.196142
485283152.1026 0.4456351 -0.4329442 1.196347
485283186.1788 0.4452356 -0.4328642 1.196131
485283219.0973 0.4453982 -0.4326441 1.195491
485283252.0954 0.4406905 -0.432763 1.196871
485283286.1925 0.4381868 -0.4150672 1.199404
485283319.1036 0.4334033 -0.4330743 1.197558
485283352.1116 0.4423252 -0.4919441 1.192321
485283386.2161 0.4422862 -0.4918423 1.192238
485283419.1087 0.4422644 -0.4917857 1.192361
485283452.1023 0.4422197 -0.4917291 1.192314
485283486.1809 0.4415562 -0.4915994 1.191686
485283519.1146 0.4413747 -0.4915973 1.192063
485283552.1041 0.4404519 -0.4914828 1.192624
485283586.1836 0.4409919 -0.4914228 1.192479
485283619.1271 0.4410797 -0.4912846 1.19243
485283652.1827 0.4410732 -0.4912261 1.192146
485283686.1727 0.4409105 -0.4911463 1.192122
485283719.0936 0.4380193 -0.4689704 1.195454
485283752.0937 0.4382316 -0.4909653 1.192718
485283786.1712 0.4400422 -0.4909152 1.191368
485283819.104 0.4387888 -0.4907551 1.191831
485283852.1079 0.4400253 -0.4907739 1.192017
485283886.1968 0.4401458 -0.4906566 1.191871
485283919.1079 0.4401684 -0.4904932 1.191801
485283952.1261 0.4401273 -0.4902259 1.19121
485283986.1797 0.4402002 -0.4900252 1.190909
485284019.0941 0.4401842 -0.4898548 1.190737
485284052.1008 0.4452752 -0.4457461 1.200081
485284086.2111 0.4448099 -0.4452656 1.199275
485284119.1094 0.4623556 -0.444115 1.203864
485284152.1096 0.4358065 -0.408846 1.193291
485284186.1751 0.444216 -0.4450084 1.193942
485284219.0907 0.444455 -0.4448963 1.193924
485284252.0946 0.4445817 -0.4450711 1.194015
485284286.181 0.4394185 -0.4593685 1.18838
485284319.1311 0.4649294 -0.444798 1.200677
485284352.098 0.4650292 -0.4446938 1.200515
485284386.1845 0.465165 -0.4445006 1.200288
485284419.0935 0.484563 -0.43614 1.218686
485284452.0937 0.4848765 -0.4360938 1.21871
485284486.1789 0.4467595 -0.4047464 1.199938
485284519.0961 0.4436436 -0.3737727 1.197864
485284552.0922 0.4477153 -0.4052017 1.198345
485284586.1823 0.4520005 -0.4081879 1.198406
485284619.0897 0.4512157 -0.4076421 1.19812
485284652.0936 0.4511486 -0.4055137 1.195209
485284686.1768 0.4465992 -0.4117445 1.190536
485284719.0936 0.4463539 -0.4024418 1.192505
485284752.0933 0.4451327 -0.4007465 1.193542
485284786.1745 0.4630926 -0.4227595 1.207666
485284819.1085 0.4659744 -0.4278912 1.209503
485284852.0873 0.4510344 -0.4489168 1.193819
485284886.1832 0.4490607 -0.4467677 1.191273
485284919.1153 0.4488382 -0.4460233 1.190719
485284952.0941 0.4484727 -0.4457517 1.189953
485284986.1682 0.4477834 -0.4451719 1.188732
485285019.1052 0.4478731 -0.4463443 1.188633
485285052.1029 0.4468608 -0.44675 1.188483
485285086.168 0.4467407 -0.4460922 1.187235
485285119.0988 0.4428026 -0.4562197 1.182392
485285152.0895 0.4429411 -0.4558547 1.181654
485285186.1718 0.4455863 -0.4490486 1.183953
485285219.0923 0.4454517 -0.4498027 1.183247
485285252.0888 0.4454542 -0.4501774 1.182749
485285286.1835 0.4455087 -0.4505859 1.182356
485285319.0913 0.4495585 -0.4793457 1.183258
485285352.0861 0.450057 -0.4792109 1.182846
485285386.1795 0.4537008 -0.4561111 1.184077
485285419.1116 0.4544889 -0.4538354 1.183587
485285452.0916 0.4551838 -0.4514779 1.182374
485285486.1674 0.4561584 -0.449385 1.181223
485285519.0896 0.4577094 -0.4458264 1.179577
485285552.1041 0.4592872 -0.4401233 1.179212
485285586.1708 0.4609579 -0.4368643 1.179595
485285619.1033 0.4617727 -0.4335269 1.179377
485285652.096 0.4626465 -0.4285633 1.179579
485285686.1694 0.4508648 -0.4226476 1.173187
485285719.0903 0.4506611 -0.4216437 1.172885
485285752.09 0.4686382 -0.3983737 1.181716
485285786.1589 0.4685113 -0.395964 1.179427
485285819.0913 0.4685185 -0.3928983 1.177835
485285852.1009 0.4687445 -0.3895452 1.176728
485285886.1623 0.468876 -0.3859459 1.175183
485285919.091 0.4695066 -0.3804713 1.173694
485285952.0875 0.469737 -0.3753136 1.171961
485285986.1662 0.4700084 -0.3708302 1.170811
485286019.0998 0.470009 -0.3664362 1.170318
485286052.0844 0.4698095 -0.3616759 1.169595
485286086.1807 0.4697389 -0.3574948 1.167886
485286119.0955 0.4691638 -0.3539395 1.167273
485286152.1006 0.4687028 -0.3505371 1.166246
485286186.1993 0.5310003 -0.2972965 1.149363
485286219.0895 0.5303439 -0.2939805 1.15055
485286252.0958 0.5300187 -0.2911491 1.151542
485286286.1892 0.5297533 -0.2889092 1.152332
485286319.0913 0.5288562 -0.2867334 1.152913
485286352.098 0.5280415 -0.2845687 1.153579
485286386.18 0.5275075 -0.2816185 1.154373
485286419.096 0.5261218 -0.2799981 1.154723
485286452.0875 0.5238672 -0.2777267 1.15592
485286486.1629 0.5218076 -0.274811 1.157187
485286519.0904 0.5200709 -0.2721615 1.158157
485286552.0844 0.518393 -0.2699277 1.159079
485286586.1762 0.5171187 -0.2674001 1.159457
485286619.0926 0.5164413 -0.2650571 1.159848
485286652.0891 0.514979 -0.2627323 1.160524
485286686.1829 0.5137587 -0.2608644 1.161181
485286719.0965 0.5126149 -0.2589994 1.161547
485286752.0888 0.5117636 -0.2566326 1.162084
485286786.1716 0.5107447 -0.2545105 1.162706
485286819.0929 0.50986 -0.2527024 1.163026
485286852.1021 0.5092998 -0.2509144 1.163579
485286886.1734 0.5085944 -0.2492952 1.163716
485286919.0894 0.5076473 -0.2476702 1.16388
485286952.0953 0.5063496 -0.2462759 1.164397
485286986.1588 0.5055735 -0.2449515 1.164598
485287019.0965 0.5045581 -0.2439653 1.16476
485287052.0877 0.5035635 -0.242808 1.164541
485287086.1659 0.5453257 -0.2464913 1.142065
485287119.0905 0.4964456 -0.2384454 1.161232
485287152.0845 0.4966213 -0.237792 1.161481
485287186.1755 0.4967229 -0.2373352 1.161518
485287219.1034 0.5385461 -0.2438313 1.142215
485287252.0839 0.5384924 -0.2434223 1.142349
485287286.165 0.538426 -0.24294 1.142494
485287319.0851 0.5383638 -0.242289 1.1429
485287352.1321 0.5357971 -0.2414774 1.143837
485287386.1549 0.5332033 -0.2408499 1.144977
485287419.1013 0.5335253 -0.2403647 1.145196
485287452.0986 0.5308898 -0.2395232 1.146269
485287486.1612 0.529007 -0.2391018 1.147773
485287519.0859 0.5286015 -0.2387654 1.148373
485287552.0795 0.5285126 -0.2383792 1.148535
485287586.1725 0.4810487 -0.2428788 1.155905
485287619.0811 0.4810477 -0.2429232 1.156082
485287652.1047 0.4811662 -0.242978 1.156543
485287686.1751 0.4813297 -0.2429304 1.156798
485287719.0825 0.4813485 -0.2430153 1.156801
485287752.0896 0.48137 -0.2432575 1.157788
485287786.1617 0.4818254 -0.24327 1.158595
485287819.0822 0.4819196 -0.2434073 1.15874
485287852.091 0.4819488 -0.2435156 1.158793
485287886.1541 0.4820184 -0.2438771 1.15888
485287919.0754 0.4821912 -0.2442617 1.159169
485287952.0978 0.4823945 -0.244599 1.159224
485287986.1616 0.4824277 -0.244989 1.159466
485288019.0822 0.4824133 -0.2453132 1.159573
485288052.0971 0.4824782 -0.2457705 1.160048
485288086.1799 0.4826521 -0.2463546 1.160359
485288119.0889 0.4830004 -0.2467174 1.160608
485288152.0895 0.5303875 -0.2409326 1.140245
485288186.1591 0.4852036 -0.250036 1.163696
485288219.0915 0.4853343 -0.2500209 1.16381
485288252.0798 0.485809 -0.2497892 1.164119
485288286.1667 0.4859588 -0.2498945 1.164298
485288319.0909 0.4863134 -0.2498219 1.164328
485288352.0902 0.4866997 -0.2498289 1.164444
485288386.1783 0.4878179 -0.2495959 1.16462
485288419.0898 0.4884552 -0.2496617 1.164977
485288452.1088 0.4893318 -0.249578 1.16506
485288486.1563 0.4902492 -0.2494021 1.165134
485288519.0932 0.4918935 -0.2492203 1.165394
485288552.0905 0.494945 -0.2478956 1.164936
485288586.1569 0.4970361 -0.2472264 1.165067
485288619.0856 0.4978071 -0.2473262 1.165129
485288652.0788 0.4988988 -0.2472657 1.165048
485288686.1706 0.4996076 -0.2475767 1.165104
485288719.0891 0.5003079 -0.2483535 1.165132
485288752.0769 0.5016294 -0.2496769 1.164746
485288786.1523 0.5019279 -0.2508605 1.164668
485288819.0839 0.5028911 -0.2517789 1.164077
485288852.1649 0.5037286 -0.2526012 1.163796
485288886.1791 0.5045468 -0.253702 1.1635
485288919.0923 0.5053265 -0.254509 1.163429
485288952.0928 0.5058934 -0.2559102 1.16285
485288986.1526 0.5068232 -0.2570418 1.162501
485289019.0809 0.5077815 -0.2586048 1.161914
485289052.0778 0.5082811 -0.2596337 1.161572
485289086.1639 0.508602 -0.26104 1.161388
485289119.0745 0.5099016 -0.2624606 1.160718
485289152.078 0.5104921 -0.2634683 1.160358
485289186.1677 0.5110573 -0.2646769 1.16001
485289219.0919 0.5120831 -0.265725 1.159409
485289252.0749 0.5130287 -0.2668432 1.158763
485289286.1654 0.5140832 -0.2680751 1.158113
485289319.0917 0.5150206 -0.2689594 1.157638
485289352.0869 0.5163577 -0.2696901 1.156929
485289386.1578 0.5176034 -0.2703859 1.156362
485289419.0771 0.5187195 -0.2713277 1.155717
485289452.115 0.5197769 -0.2721461 1.155249
485289486.1547 0.5210051 -0.2728355 1.154797
485289519.0764 0.5226093 -0.2737 1.154291
485289552.0909 0.5235155 -0.2744082 1.154002
485289586.1614 0.525369 -0.2749558 1.153043
485289619.077 0.5264558 -0.2765565 1.152273
485289652.0997 0.527194 -0.2769308 1.152177
485289686.1616 0.5276437 -0.2786988 1.151571
485289719.0788 0.5283976 -0.2797142 1.151377
485289752.0724 0.5288948 -0.2804526 1.151167
485289786.1613 0.5296722 -0.2815766 1.150938
485289819.0859 0.5301588 -0.2825264 1.15069
485289852.0738 0.5307291 -0.2838027 1.150383
485289886.1705 0.5311128 -0.2850877 1.150064
485289919.0906 0.5314613 -0.2869808 1.149336
485289952.0748 0.5320236 -0.2886515 1.149232
485289986.1522 0.532364 -0.2894573 1.149464
485290019.0854 0.5326562 -0.2906398 1.149262
485290052.0733 0.5331231 -0.2923319 1.148765
485290086.1626 0.5335117 -0.2933974 1.14897
485290119.0786 0.5338364 -0.2949396 1.148743
485290152.1038 0.5340426 -0.2957746 1.148844
485290186.1468 0.5343595 -0.2966568 1.149122
485290219.0911 0.534412 -0.297658 1.149145
485290252.0835 0.5342249 -0.298544 1.149863
485290286.1482 0.5345002 -0.2996863 1.150557
485290319.0802 0.5349508 -0.3025231 1.149457
485290352.1136 0.5347164 -0.3041761 1.149825
485290386.1734 0.5340425 -0.3055177 1.150394
485290419.0701 0.5337588 -0.306739 1.150548
485290452.09 0.5331659 -0.3078854 1.151007
485290486.1518 0.5330485 -0.3090641 1.150922
485290519.0703 0.5329412 -0.3102529 1.151061
485290552.0873 0.5322168 -0.3114853 1.151847
485290586.1454 0.5321996 -0.3126287 1.152287
485290619.079 0.5320587 -0.3135 1.15298
485290652.0726 0.5316072 -0.3147301 1.153494
485290686.1484 0.5315364 -0.316083 1.154076
485290719.071 0.5302138 -0.31746 1.156085
485290752.0773 0.5291314 -0.3185143 1.157869
485290786.1638 0.5281292 -0.3198327 1.159191
485290819.0703 0.5270029 -0.3207749 1.160807
485290852.0783 0.4857367 -0.3806503 1.182611
485290886.1512 0.485796 -0.3812308 1.182515
485290919.0804 0.485783 -0.3819624 1.182697
485290952.0863 0.4860464 -0.3828352 1.182628
485290986.1522 0.4860138 -0.3834969 1.182644
485291019.0727 0.4858518 -0.3849151 1.182538
485291052.0704 0.4857773 -0.3858341 1.181988
485291086.1577 0.4855622 -0.3867149 1.181629
485291119.0688 0.4853641 -0.3879054 1.181697
485291152.0718 0.4849057 -0.3889476 1.181451
485291186.1447 0.4843436 -0.3915415 1.181238
485291219.0689 0.4721993 -0.4084489 1.184558
485291252.0703 0.4553789 -0.4238371 1.179398
485291286.1584 0.4551317 -0.4238793 1.178405
485291319.0781 0.4550407 -0.42499 1.177469
485291352.0927 0.4546478 -0.4253459 1.177424
485291386.1623 0.4544173 -0.4265758 1.178076
485291419.0767 0.4542825 -0.4269117 1.178036
485291452.0863 0.4541255 -0.4270578 1.17813
485291486.1497 0.4582498 -0.4074415 1.17998
485291519.0809 0.45417 -0.4260699 1.179624
485291552.1 0.4539665 -0.4270726 1.181327
485291586.1507 0.4535299 -0.4275869 1.181644
485291619.079 0.453366 -0.4277166 1.181417
485291652.0997 0.4531766 -0.4281654 1.181547
485291686.1517 0.4559598 -0.4073341 1.180046
485291719.0726 0.4530004 -0.4290765 1.180447
485291752.0851 0.4529731 -0.4295352 1.180843
485291786.1543 0.453939 -0.4256261 1.181589
485291819.0946 0.4538811 -0.426704 1.181508
485291852.0639 0.4540442 -0.4272651 1.182024
485291886.1635 0.4542149 -0.4277485 1.182223
485291919.0865 0.4542201 -0.4287864 1.182261
485291952.0707 0.4544607 -0.4295981 1.182779
485291986.1588 0.4547204 -0.4301061 1.183441
485292019.074 0.4547798 -0.4303043 1.183455
485292052.0675 0.4549267 -0.4304634 1.183765
485292086.1433 0.4550517 -0.4309789 1.184025
485292119.0753 0.4575181 -0.4135534 1.185378
485292152.0759 0.4559553 -0.4270782 1.184424
485292186.141 0.4560067 -0.4295092 1.185132
485292219.0722 0.4681716 -0.4408874 1.181702
485292252.0707 0.4681598 -0.4412728 1.181617
485292286.1453 0.4680445 -0.4417835 1.181729
485292319.0769 0.4678998 -0.4420934 1.181648
485292352.0734 0.4693573 -0.4036634 1.184341
485292386.1488 0.4669587 -0.4390428 1.181247
485292419.0672 0.4668731 -0.4394946 1.1812
485292452.0879 0.4692906 -0.4057171 1.184182
485292486.1432 0.4666176 -0.4354472 1.180032
485292519.0616 0.4662863 -0.4386944 1.180212
485292552.0749 0.466206 -0.4393165 1.180273
485292586.1499 0.4661382 -0.4407377 1.180518
485292619.063 0.4661564 -0.4413521 1.180653
485292652.0751 0.4661593 -0.4413698 1.180655
485292686.1488 0.4661706 -0.4416687 1.180662
485292719.0657 0.4545385 -0.4312673 1.185518
485292752.0724 0.4545335 -0.4312809 1.185572
485292786.1552 0.456755 -0.4135003 1.189157
485292819.1036 0.4568703 -0.4129314 1.18951
485292852.0816 0.4553854 -0.4326847 1.18877
485292886.1529 0.4572511 -0.4153996 1.19127
485292919.0611 0.4573882 -0.4148128 1.191639
485292952.0707 0.4576126 -0.4145859 1.191839
485292986.1596 0.4577821 -0.4143953 1.192138
485293019.0711 0.4578488 -0.4140522 1.192262
485293052.0712 0.4578617 -0.41381 1.192334
485293086.1507 0.4578564 -0.4136375 1.192338
485293119.0803 0.457829 -0.4129485 1.193021
485293152.0874 0.4576389 -0.4127886 1.193175
485293186.1382 0.4574019 -0.4125693 1.193182
485293219.0776 0.4572039 -0.4124178 1.193211
485293252.079 0.4570661 -0.4124354 1.193242
485293286.1486 0.4692143 -0.403037 1.193173
485293319.0654 0.4688176 -0.402722 1.193023
485293352.0631 0.4686226 -0.4025054 1.192919
485293386.1644 0.4681422 -0.4022085 1.192999
485293419.073 0.4679588 -0.4021741 1.193106
485293452.0781 0.4675329 -0.4019446 1.19286
485293486.1407 0.4673333 -0.4017605 1.19292
485293519.0764 0.466406 -0.3905199 1.192849
485293552.0983 0.4661561 -0.3912193 1.192712
485293586.1614 0.4659073 -0.3937207 1.191304
485293619.0688 0.4657276 -0.3942503 1.190894
485293652.0685 0.4655607 -0.3947635 1.190878
485293686.1669 0.4656806 -0.3872203 1.191233
485293719.0587 0.4659393 -0.3847922 1.191572
485293752.0806 0.4655345 -0.3880148 1.190598
485293786.1392 0.4653727 -0.3895214 1.190103
485293819.0773 0.4659519 -0.384116 1.191994
485293852.0861 0.4652827 -0.3877887 1.189928
485293886.1471 0.4651749 -0.3890926 1.189582
485293919.066 0.4649282 -0.3900175 1.188661
485293952.0715 0.4650192 -0.3908075 1.18829
485293986.1415 0.4648948 -0.3917687 1.188359
485294019.0711 0.4645678 -0.3925821 1.186767
485294052.0737 0.465311 -0.3841655 1.187627
485294086.1392 0.4545999 -0.438515 1.189204
485294119.0614 0.4630249 -0.436107 1.188287
485294152.0665 0.4548939 -0.4385547 1.188828
485294186.139 0.463044 -0.4365391 1.188298
485294219.0628 0.4630442 -0.4367957 1.18832
485294252.0691 0.4542011 -0.4473347 1.188697
485294286.1461 0.4542825 -0.4460813 1.188917
485294319.0675 0.453878 -0.4489323 1.189645
485294352.0783 0.453862 -0.4490024 1.18957
485294386.1356 0.4536665 -0.4492377 1.189163
485294419.0623 0.4536214 -0.4493134 1.188998
485294452.0707 0.4534784 -0.4493423 1.18899
485294486.1469 0.4534601 -0.4494194 1.18941
485294519.0707 0.4540788 -0.4487267 1.189476
485294552.07 0.4533891 -0.4497117 1.18931
485294586.1524 0.4530166 -0.4500909 1.189068
485294619.0647 0.4528772 -0.4504449 1.18888
485294652.0558 0.4527687 -0.4505879 1.188754
485294686.1505 0.4526877 -0.4507788 1.188724
485294719.0652 0.4526657 -0.4507922 1.188817
485294752.0658 0.4525574 -0.4511186 1.188779
485294786.1461 0.452517 -0.4514363 1.18873
485294819.0605 0.4524887 -0.4519467 1.188716
485294852.0631 0.4524525 -0.4521977 1.188566
485294886.1488 0.4524261 -0.452154 1.188614
485294919.0553 0.4524756 -0.4522305 1.188614
485294952.0723 0.4524649 -0.4522962 1.188512
485294986.1411 0.4524772 -0.4523022 1.188517
485295019.0723 0.4555404 -0.4313302 1.191893
485295052.0577 0.4542792 -0.4388042 1.19183
485295086.1359 0.4542994 -0.4380774 1.191189
485295119.0618 0.4538864 -0.4377773 1.19097
485295152.0624 0.4540769 -0.4371507 1.19054
485295186.139 0.4535817 -0.437094 1.190495
485295219.0562 0.4541371 -0.4367989 1.190503
485295252.058 0.4532704 -0.4367554 1.191363
485295286.1461 0.4534103 -0.436664 1.190392
485295319.0634 0.4540842 -0.4365487 1.190024
485295352.0689 0.4535346 -0.4367694 1.192889
485295386.1389 0.4530721 -0.4365905 1.191712
485295419.0631 0.4530663 -0.4365734 1.191594
485295452.0534 0.4530612 -0.4364992 1.190787
485295486.13 0.4548313 -0.437473 1.191384
485295519.0559 0.4547626 -0.4374615 1.191258
485295552.0684 0.4547974 -0.437344 1.191268
485295586.1392 0.4548022 -0.4371537 1.191309
485295619.0524 0.4543793 -0.4401224 1.190035
485295652.0735 0.4545648 -0.4369207 1.190417
485295686.1484 0.4545712 -0.4368492 1.190429
485295719.0665 0.4545836 -0.4367143 1.190428
485295752.0597 0.4545986 -0.4365809 1.190444
485295786.1494 0.4546168 -0.4364923 1.19046
485295819.0634 0.4546469 -0.436433 1.190536
485295852.0553 0.4546214 -0.4364383 1.190312
485295886.1434 0.4551383 -0.4377154 1.189062
485295919.0648 0.4553511 -0.4381149 1.188424
485295952.0575 0.4554467 -0.4382034 1.188079
485295986.1304 0.4555164 -0.4383427 1.188087
485296019.0629 0.4555409 -0.4384877 1.188017
485296052.0515 0.4552301 -0.4425751 1.187645
485296086.1479 0.4555813 -0.4382712 1.188095
485296119.0548 0.4556213 -0.4383791 1.187986
485296152.0574 0.4557187 -0.4383825 1.187925
485296186.1439 0.45573 -0.438396 1.187939
485296219.0657 0.4557478 -0.4383916 1.187902
485296252.0588 0.4557596 -0.4382954 1.187778
485296286.1305 0.4558054 -0.4383075 1.187779
485296319.0654 0.4557419 -0.4383174 1.187484
485296352.0689 0.4557572 -0.4381956 1.187492
485296386.1286 0.4557168 -0.4381678 1.18742
485296419.0524 0.4557011 -0.4381683 1.187353
485296452.0616 0.4556899 -0.4381005 1.18729
485296486.1309 0.4556959 -0.4380906 1.187392
485296519.0534 0.4557127 -0.4380361 1.187447
485296552.0556 0.4557108 -0.4379164 1.187499
485296586.1594 0.4556716 -0.4378617 1.187376
485296619.0766 0.4556597 -0.4378387 1.18737
485296652.0673 0.4556763 -0.4376983 1.187399
485296686.146 0.4556901 -0.4377182 1.187395
485296719.0533 0.4556741 -0.4377053 1.187459
485296752.0568 0.4557275 -0.4377247 1.187695
485296786.1272 0.4557469 -0.4377214 1.187678
485296819.0515 0.4557433 -0.4376625 1.187685
485296852.0553 0.4556421 -0.43758 1.187445
485296886.1467 0.4556063 -0.4375755 1.187373
485296919.0492 0.4548162 -0.4376889 1.189717
485296952.0629 0.4555121 -0.4374957 1.187168
485296986.1276 0.4556178 -0.4375553 1.187789
485297019.0625 0.4548724 -0.4375695 1.188423
485297052.0503 0.4548783 -0.4375088 1.188147
485297086.1458 0.4555995 -0.4376577 1.18961
485297119.0639 0.4556625 -0.4376694 1.189641
485297152.0509 0.4548244 -0.4374337 1.188099
485297186.1373 0.4555406 -0.4376444 1.189845
485297219.0501 0.4556085 -0.4376458 1.189745
485297252.0535 0.4556023 -0.4375995 1.189591
485297286.1301 0.4553468 -0.4352151 1.190097
485297319.0556 0.4549656 -0.4356391 1.1893
485297352.0643 0.4550901 -0.4357416 1.189034
485297386.1426 0.4554819 -0.4346201 1.189028
485297419.0927 0.4552344 -0.4343225 1.190216
