11775242.8231 0.4293941 -0.5393623 1.075871
11775276.905 0.4293125 -0.5394435 1.075789
11775309.8157 0.4292629 -0.5395043 1.075701
11775342.7941 0.4291353 -0.5395868 1.075646
11775376.8768 0.4290749 -0.5396658 1.075639
11775409.8692 0.4290193 -0.5397317 1.075259
11775442.8377 0.4289513 -0.5398123 1.075225
11775476.9541 0.4289403 -0.5399549 1.074977
11775509.8701 0.4288707 -0.5400204 1.074872
11775542.8074 0.4287715 -0.5400394 1.074664
11775576.8902 0.4286549 -0.5400281 1.074535
11775609.8 0.428587 -0.5401024 1.074569
11775642.8133 0.428534 -0.5402192 1.074681
11775676.9026 0.4284705 -0.5402189 1.074851
11775709.7866 0.4284286 -0.5402346 1.074852
11775742.8015 0.4283892 -0.5402851 1.074845
11775776.8929 0.4285098 -0.5397538 1.075121
11775809.7962 0.4287229 -0.5393493 1.075264
11775842.8374 0.4289007 -0.5390816 1.075439
11775876.8893 0.4289841 -0.538919 1.075478
11775909.7926 0.4290752 -0.5387961 1.075445
11775942.7956 0.429152 -0.5386331 1.075422
11775976.8833 0.4292235 -0.5385131 1.075467
11776009.7927 0.4292719 -0.5384122 1.07548
11776042.8134 0.4293699 -0.538344 1.075585
11776076.8764 0.4293983 -0.5382812 1.075552
11776109.7994 0.4294153 -0.5382412 1.075707
11776142.8189 0.429276 -0.5386034 1.075705
11776176.8786 0.4291864 -0.5388033 1.075654
11776209.8217 0.4292546 -0.5387376 1.075815
11776242.8375 0.4293225 -0.5386206 1.075909
11776276.8919 0.4294697 -0.5386445 1.076136
11776309.8079 0.4294569 -0.5385587 1.076065
11776342.8084 0.429531 -0.5385234 1.076225
11776376.8904 0.4295005 -0.5388632 1.076321
11776409.8039 0.4294552 -0.5390467 1.076314
11776442.8044 0.4294384 -0.5392817 1.076349
11776476.8971 0.4293787 -0.539461 1.076324
11776509.8155 0.4293898 -0.5395839 1.076361
11776542.8128 0.4295059 -0.5394413 1.076417
11776576.8988 0.4293783 -0.5395973 1.07639
11776609.8029 0.429392 -0.5397672 1.076653
11776642.7858 0.4293425 -0.5398431 1.076682
11776676.8961 0.4292207 -0.5397913 1.076434
11776709.8322 0.4292075 -0.5398207 1.076484
11776742.7822 0.4293662 -0.5394669 1.076547
11776776.8954 0.429316 -0.5395211 1.076565
11776809.813 0.42932 -0.5394735 1.076519
11776842.8066 0.4294318 -0.539238 1.076527
11776876.9431 0.4293826 -0.539342 1.076564
11776909.8 0.4293397 -0.5394347 1.076489
11776942.7821 0.4292432 -0.539476 1.076442
11776976.8948 0.4292058 -0.5395039 1.076419
11777009.8325 0.4291891 -0.5395278 1.07641
11777042.7879 0.4292482 -0.539279 1.076213
11777076.9196 0.4293624 -0.5389923 1.076237
11777109.8778 0.4292853 -0.5387035 1.076172
11777142.8016 0.4293603 -0.5385264 1.076195
11777176.8963 0.4294218 -0.5383884 1.076184
11777209.8176 0.4294806 -0.538286 1.076196
11777242.7923 0.4295197 -0.538187 1.07622
11777276.8964 0.4295671 -0.5380692 1.076245
11777309.8112 0.4296328 -0.538039 1.076336
11777342.822 0.429668 -0.5379833 1.076341
11777376.8945 0.4296877 -0.5378781 1.076321
11777409.8117 0.4297269 -0.5378345 1.076333
11777442.811 0.4297581 -0.5377861 1.076373
11777476.8741 0.429799 -0.5377214 1.076408
11777509.8861 0.4298354 -0.5377023 1.076425
11777542.8095 0.4297685 -0.5375694 1.076212
11777576.9399 0.4297775 -0.5375482 1.076191
11777609.8867 0.4298074 -0.5375258 1.076177
11777642.8577 0.4298084 -0.5374834 1.076172
11777676.8801 0.4298301 -0.5374355 1.076199
11777709.826 0.4298322 -0.5374405 1.07611
11777742.8011 0.4298494 -0.5374372 1.076118
11777776.8925 0.4298669 -0.5374357 1.076148
11777809.7908 0.4298813 -0.537398 1.076097
11777842.7856 0.4298876 -0.5373876 1.076127
11777876.9 0.4299005 -0.5373544 1.07613
11777909.793 0.4299906 -0.5373874 1.076092
11777942.7829 0.4300925 -0.5374585 1.076086
11777976.8858 0.4301377 -0.537463 1.076118
11778009.805 0.4301405 -0.5374538 1.076123
11778042.8089 0.4301663 -0.5374763 1.076102
11778076.9163 0.4302228 -0.5374885 1.076256
11778109.7887 0.4302166 -0.5374838 1.076247
11778142.7905 0.4302624 -0.5375237 1.076266
11778176.8741 0.4302663 -0.5375204 1.07621
11778209.7868 0.4302843 -0.5374736 1.076176
11778242.782 0.4302953 -0.5374517 1.076177
11778276.8709 0.430303 -0.5373959 1.076184
11778309.7861 0.4301732 -0.5372874 1.076201
11778342.7957 0.4301863 -0.5372679 1.076223
11778376.8822 0.4302227 -0.5373 1.076334
11778409.8027 0.4302681 -0.5372626 1.076357
11778442.7872 0.4302829 -0.5372518 1.076193
11778476.9003 0.4303764 -0.5372786 1.076132
11778509.79 0.4303801 -0.5372667 1.076115
11778542.7836 0.4304105 -0.537279 1.076148
11778576.8803 0.4304661 -0.5373449 1.076236
11778609.7889 0.4304009 -0.5373151 1.076276
11778642.7952 0.4304716 -0.5373688 1.076334
11778676.8632 0.4305052 -0.5374309 1.076317
11778709.7878 0.4304925 -0.5374423 1.076358
11778742.7826 0.4304571 -0.5374308 1.076264
11778776.8954 0.4304779 -0.5374918 1.076428
11778809.8089 0.4304825 -0.5375136 1.07647
11778842.7918 0.4305024 -0.537538 1.076397
11778876.8951 0.4305175 -0.5375414 1.076429
11778909.7823 0.4305273 -0.5375533 1.076455
11778942.7817 0.4305303 -0.5375584 1.076456
11778976.8759 0.430538 -0.537558 1.076459
11779009.7878 0.4305291 -0.5375519 1.076525
11779042.774 0.4305155 -0.5375432 1.076531
11779076.876 0.4305091 -0.5375519 1.076564
11779109.8774 0.4305038 -0.5375467 1.076507
11779142.7934 0.4304986 -0.5375496 1.07655
11779176.8614 0.4304994 -0.5375625 1.076549
11779209.7893 0.4304556 -0.5375553 1.076537
11779242.7845 0.4303141 -0.5374741 1.076338
11779276.8615 0.4303008 -0.5374852 1.0763
11779309.8415 0.4301032 -0.5373806 1.076042
11779342.783 0.4300109 -0.5373214 1.075858
11779376.8764 0.429886 -0.5372702 1.075795
11779409.8055 0.4298077 -0.5372405 1.075794
11779442.7856 0.4297496 -0.5372459 1.075753
11779476.8659 0.429652 -0.5371923 1.075644
11779509.7769 0.4295686 -0.537163 1.075604
11779542.7968 0.4294093 -0.5371239 1.075605
11779576.9386 0.429353 -0.5371162 1.075585
11779609.7811 0.4292341 -0.5370654 1.07548
11779642.7928 0.4291392 -0.5370637 1.075478
11779676.8599 0.4291611 -0.5371298 1.075344
11779709.7809 0.4291336 -0.5371359 1.075263
11779742.8106 0.4290846 -0.5371523 1.0753
11779776.8744 0.4290194 -0.5371304 1.075303
11779809.7851 0.4289419 -0.5371195 1.075284
11779842.7832 0.4287269 -0.5370377 1.075068
11779876.8741 0.4286717 -0.5370299 1.075036
11779909.7758 0.4285815 -0.5369717 1.074945
11779942.8038 0.4285272 -0.5369316 1.074843
11779976.8665 0.4284569 -0.53689 1.074706
11780009.7849 0.4284195 -0.5368592 1.074679
11780042.7859 0.4284483 -0.5369092 1.074692
11780076.8571 0.42844 -0.5369437 1.074763
11780109.7871 0.4284099 -0.5369263 1.074706
11780142.7856 0.4283753 -0.5369052 1.074629
11780176.8659 0.4283928 -0.5369444 1.074706
11780209.7934 0.4283572 -0.5369327 1.074654
11780242.7841 0.4284277 -0.5369698 1.074731
11780276.859 0.428413 -0.5369336 1.074615
11780309.7824 0.4284409 -0.5370105 1.0746
11780342.801 0.4284313 -0.5370237 1.074507
11780376.8842 0.4284084 -0.5370385 1.074509
11780409.7797 0.428391 -0.5370265 1.074368
11780442.7905 0.4284281 -0.537082 1.074328
11780476.8971 0.4284199 -0.5370873 1.074366
11780509.788 0.4283715 -0.5370738 1.074326
11780542.7766 0.42834 -0.5370692 1.074249
11780576.8836 0.428309 -0.5370352 1.074097
11780609.8189 0.4283541 -0.5370668 1.074064
11780642.7846 0.4283218 -0.5370788 1.074083
11780676.8665 0.4283066 -0.5370776 1.074064
11780709.7841 0.428299 -0.5370921 1.074085
11780742.7867 0.4282612 -0.5370578 1.073913
11780776.858 0.4282365 -0.5370539 1.07386
11780809.7986 0.4282124 -0.5370619 1.073879
11780842.8004 0.4281681 -0.5370467 1.073793
11780876.8647 0.4280012 -0.5369481 1.07361
11780909.7733 0.4279742 -0.5369413 1.073578
11780942.7985 0.4279869 -0.536977 1.073562
11780976.9005 0.4279535 -0.536965 1.073542
11781009.7783 0.427949 -0.5369833 1.073549
11781042.7916 0.4279276 -0.5369832 1.073588
11781076.8847 0.427976 -0.5370163 1.073497
11781109.7793 0.4280406 -0.5370381 1.073525
11781142.7877 0.4283819 -0.537215 1.073998
11781176.8688 0.4293652 -0.5377502 1.07529
11781209.7819 0.4300702 -0.5379552 1.075621
11781242.782 0.4315874 -0.5385887 1.076846
11781276.8796 0.4325702 -0.5388389 1.077162
11781309.7709 0.4333664 -0.5390995 1.077759
11781342.7858 0.4341148 -0.5393677 1.078132
11781376.8858 0.4344938 -0.5395004 1.078407
11781409.7801 0.4353663 -0.5399433 1.079173
11781442.7765 0.4355286 -0.5399836 1.079181
11781476.8535 0.4356849 -0.5401073 1.079379
11781509.7753 0.4358833 -0.5402535 1.079718
11781542.7906 0.4358994 -0.540364 1.079985
11781576.8602 0.4359457 -0.5404318 1.080105
11781609.7881 0.4360385 -0.5405382 1.080383
11781642.7727 0.4358778 -0.5405071 1.080353
11781676.8497 0.4358475 -0.5405371 1.080466
11781709.7936 0.4356358 -0.5403922 1.080513
11781742.7892 0.4353243 -0.5402514 1.080634
11781776.879 0.4352624 -0.5401595 1.080833
11781809.7736 0.4351355 -0.5399644 1.080792
11781842.7684 0.4350811 -0.5399321 1.081372
11781876.8532 0.4349477 -0.5397221 1.081329
11781909.7963 0.4347049 -0.5395008 1.08165
11781942.7825 0.4345898 -0.5392294 1.082414
11781976.8632 0.4335383 -0.5372714 1.081677
11782009.7738 0.4342169 -0.5367591 1.081719
11782042.7781 0.4351068 -0.5364225 1.08189
11782076.8502 0.435954 -0.5364158 1.082047
11782109.7969 0.436845 -0.5364731 1.083004
11782142.7786 0.4367129 -0.5358785 1.082884
11782176.8622 0.4357815 -0.5343648 1.081043
11782209.7733 0.434933 -0.5328356 1.079089
11782242.7952 0.4341402 -0.5318465 1.078239
11782276.8685 0.4328424 -0.5306665 1.077274
11782309.7746 0.4304577 -0.5284685 1.075295
11782342.7735 0.4274674 -0.5258735 1.073168
11782376.8637 0.4250314 -0.5239132 1.072599
11782409.8006 0.4227261 -0.5221309 1.072015
11782442.7765 0.4204227 -0.5203383 1.071884
11782476.8548 0.4170319 -0.5172394 1.071875
11782509.7851 0.4122973 -0.5122089 1.070924
11782542.7853 0.4093792 -0.5072581 1.07036
11782576.8808 0.4063847 -0.501843 1.069942
11782609.7922 0.4033223 -0.4957072 1.06929
11782642.776 0.3801582 -0.4680686 1.068266
11782676.864 0.393035 -0.4727982 1.058979
11782709.7743 0.393395 -0.4715346 1.060188
11782742.8028 0.3919918 -0.4688185 1.06192
11782776.8839 0.3897287 -0.4659863 1.063558
11782809.7925 0.3859351 -0.4616641 1.065479
11782842.768 0.3820736 -0.4580367 1.068403
11782876.8647 0.3749248 -0.4517043 1.074873
11782909.7721 0.3701309 -0.4454548 1.078613
11782942.7624 0.3656456 -0.4399997 1.082523
11782976.857 0.3365701 -0.3986486 1.104947
11783009.78 0.3330973 -0.3964321 1.106722
11783042.7834 0.3326675 -0.3930524 1.110996
11783076.8629 0.3328669 -0.3891331 1.114848
11783109.8002 0.3171888 -0.3778111 1.115585
11783142.7864 0.3175539 -0.3749152 1.117197
11783176.8565 0.3286109 -0.3704969 1.12042
11783209.7782 0.3251118 -0.3634101 1.123871
11783242.7644 0.3258642 -0.3606791 1.125627
11783276.8623 0.3253204 -0.3541656 1.126434
11783309.7951 0.3248121 -0.3520797 1.12673
11783342.7916 0.3260309 -0.3491525 1.12996
11783376.8497 0.2793093 -0.3127266 1.130205
11783409.7776 0.326198 -0.3405464 1.141217
11783442.7765 0.3261125 -0.3589133 1.1151
11783476.8728 0.3198368 -0.3203353 1.140743
11783509.7843 0.3272597 -0.3294476 1.142262
11783542.7935 0.3268829 -0.3315211 1.142311
11783576.875 0.3255746 -0.3540806 1.115781
11783609.777 0.3261886 -0.3361239 1.14148
11783642.7616 0.326088 -0.336106 1.141533
11783676.8558 0.3260142 -0.3362564 1.141611
11783709.7726 0.3155455 -0.3246294 1.146033
11783742.7966 0.3130753 -0.3236133 1.145026
11783776.8482 0.3263392 -0.3343408 1.140363
11783809.79 0.2691285 -0.2986199 1.096577
11783842.7959 0.3255508 -0.3404323 1.135092
11783876.87 0.3255852 -0.3404565 1.134978
11783909.7782 0.325352 -0.3406601 1.134411
11783942.7685 0.260231 -0.3491715 1.153135
11783976.8636 0.3230813 -0.348509 1.130785
11784009.7767 0.322804 -0.348451 1.130049
11784042.7691 0.321648 -0.3483675 1.127799
11784076.8863 0.3213173 -0.3493437 1.12633
11784109.7637 0.3205425 -0.3514743 1.124296
11784142.7901 0.3206223 -0.3532253 1.122448
11784176.8532 0.3198713 -0.356079 1.121074
11784209.7679 0.318624 -0.3608913 1.120712
11784242.764 0.3174644 -0.3640916 1.118874
11784276.8681 0.3168784 -0.367837 1.117208
11784309.7705 0.3202556 -0.3710989 1.113794
11784342.792 0.3205502 -0.3757063 1.110965
11784376.8604 0.3220506 -0.3788152 1.105296
11784409.7637 0.3230402 -0.3829923 1.099745
11784442.765 0.3523577 -0.4117199 1.09468
11784476.8453 0.3419099 -0.4043527 1.085918
11784509.7724 0.3375455 -0.4057952 1.083174
11784542.7705 0.3353193 -0.4071213 1.081234
11784576.8553 0.3779867 -0.4452734 1.075182
11784609.7742 0.3792152 -0.4443268 1.07417
11784642.7698 0.381059 -0.4447022 1.073478
11784676.8472 0.3442064 -0.404846 1.042435
11784709.7952 0.3943409 -0.4571397 1.06719
11784742.7855 0.3955615 -0.4638672 1.074547
11784776.8662 0.4026233 -0.469914 1.071375
11784809.7711 0.4026046 -0.4716873 1.07412
11784842.7733 0.3953378 -0.4721071 1.062154
11784876.8614 0.4032944 -0.4751299 1.069709
11784909.7671 0.4071831 -0.4776098 1.071867
11784942.7862 0.4238441 -0.4902069 1.072186
11784976.8476 0.4235302 -0.4895712 1.07053
11785009.7697 0.4243999 -0.4917507 1.070886
11785042.7678 0.4305134 -0.4955957 1.068242
11785076.8395 0.4335096 -0.4988352 1.06851
11785109.785 0.4363559 -0.5021478 1.068426
11785142.7585 0.4402389 -0.506072 1.069313
11785176.8721 0.444767 -0.5115142 1.073451
11785209.7523 0.4465032 -0.5127392 1.072897
11785242.7636 0.4523516 -0.5145674 1.070847
11785276.8488 0.4552008 -0.5157917 1.070621
11785309.7828 0.4557136 -0.5166283 1.070567
11785342.7711 0.4575821 -0.5184605 1.071673
11785376.8436 0.4607273 -0.5227527 1.076298
11785409.7637 0.4613942 -0.5234311 1.076485
11785442.7765 0.4624767 -0.5255542 1.077206
11785476.8724 0.4635724 -0.5262811 1.077356
11785509.7617 0.4653038 -0.5281309 1.079705
11785542.7762 0.4670156 -0.5300283 1.082092
11785576.8524 0.469456 -0.5339493 1.086703
11785609.7828 0.4698828 -0.534014 1.086231
11785642.753 0.470124 -0.536051 1.086297
11785676.8493 0.4708669 -0.5364259 1.085428
11785709.7681 0.4716374 -0.5369633 1.085581
11785742.7728 0.4744564 -0.5392323 1.087554
11785776.8835 0.4749509 -0.5393832 1.086951
11785809.7843 0.4752715 -0.5395307 1.086736
11785842.8029 0.4763032 -0.539897 1.086623
11785876.8471 0.4771015 -0.5404869 1.085647
11785909.7979 0.4775695 -0.5406142 1.085426
11785942.7726 0.4779224 -0.5407683 1.085303
11785976.8665 0.478478 -0.5413614 1.086105
11786009.7919 0.4786862 -0.5416546 1.0864
11786042.7666 0.4795325 -0.5421407 1.086956
11786076.8448 0.4794876 -0.542116 1.086573
11786109.767 0.479117 -0.5418507 1.085548
11786142.7548 0.4789042 -0.5417441 1.084887
11786176.8367 0.4789717 -0.5416358 1.083974
11786209.7614 0.4784665 -0.5415551 1.083289
11786242.7894 0.4773151 -0.5408683 1.081394
11786276.8393 0.4761844 -0.5403056 1.079797
11786309.7512 0.4743671 -0.5392953 1.077429
11786342.7822 0.4729023 -0.5385246 1.075099
11786376.844 0.4721798 -0.5382804 1.074059
11786409.7608 0.4719989 -0.5386614 1.074184
11786442.7901 0.4717034 -0.538895 1.074229
11786476.8482 0.4709707 -0.5388679 1.073593
11786509.7658 0.4705194 -0.539134 1.07367
11786542.7483 0.4699622 -0.5392361 1.07375
11786576.8504 0.469625 -0.5394022 1.073752
11786609.7717 0.4691 -0.5393433 1.07339
11786642.7669 0.4684067 -0.5393484 1.072956
11786676.8661 0.46778 -0.539229 1.072355
11786709.7636 0.4675474 -0.5395549 1.072232
11786742.7732 0.4667841 -0.539573 1.07225
11786776.8494 0.4659024 -0.5399261 1.072842
11786809.7867 0.4647462 -0.5399968 1.072876
11786842.7659 0.4619576 -0.5409332 1.07558
11786876.836 0.4593433 -0.5407267 1.075314
11786909.7507 0.4564335 -0.5402761 1.0751
11786942.7841 0.4541985 -0.5398806 1.074651
11786976.9055 0.4523547 -0.5394861 1.074112
11787009.7632 0.4508312 -0.5390128 1.07326
11787042.7703 0.4501591 -0.5389103 1.072905
11787076.8457 0.4492363 -0.5386737 1.072602
11787109.7584 0.4484606 -0.5384715 1.072224
11787142.7585 0.4478889 -0.5384076 1.072277
11787176.8643 0.447428 -0.5386944 1.073114
11787209.7474 0.4469281 -0.5388564 1.073699
11787242.7746 0.446488 -0.5390829 1.074394
11787276.8582 0.4462565 -0.5392025 1.074714
11787309.7742 0.4459866 -0.5392823 1.075048
11787342.7518 0.4458486 -0.5393997 1.075331
11787376.8427 0.4456911 -0.5395206 1.075641
11787409.769 0.4454972 -0.5397144 1.076165
11787442.7585 0.445315 -0.5396635 1.076188
11787476.87 0.4452281 -0.5397419 1.076464
11787509.8262 0.4450973 -0.539746 1.076462
11787542.7475 0.4448898 -0.5397407 1.076544
11787576.8606 0.4448571 -0.5397815 1.076614
11787609.7561 0.4446233 -0.5397233 1.076597
11787642.7899 0.4445586 -0.5397583 1.076734
11787676.855 0.444483 -0.5397527 1.076918
11787709.7554 0.4445401 -0.5398648 1.077136
11787742.7691 0.4445552 -0.5399541 1.077273
11787776.8477 0.4444891 -0.5399144 1.077331
11787809.7588 0.4444083 -0.5398801 1.077439
11787842.7778 0.4442971 -0.5399215 1.077641
11787876.8429 0.4441389 -0.5398214 1.07759
11787909.7712 0.4440736 -0.5398093 1.077698
11787942.7804 0.4439915 -0.539811 1.077826
11787976.8349 0.4439126 -0.5397669 1.077771
11788009.7701 0.443914 -0.5397955 1.077898
11788042.7756 0.4438441 -0.5397918 1.077896
11788076.8539 0.443772 -0.5397568 1.077883
11788109.7592 0.4436861 -0.539718 1.077891
11788142.7544 0.4436557 -0.53975 1.077964
11788176.8314 0.4436158 -0.5397575 1.077984
11788209.7544 0.4434983 -0.5396763 1.077866
11788242.773 0.4434277 -0.5396343 1.077821
11788276.8541 0.4433461 -0.5395824 1.077788
11788309.7672 0.4432675 -0.5395208 1.077663
11788342.7514 0.4431605 -0.5394763 1.077595
11788376.839 0.4431193 -0.5394617 1.077613
11788409.7513 0.4430175 -0.5393822 1.077594
11788442.7716 0.4429513 -0.5393392 1.077556
11788476.8453 0.4429274 -0.5393199 1.077511
11788509.758 0.4428843 -0.5393241 1.077533
11788542.8271 0.442843 -0.5393118 1.07751
11788576.9046 0.4428191 -0.5393105 1.077504
11788609.7951 0.4428401 -0.5391445 1.077506
11788642.755 0.4428522 -0.5391549 1.077422
11788676.8698 0.4427964 -0.5391175 1.077322
11788709.7488 0.4427541 -0.5390662 1.077142
11788742.7687 0.4427363 -0.5390586 1.077142
11788776.8519 0.4426307 -0.538981 1.076979
11788809.7707 0.4425882 -0.5389714 1.076952
11788842.777 0.4425271 -0.5389485 1.076984
11788876.9283 0.4425187 -0.5389562 1.076992
11788909.7474 0.4424487 -0.5389048 1.076949
11788942.7533 0.4423178 -0.5388413 1.076789
11788976.834 0.4422458 -0.538845 1.076879
11789009.7533 0.4421648 -0.5387764 1.076846
11789042.7695 0.4421493 -0.5387641 1.076803
11789076.8986 0.4421086 -0.538739 1.076748
11789109.7731 0.4420835 -0.5387275 1.076737
11789142.7507 0.4420519 -0.5387303 1.076726
11789176.8314 0.4420456 -0.5387372 1.076746
11789209.7499 0.4419916 -0.538748 1.076725
11789242.748 0.4420013 -0.538756 1.076752
11789276.8369 0.4420292 -0.5387802 1.076747
11789309.7627 0.442054 -0.5387492 1.076712
11789342.7633 0.4420697 -0.5388303 1.076845
11789376.8382 0.4420391 -0.5388023 1.076798
11789409.7563 0.4420399 -0.5387983 1.07681
11789442.7544 0.4420049 -0.538766 1.076724
11789476.8301 0.4419918 -0.5387454 1.076706
11789509.7502 0.4419971 -0.5387691 1.076702
11789542.7746 0.442009 -0.5387938 1.076719
11789576.8311 0.4420051 -0.5387992 1.076704
11789609.7643 0.4419962 -0.5387951 1.0767
11789642.7353 0.4419447 -0.5387701 1.076653
11789676.8238 0.4419525 -0.5387626 1.076657
11789709.7505 0.4419224 -0.5387474 1.076661
11789742.742 0.4419205 -0.5387433 1.076624
11789776.8285 0.4419197 -0.5387459 1.076632
11789809.7485 0.4419131 -0.53874 1.076612
11789842.7516 0.4418913 -0.5387051 1.07656
11789876.8331 0.441887 -0.5387077 1.076574
11789909.7712 0.4418462 -0.5387135 1.076592
11789942.7447 0.441853 -0.5387191 1.076526
11789976.8349 0.4418248 -0.5386369 1.0765
11790009.7562 0.4418415 -0.5386286 1.076607
11790042.7571 0.4418199 -0.5386095 1.076533
11790076.835 0.4418383 -0.5386283 1.076627
11790109.744 0.4418377 -0.5386735 1.076742
11790142.745 0.4418316 -0.5386663 1.076768
11790176.8314 0.4418555 -0.5386633 1.076743
11790209.7544 0.4418547 -0.5386929 1.076851
11790242.7594 0.4418607 -0.5387053 1.076863
11790276.8607 0.4418654 -0.5386978 1.076839
11790309.7553 0.4418422 -0.5387071 1.076905
11790342.7399 0.4418535 -0.538717 1.076912
11790376.8448 0.4418589 -0.5387267 1.076914
11790409.7468 0.441844 -0.5387358 1.076926
11790442.7347 0.4418053 -0.5387035 1.076901
11790476.8392 0.4418128 -0.5386996 1.076892
11790509.742 0.4418367 -0.5387307 1.07696
11790542.7574 0.4418301 -0.5386966 1.076968
11790576.8212 0.4417189 -0.538596 1.076941
11790609.7495 0.4417371 -0.5385951 1.076979
11790642.7456 0.4417612 -0.5385843 1.076994
11790676.8349 0.4417806 -0.5385669 1.076982
11790709.7447 0.4417914 -0.5385592 1.077006
11790742.7543 0.4418296 -0.5385969 1.07706
11790776.8461 0.441849 -0.5386148 1.07706
11790809.749 0.4418621 -0.5386395 1.077067
11790842.7466 0.4418747 -0.5386289 1.077076
11790876.8393 0.4419125 -0.5386554 1.077102
11790909.7388 0.4419276 -0.5386835 1.077123
11790942.7484 0.4419208 -0.5386878 1.077121
11790976.8427 0.4418991 -0.5386884 1.077205
11791009.7841 0.4419123 -0.5386998 1.077244
11791042.7522 0.4419487 -0.5386812 1.077249
11791076.8202 0.4419306 -0.5386355 1.077209
11791109.7547 0.442075 -0.5386659 1.077267
11791142.7441 0.4420747 -0.5386732 1.077286
11791176.8326 0.4420974 -0.5386607 1.077314
11791209.7437 0.4421256 -0.538633 1.077272
11791242.7336 0.4421293 -0.5386472 1.077283
11791276.8471 0.4420825 -0.5385667 1.077278
11791309.7586 0.4420827 -0.5385533 1.077275
11791342.7292 0.4420809 -0.5385508 1.077263
11791376.8239 0.4420873 -0.5385453 1.077285
11791409.7394 0.4420931 -0.5385227 1.077253
11791442.7416 0.4420791 -0.5385205 1.077276
11791476.8227 0.4420902 -0.5385199 1.077283
11791509.7445 0.4420671 -0.5384851 1.077247
11791542.7401 0.4420716 -0.5384887 1.077232
11791576.8266 0.4422057 -0.5385354 1.077272
11791609.7487 0.4421753 -0.5384849 1.077196
11791642.7743 0.4421912 -0.5384611 1.077204
11791676.8222 0.4421741 -0.5384361 1.077204
11791709.7353 0.4421611 -0.538417 1.07718
11791742.7309 0.4421481 -0.5384139 1.077162
11791776.8334 0.4421413 -0.5383633 1.077087
11791809.7761 0.4421439 -0.5383636 1.077034
11791842.7631 0.4421309 -0.5383561 1.077033
11791876.8212 0.44213 -0.5383511 1.077027
11791909.7355 0.4421303 -0.5383444 1.077008
11791942.7578 0.4421485 -0.5383396 1.076994
11791976.832 0.4422085 -0.5383945 1.077106
11792009.734 0.4421975 -0.5383833 1.077106
11792042.753 0.4422026 -0.5383771 1.077086
11792076.8305 0.4422071 -0.5383483 1.077058
11792109.7317 0.4421979 -0.5382997 1.077022
11792142.7565 0.4422171 -0.538318 1.077046
11792176.8359 0.442222 -0.538312 1.077043
11792209.7416 0.4422741 -0.5382766 1.077047
11792242.725 0.4422761 -0.5382553 1.077013
11792276.8155 0.4422794 -0.5382253 1.07702
11792309.7467 0.4423006 -0.5382628 1.077106
11792342.7653 0.4423153 -0.5382733 1.077104
11792376.8144 0.4423588 -0.5382791 1.077148
11792409.7427 0.4423225 -0.5382297 1.077153
11792442.7905 0.4423522 -0.5382581 1.077221
11792476.8215 0.4423923 -0.5383279 1.077415
11792509.802 0.4423636 -0.5382636 1.077366
11792542.766 0.4423477 -0.5382182 1.077349
11792576.8368 0.4423479 -0.5382241 1.077395
11792609.7561 0.4423564 -0.5382227 1.077429
11792642.7304 0.4423718 -0.5382114 1.077433
11792676.8595 0.4423747 -0.5379435 1.076763
11792709.7525 0.4423651 -0.5379333 1.076786
11792742.7564 0.4423863 -0.5379369 1.076795
11792776.8198 0.4423899 -0.5379335 1.076827
