11861442.4727 0.4685556 -0.5544326 1.085898
11861476.6015 0.4684653 -0.5545242 1.085952
11861509.4846 0.4684263 -0.5544993 1.085975
11861542.472 0.4683631 -0.5544961 1.085986
11861576.5597 0.4682093 -0.5544373 1.085892
11861609.5032 0.4681605 -0.5544127 1.085889
11861642.4832 0.4673223 -0.5570616 1.084524
11861676.5533 0.4675056 -0.556219 1.084911
11861709.4836 0.4677997 -0.5552669 1.085323
11861742.4969 0.4677785 -0.5553265 1.085162
11861776.5797 0.4666724 -0.5594028 1.08307
11861809.4965 0.4669318 -0.5581174 1.083803
11861842.488 0.4671389 -0.5572153 1.084144
11861876.5888 0.466172 -0.5601259 1.082603
11861909.5184 0.46698 -0.5570831 1.083836
11861942.4713 0.4671259 -0.5563031 1.084112
11861976.5828 0.4665196 -0.5584814 1.08292
11862009.4787 0.4667493 -0.5570441 1.083685
11862042.4718 0.4669448 -0.5559708 1.084271
11862076.5718 0.4662822 -0.5583578 1.082732
11862109.4751 0.466849 -0.5559894 1.083705
11862142.4732 0.4660949 -0.5586392 1.082197
11862176.5756 0.4655883 -0.5601125 1.081245
11862209.4748 0.4661557 -0.5578107 1.082658
11862242.4753 0.4657653 -0.5590923 1.081708
11862276.5766 0.4654173 -0.5601063 1.08107
11862309.4712 0.4650577 -0.5609342 1.08044
11862342.4878 0.4648146 -0.5615978 1.080121
11862376.5738 0.4643725 -0.5623854 1.079829
11862409.4685 0.4658729 -0.5571297 1.082609
11862442.4789 0.4661893 -0.555943 1.083474
11862476.5547 0.4651642 -0.5592762 1.081669
11862509.4702 0.4653589 -0.5586377 1.081554
11862542.488 0.4647403 -0.5603334 1.080619
11862576.5638 0.4653109 -0.5582673 1.082375
11862609.4975 0.4649483 -0.5595133 1.081492
11862642.5066 0.464961 -0.5594076 1.0815
11862676.5664 0.4646533 -0.5604243 1.08101
11862709.4922 0.4655041 -0.5574963 1.082884
11862742.4825 0.4650365 -0.5592793 1.08168
11862776.5456 0.4649711 -0.5593582 1.081793
11862809.4813 0.4643787 -0.5611922 1.08082
11862842.4958 0.4649563 -0.5594785 1.081612
11862876.5543 0.4656286 -0.5571447 1.082867
11862909.5192 0.4649992 -0.5589646 1.081642
11862942.4774 0.4646936 -0.5593945 1.082008
11862976.5754 0.4655247 -0.5566182 1.083488
11863009.4725 0.4656908 -0.5559671 1.083926
11863042.4772 0.4657915 -0.5554301 1.084229
11863076.5813 0.4658561 -0.5550941 1.084346
11863109.4632 0.4658205 -0.555165 1.084493
11863142.4695 0.4657857 -0.5552105 1.084557
11863176.5896 0.4657604 -0.5551738 1.084436
11863209.497 0.4657522 -0.5552685 1.084665
11863242.4975 0.4658175 -0.5552064 1.084344
11863276.5593 0.4659096 -0.5551422 1.084437
11863309.4782 0.4659911 -0.5551217 1.084594
11863342.505 0.465974 -0.5551559 1.084726
11863376.5767 0.465472 -0.55639 1.083681
11863409.4767 0.4658623 -0.5551456 1.084334
11863442.4809 0.4650284 -0.5573812 1.08297
11863476.5875 0.4647496 -0.5583944 1.081993
11863509.4694 0.4658977 -0.5549651 1.083895
11863542.4958 0.4660434 -0.5547308 1.083652
11863576.5494 0.4660809 -0.5546246 1.083881
11863609.465 0.4661696 -0.5546707 1.084073
11863642.4689 0.466178 -0.5547337 1.084221
11863676.5853 0.4663197 -0.5547922 1.084548
11863709.5119 0.4668427 -0.5550259 1.084756
11863742.4842 0.4668239 -0.5551409 1.08508
11863776.5431 0.46685 -0.5551341 1.085177
11863809.4751 0.4668726 -0.5551482 1.085299
11863842.4773 0.4661237 -0.5574511 1.083918
11863876.549 0.4654463 -0.5596684 1.08289
11863909.4785 0.4660667 -0.5579213 1.084147
11863942.4893 0.4654871 -0.5596944 1.083053
11863976.5602 0.4660642 -0.5579143 1.084182
11864009.5148 0.4655126 -0.5595688 1.083029
11864042.4673 0.4651372 -0.560578 1.082366
11864076.5501 0.4648375 -0.5615031 1.08172
11864109.4595 0.464641 -0.5620328 1.081251
11864142.4695 0.4646315 -0.5618917 1.081693
11864176.5514 0.4645283 -0.5622728 1.081394
11864209.4715 0.4643061 -0.5629521 1.080999
11864242.4901 0.4640977 -0.5632351 1.080768
11864276.579 0.4655436 -0.5592337 1.083443
11864309.4803 0.4650107 -0.5608276 1.082512
11864342.4705 0.4646108 -0.5617993 1.081754
11864376.5508 0.4643552 -0.5623698 1.081294
11864409.4644 0.4642464 -0.5624764 1.080908
11864442.5027 0.4641525 -0.5626827 1.080436
11864476.5641 0.4639554 -0.5629925 1.080112
11864509.4641 0.4652372 -0.5593345 1.082623
11864542.4667 0.4650408 -0.5600001 1.081939
11864576.5597 0.4645154 -0.5611483 1.081111
11864609.4921 0.4642936 -0.5617679 1.080705
11864642.4598 0.4641795 -0.5620673 1.080449
11864676.5619 0.4640087 -0.5625048 1.080137
11864709.4627 0.4638744 -0.5628942 1.079865
11864742.4948 0.46368 -0.5633425 1.079581
11864776.5513 0.4635222 -0.5635903 1.079393
11864809.4714 0.4650558 -0.5590767 1.082213
11864842.4765 0.4645235 -0.5605007 1.081186
11864876.5494 0.4655627 -0.5573016 1.083246
11864909.4605 0.4658711 -0.5560994 1.083799
11864942.5017 0.4651949 -0.5582015 1.082469
11864976.5467 0.4645629 -0.5601211 1.081294
11865009.4832 0.4654039 -0.5572093 1.083075
11865042.4661 0.4657325 -0.5557384 1.083756
11865076.548 0.4655723 -0.5560461 1.083714
11865109.4624 0.4658749 -0.5550277 1.084208
11865142.4953 0.4660111 -0.5542993 1.084454
11865176.5769 0.4662711 -0.5540448 1.084456
11865209.4686 0.466153 -0.5539597 1.08441
11865242.486 0.4661316 -0.553872 1.084188
11865276.5688 0.4661322 -0.5538503 1.084219
11865309.4856 0.4661703 -0.5537655 1.08392
11865342.4857 0.4667421 -0.5537591 1.083692
11865376.5669 0.4667153 -0.5536259 1.083398
11865409.4627 0.4665702 -0.553547 1.083453
11865442.4674 0.4664817 -0.5535625 1.083561
11865476.5662 0.4664583 -0.5535405 1.083545
11865509.4752 0.4664023 -0.5535585 1.0837
11865542.4548 0.4663798 -0.5535948 1.083822
11865576.5478 0.466494 -0.5535921 1.083749
11865609.4757 0.4664552 -0.5535614 1.083728
11865642.4643 0.4664509 -0.5533642 1.083114
11865676.5611 0.4664383 -0.5533315 1.08317
11865709.452 0.4654897 -0.5560957 1.081311
11865742.4829 0.4657889 -0.5548989 1.082157
11865776.5374 0.4654547 -0.5556124 1.081982
11865809.4989 0.4646773 -0.5579619 1.080371
11865842.4593 0.4651872 -0.556348 1.081503
11865876.549 0.4656513 -0.5547307 1.082423
11865909.4559 0.4647398 -0.5577301 1.080758
11865942.4852 0.4653402 -0.5557034 1.081918
11865976.5442 0.4655478 -0.5549235 1.082495
11866009.4704 0.4658467 -0.5537713 1.083164
11866042.4665 0.4659663 -0.5532318 1.083459
11866076.5558 0.4659843 -0.5531111 1.083621
11866109.4595 0.4659636 -0.5531225 1.083645
11866142.4592 0.4659625 -0.5531282 1.083686
11866176.5547 0.4659282 -0.5531531 1.083688
11866209.4547 0.4658912 -0.5531686 1.083745
11866242.4704 0.4658457 -0.5532155 1.083815
11866276.5466 0.4658146 -0.5531974 1.083786
11866309.4601 0.4657695 -0.5532284 1.083791
11866342.4923 0.4642417 -0.5581688 1.080661
11866376.5664 0.4648025 -0.5563269 1.081861
11866409.48 0.4650664 -0.5554236 1.082429
11866442.4974 0.4653246 -0.554412 1.082954
11866476.5452 0.4655772 -0.5535268 1.08339
11866509.4526 0.4644363 -0.5572663 1.081094
11866542.5299 0.4650619 -0.5555707 1.082227
11866576.5343 0.4644947 -0.558376 1.079975
11866609.5028 0.4650402 -0.5565076 1.081069
11866642.4787 0.4646874 -0.5586678 1.079492
11866676.5504 0.4642379 -0.560821 1.077869
11866709.4672 0.4642732 -0.5614017 1.077487
11866742.4817 0.4652642 -0.5580952 1.079708
11866776.5522 0.4645077 -0.5604761 1.078112
11866809.4825 0.4655401 -0.5570234 1.080561
11866842.4802 0.4659637 -0.5556238 1.081421
11866876.5391 0.4652784 -0.5578426 1.080089
11866909.4547 0.4657791 -0.5559543 1.081421
11866942.4902 0.4657116 -0.5558274 1.081356
11866976.5417 0.4659771 -0.5548525 1.082054
11867009.4663 0.4662071 -0.5540437 1.082714
11867042.5305 0.4663053 -0.5534941 1.082924
11867076.5599 0.4658349 -0.5549738 1.082524
11867109.464 0.465987 -0.5546284 1.082857
11867142.4633 0.4660998 -0.5543195 1.082911
11867176.5424 0.4661861 -0.5541369 1.083191
11867209.4497 0.4663397 -0.5538917 1.083581
11867242.4831 0.4664332 -0.5536031 1.083767
11867276.5474 0.46674 -0.5529814 1.083855
11867309.477 0.4669874 -0.5528153 1.08384
11867342.4911 0.4672003 -0.5529218 1.08357
11867376.527 0.4675394 -0.5529529 1.08364
11867409.4664 0.468011 -0.5526261 1.083922
11867442.451 0.4689737 -0.5528135 1.085014
11867476.5464 0.4694609 -0.5530005 1.085298
11867509.4435 0.4696901 -0.5529857 1.085338
11867542.454 0.4699543 -0.5528628 1.085279
11867576.5322 0.4700924 -0.5527043 1.085458
11867609.4745 0.4702344 -0.5524131 1.085586
11867642.4746 0.4703936 -0.5520313 1.085771
11867676.5262 0.4705718 -0.5518386 1.085933
11867709.4738 0.470778 -0.5514467 1.086144
11867742.4706 0.471011 -0.5508065 1.086119
11867776.5444 0.4713179 -0.5502705 1.086277
11867809.4747 0.4718897 -0.5495492 1.08615
11867842.4749 0.4727819 -0.5493181 1.08568
11867876.5457 0.4734692 -0.5514017 1.082688
11867909.4498 0.4753644 -0.5525482 1.080586
11867942.461 0.4784793 -0.5536049 1.080322
11867976.5458 0.4828335 -0.5561238 1.081583
11868009.463 0.4873918 -0.5549673 1.086029
11868042.48 0.4904095 -0.5531794 1.088962
11868076.5751 0.492329 -0.5510343 1.09147
11868109.4554 0.4932011 -0.5503679 1.092336
11868142.4715 0.4931783 -0.5501059 1.09218
11868176.5383 0.4928078 -0.5499196 1.092196
11868209.4604 0.4923972 -0.5499278 1.092148
11868242.4622 0.4908949 -0.5497004 1.092097
11868276.5577 0.4890339 -0.5495718 1.092188
11868309.4605 0.4858321 -0.5487721 1.090999
11868342.4484 0.4822121 -0.5480115 1.09024
11868376.5324 0.4782367 -0.5471206 1.089706
11868409.4557 0.4739687 -0.5458141 1.088656
11868442.4768 0.4688618 -0.543744 1.08687
11868476.5362 0.4630677 -0.541032 1.084504
11868509.4587 0.4580325 -0.5388218 1.083182
11868542.4733 0.4523817 -0.5356416 1.080925
11868576.5568 0.4463865 -0.5328241 1.080064
11868609.525 0.4395824 -0.5279741 1.078642
11868642.4877 0.4356285 -0.5249684 1.077895
11868676.5266 0.430234 -0.5211825 1.077072
11868709.4783 0.4239133 -0.5161343 1.075811
11868742.4834 0.4193083 -0.5118302 1.074871
11868776.56 0.4150269 -0.5081289 1.074552
11868809.4599 0.4115304 -0.5051599 1.074916
11868842.4605 0.4076737 -0.5007648 1.074333
11868876.5354 0.4034913 -0.4961089 1.074846
11868909.4432 0.4006187 -0.4917699 1.075071
11868942.4467 0.3963943 -0.4859582 1.07529
11868976.5413 0.3926622 -0.4798744 1.074584
11869009.4766 0.3868916 -0.4727972 1.0756
11869042.4632 0.3843308 -0.4687893 1.076027
11869076.5365 0.3812392 -0.4646605 1.076749
11869109.4463 0.3553345 -0.4487777 1.080342
11869142.4584 0.3644053 -0.441438 1.084225
11869176.528 0.3632964 -0.4392225 1.08461
11869209.4551 0.3596303 -0.4353579 1.089019
11869242.4581 0.3571544 -0.4306596 1.090487
11869276.5351 0.3549103 -0.4271471 1.092664
11869309.4458 0.349166 -0.4117236 1.094024
11869342.4447 0.3102773 -0.3872013 1.091574
11869376.5295 0.3310848 -0.3888658 1.098552
11869409.4574 0.3320082 -0.3874448 1.100187
11869442.4374 0.3358511 -0.3854685 1.103016
11869476.5395 0.3369203 -0.3829568 1.104802
11869509.4587 0.3225435 -0.3746028 1.109672
11869542.4667 0.3204028 -0.3727451 1.1119
11869576.5523 0.3200048 -0.3713042 1.11426
11869609.4507 0.3346971 -0.3703217 1.119625
11869642.4401 0.3336526 -0.3704182 1.12146
11869676.5352 0.3328366 -0.3702894 1.122315
11869709.4734 0.3320487 -0.3699133 1.122312
11869742.4493 0.3316275 -0.3696802 1.122896
11869776.5267 0.3313493 -0.3694595 1.123905
11869809.4398 0.3308806 -0.3693945 1.124173
11869842.4437 0.3305873 -0.3693511 1.124785
11869876.5363 0.3306193 -0.3651737 1.128926
11869909.4481 0.3304905 -0.3660235 1.128467
11869942.4664 0.3304088 -0.3664815 1.128255
11869976.5241 0.3303142 -0.3690367 1.128088
11870009.4569 0.3302981 -0.3690228 1.128039
11870042.462 0.3303093 -0.3693846 1.127788
11870076.5217 0.3303456 -0.3696589 1.127779
11870109.4726 0.330426 -0.3691146 1.128796
11870142.4502 0.3307402 -0.3702686 1.12804
11870176.551 0.3309115 -0.3687654 1.127941
11870209.4473 0.3312953 -0.3691266 1.127836
11870242.4392 0.3321178 -0.3696949 1.126795
11870276.5417 0.3334174 -0.3708051 1.126441
11870309.4478 0.3342791 -0.3721563 1.123429
11870342.4455 0.3348974 -0.3738489 1.120724
11870376.5352 0.3369861 -0.3773229 1.119285
11870409.466 0.3386244 -0.3833683 1.116213
11870442.4522 0.3404666 -0.3879817 1.113393
11870476.535 0.3425602 -0.3949307 1.109848
11870509.4637 0.3439139 -0.3989926 1.108348
11870542.4453 0.3458966 -0.4029161 1.106475
11870576.5462 0.3439679 -0.4069051 1.105153
11870609.4519 0.3509286 -0.4125624 1.102111
11870642.4348 0.352988 -0.4166815 1.100654
11870676.55 0.355521 -0.4193057 1.097554
11870709.4483 0.3585594 -0.42473 1.095267
11870742.4591 0.3638441 -0.4327629 1.089456
11870776.523 0.3660092 -0.4350865 1.088386
11870809.4694 0.3675246 -0.4359264 1.086064
11870842.4588 0.3736144 -0.4453947 1.083185
11870876.5453 0.3777595 -0.4508455 1.081664
11870909.4625 0.379262 -0.4510385 1.080394
11870942.4508 0.3848912 -0.4567493 1.078567
11870976.5356 0.3877061 -0.4576321 1.077433
11871009.4639 0.3907022 -0.4604272 1.076481
11871042.4496 0.3951281 -0.4651403 1.075698
11871076.534 0.3989787 -0.4684871 1.074206
11871109.4509 0.4040948 -0.4725842 1.073064
11871142.4329 0.4084264 -0.4755855 1.071652
11871176.5268 0.4131769 -0.4796733 1.071513
11871209.4424 0.4173 -0.4831733 1.070815
11871242.4466 0.4212897 -0.4866338 1.071222
11871276.5294 0.425282 -0.4911064 1.072089
11871309.4433 0.4312386 -0.4973047 1.073767
11871342.45 0.433929 -0.499799 1.074355
11871376.5443 0.4388624 -0.504123 1.075099
11871409.4377 0.4428872 -0.5079783 1.076333
11871442.4493 0.4464922 -0.5114872 1.077387
11871476.5518 0.4502515 -0.5148354 1.078507
11871509.4497 0.452859 -0.5170249 1.078841
11871542.4622 0.4561335 -0.5197344 1.079706
11871576.5515 0.4602423 -0.5233822 1.081535
11871609.4634 0.4636476 -0.5262253 1.08267
11871642.4401 0.4671787 -0.5289264 1.084467
11871676.5225 0.4703037 -0.5311787 1.085893
11871709.4364 0.4733267 -0.5332279 1.086204
11871742.4456 0.4751243 -0.5341014 1.085505
11871776.5156 0.4780564 -0.5357277 1.085707
11871809.4271 0.4799598 -0.5367217 1.086174
11871842.4588 0.4823962 -0.5380318 1.086964
11871876.5461 0.4845647 -0.5391527 1.087518
11871909.4416 0.4873045 -0.5408928 1.089269
11871942.5123 0.4888004 -0.5414314 1.089247
11871976.5405 0.4899221 -0.5417989 1.089023
11872009.4474 0.4912265 -0.5422935 1.089147
11872042.455 0.4933446 -0.5439585 1.091782
11872076.5529 0.4939589 -0.5442327 1.091869
11872109.4377 0.4947041 -0.5445572 1.092036
11872142.4485 0.4951872 -0.5448844 1.09238
11872176.5231 0.495307 -0.5449827 1.092346
11872209.4391 0.4955025 -0.5454227 1.091731
11872242.44 0.4955767 -0.5457433 1.091055
11872276.5146 0.4954793 -0.5458959 1.090367
11872309.4626 0.495463 -0.5461233 1.090178
11872342.4615 0.4954308 -0.5462945 1.089852
11872376.5315 0.4954484 -0.5464614 1.089699
11872409.4447 0.4953874 -0.5465069 1.089175
11872442.4317 0.4953966 -0.5466442 1.088982
11872476.5148 0.4954866 -0.5471178 1.088525
11872509.4312 0.4955175 -0.5472062 1.088296
11872542.4392 0.4955769 -0.5473781 1.088078
11872576.5293 0.4956073 -0.5475525 1.087956
11872609.4433 0.4956983 -0.5477317 1.087942
11872642.4393 0.4959093 -0.5479261 1.087722
11872676.5311 0.4960045 -0.5480727 1.087486
11872709.4442 0.4961211 -0.5484588 1.087868
11872742.4316 0.4958119 -0.5524629 1.084667
11872776.5423 0.4959332 -0.5523487 1.085202
11872809.4443 0.4959985 -0.5523058 1.085498
11872842.4395 0.4959128 -0.5526113 1.085571
11872876.5256 0.4951073 -0.5576784 1.082946
11872909.4445 0.4948517 -0.5593097 1.082053
11872942.443 0.4946543 -0.5605733 1.081363
11872976.5146 0.4943552 -0.5618039 1.080472
11873009.4364 0.4938941 -0.5621254 1.07983
11873042.519 0.493374 -0.5629761 1.078951
11873076.5258 0.4927618 -0.5633076 1.078295
11873109.4541 0.4914046 -0.5627089 1.076868
11873142.4453 0.4897321 -0.5624958 1.075229
11873176.5186 0.4884202 -0.5627958 1.07579
11873209.4403 0.4853003 -0.5636506 1.076878
11873242.4372 0.4830768 -0.5643031 1.076479
11873276.5507 0.4814929 -0.5640197 1.076822
11873309.4495 0.4795604 -0.5643484 1.07637
11873342.4463 0.476485 -0.562995 1.074666
11873376.5172 0.4753063 -0.5569582 1.077145
11873409.4241 0.473764 -0.5556867 1.078401
11873442.4325 0.4724362 -0.5527821 1.079529
11873476.5189 0.4718044 -0.5517063 1.080263
11873509.4271 0.4693748 -0.5533568 1.080184
11873542.4379 0.4670877 -0.5540563 1.079747
11873576.5293 0.4658999 -0.5516837 1.080385
11873609.4305 0.4649498 -0.5500277 1.080761
11873642.4442 0.4642046 -0.5494767 1.080902
11873676.5126 0.4634304 -0.5492958 1.080712
11873709.438 0.4628653 -0.5490899 1.080532
11873742.4292 0.4622535 -0.5488604 1.080448
11873776.5164 0.4619861 -0.5488026 1.080533
11873809.4254 0.4616671 -0.5487234 1.080631
11873842.4272 0.4613397 -0.5486168 1.080502
11873876.5408 0.4606717 -0.5500543 1.079486
11873909.4412 0.460729 -0.5491259 1.079818
11873942.4438 0.4607395 -0.5484801 1.080018
11873976.5077 0.4603367 -0.5492601 1.079761
11874009.4273 0.460276 -0.5481929 1.079931
11874042.4414 0.4600546 -0.5479428 1.079774
11874076.5246 0.4596748 -0.5476402 1.079343
11874109.4422 0.4593204 -0.547282 1.078912
11874142.4325 0.458832 -0.5468136 1.078166
11874176.5153 0.4584584 -0.5465028 1.077659
11874209.4305 0.4582615 -0.5462494 1.077022
11874242.4491 0.4578003 -0.5475135 1.075764
11874276.5388 0.4575356 -0.5470503 1.075372
11874309.447 0.457214 -0.5468466 1.07506
11874342.4398 0.4566033 -0.5474186 1.074803
11874376.5381 0.4557593 -0.5486861 1.073563
11874409.457 0.4549231 -0.5497106 1.072596
11874442.4337 0.4554485 -0.5475304 1.073286
11874476.5103 0.4549625 -0.5484063 1.072568
11874509.444 0.4543594 -0.5493354 1.071829
11874542.4371 0.4547818 -0.5472386 1.072389
11874576.524 0.4538274 -0.5490011 1.071298
11874609.4318 0.4534841 -0.549468 1.070665
11874642.434 0.4542138 -0.547057 1.072392
11874676.518 0.4536609 -0.5482247 1.071626
11874709.4389 0.4533699 -0.5488294 1.071176
11874742.4296 0.4542992 -0.5460895 1.072784
11874776.5361 0.4548496 -0.5444426 1.073633
11874809.446 0.4548696 -0.5443853 1.07357
11874842.4478 0.454999 -0.5438232 1.073763
11874876.5338 0.4538279 -0.5470791 1.072003
11874909.4276 0.4533495 -0.548198 1.071414
11874942.436 0.4535702 -0.5475873 1.071602
11874976.5109 0.4540857 -0.5453334 1.072779
11875009.4487 0.4537569 -0.5459906 1.072471
11875042.4275 0.4535256 -0.5463141 1.072359
11875076.5283 0.4531862 -0.5470387 1.071972
11875109.4197 0.4536418 -0.5455424 1.072695
11875142.4526 0.4529846 -0.547578 1.071559
11875176.5104 0.4534542 -0.5461884 1.07213
11875209.4272 0.4529999 -0.5475029 1.071612
11875242.4347 0.453562 -0.5458863 1.072322
11875276.4969 0.453847 -0.5448412 1.072749
11875309.4273 0.4540916 -0.5439507 1.073552
11875342.4303 0.4542538 -0.5433323 1.073944
11875376.511 0.4534768 -0.5455373 1.0728
11875409.4245 0.4526604 -0.5478619 1.071459
11875442.4378 0.4523492 -0.5485789 1.071027
11875476.5029 0.4522775 -0.5486246 1.070941
11875509.4193 0.4520351 -0.549188 1.070757
11875542.4347 0.4518137 -0.549679 1.070257
11875576.5811 0.451785 -0.549521 1.070208
11875609.4162 0.4517503 -0.5494838 1.07022
11875642.429 0.4528626 -0.5461034 1.071752
11875676.5204 0.4524096 -0.5472807 1.071096
11875709.4126 0.4520243 -0.548156 1.070549
11875742.4275 0.4519096 -0.5484569 1.070337
11875776.5017 0.4518143 -0.5487961 1.070143
11875809.4349 0.451874 -0.5488175 1.070264
11875842.4145 0.4517768 -0.5490226 1.070049
11875876.5092 0.4518758 -0.5487278 1.070354
11875909.4211 0.451791 -0.5490125 1.070146
11875942.4175 0.4518017 -0.5490582 1.070086
11875976.5118 0.4518468 -0.5490217 1.070148
11876009.4232 0.4517979 -0.5491579 1.070048
11876042.432 0.45174 -0.5492678 1.069926
11876076.5148 0.4517559 -0.5494025 1.070082
11876109.4459 0.4524751 -0.5478029 1.071
11876142.4202 0.4535958 -0.544682 1.07294
11876176.5083 0.453514 -0.5448539 1.072699
11876209.4235 0.4542063 -0.5429481 1.073688
11876242.4273 0.4539204 -0.5438275 1.073073
11876276.501 0.4535659 -0.5448833 1.072558
11876309.4441 0.4537306 -0.5445144 1.072684
11876342.4578 0.4538895 -0.5442162 1.072675
11876376.5036 0.4539775 -0.5441011 1.072653
11876409.4093 0.4538764 -0.544444 1.072439
11876442.4202 0.4535235 -0.5454251 1.071894
11876476.5017 0.4535312 -0.5453994 1.072008
11876509.4226 0.4538999 -0.544587 1.072418
11876542.426 0.4540471 -0.5443743 1.0725
11876576.5269 0.454292 -0.5436043 1.07279
11876609.4162 0.4538849 -0.5446898 1.07208
11876642.42 0.4537836 -0.545022 1.071904
11876676.4991 0.454541 -0.5425513 1.073437
11876709.4274 0.4546765 -0.5422533 1.07356
11876742.43 0.4547672 -0.5421367 1.073589
11876776.4971 0.454108 -0.54388 1.072534
11876809.4279 0.4540927 -0.5438708 1.072594
11876842.4359 0.4542037 -0.5436448 1.072582
11876876.501 0.4538784 -0.5446765 1.071927
11876909.4346 0.4535491 -0.5457088 1.071496
11876942.4368 0.4539872 -0.5445767 1.071993
11876976.5159 0.4541662 -0.5441354 1.072055
