10900046.0842 0.4249149 -0.499683 1.083208
10900080.1744 0.4249125 -0.499735 1.083159
10900113.0793 0.4249147 -0.4997877 1.08311
10900146.0921 0.424909 -0.4998663 1.083076
10900180.1449 0.4249028 -0.4998745 1.083055
10900213.1787 0.4248994 -0.4998781 1.083059
10900246.0804 0.4248973 -0.4999041 1.083049
10900280.1611 0.4248837 -0.500026 1.082967
10900313.1452 0.4248649 -0.4999761 1.082882
10900346.1367 0.4248586 -0.4999193 1.082729
10900380.1604 0.4248484 -0.4999712 1.082681
10900413.0854 0.4248124 -0.4999733 1.0826
10900446.0794 0.4248041 -0.5000542 1.082555
10900480.1613 0.4247839 -0.5000983 1.082515
10900513.0629 0.4247723 -0.5001051 1.082503
10900546.0643 0.424758 -0.5001777 1.082464
10900580.1499 0.4247468 -0.500217 1.082429
10900613.0651 0.4247415 -0.5002466 1.082423
10900646.0755 0.4247395 -0.5002034 1.082435
10900680.1562 0.4247263 -0.5002538 1.082419
10900713.1523 0.4246975 -0.5002343 1.082369
10900746.0633 0.4246869 -0.5002353 1.082349
10900780.1444 0.4246872 -0.5002595 1.082333
10900813.1031 0.4246889 -0.5002484 1.082292
10900846.0675 0.4246823 -0.5002304 1.082309
10900880.1602 0.4246753 -0.5002583 1.082299
10900913.0651 0.4246649 -0.5002425 1.082232
10900946.0652 0.4246439 -0.5003363 1.08213
10900980.1586 0.4246119 -0.5003272 1.082049
10901013.0976 0.4245612 -0.5002346 1.08177
10901046.0731 0.4245569 -0.500224 1.081694
10901080.1588 0.4245536 -0.5002844 1.081674
10901113.1466 0.4245755 -0.5002838 1.081603
10901146.1004 0.42458 -0.5002859 1.081607
10901180.1511 0.4245724 -0.5004228 1.081549
10901213.079 0.4245699 -0.5003833 1.081521
10901246.0648 0.4245679 -0.5003459 1.081516
10901280.1648 0.4245698 -0.5002156 1.081575
10901313.0701 0.4245632 -0.5002173 1.081573
10901346.0575 0.4245644 -0.5002295 1.081551
10901380.1407 0.4245706 -0.5002097 1.081486
10901413.0636 0.4245307 -0.5001999 1.081464
10901446.065 0.4245511 -0.5002254 1.081398
10901480.1506 0.4245479 -0.5002367 1.081339
10901513.0826 0.4245484 -0.5003238 1.081309
10901546.1132 0.4245482 -0.5004388 1.081255
10901580.1503 0.4245269 -0.5004448 1.081058
10901613.0733 0.4245142 -0.500527 1.080974
10901646.0862 0.4245134 -0.5005117 1.08098
10901680.1423 0.424511 -0.500539 1.080919
10901713.0566 0.4245103 -0.5004431 1.080739
10901746.0728 0.4245125 -0.5004046 1.080757
10901780.1654 0.4245138 -0.5003589 1.080776
10901813.0596 0.4245146 -0.5003625 1.080775
10901846.0786 0.4245153 -0.5003337 1.080791
10901880.1671 0.4245152 -0.5002355 1.080744
10901913.0696 0.4245045 -0.5002515 1.080751
10901946.1555 0.4245062 -0.500295 1.080748
10901980.1664 0.4244951 -0.5004402 1.0807
10902013.0742 0.4245015 -0.50042 1.080658
10902046.0842 0.4245026 -0.5004772 1.080602
10902080.1666 0.4245126 -0.5004836 1.080566
10902113.0661 0.4245215 -0.5004821 1.080585
10902146.0544 0.4245259 -0.5004573 1.080598
10902180.1646 0.4245308 -0.5004098 1.080588
10902213.1525 0.4245362 -0.5003952 1.080577
10902246.0537 0.4245389 -0.5004376 1.080525
10902280.1701 0.4245456 -0.5003877 1.080429
10902313.0697 0.4245472 -0.500429 1.08042
10902346.0583 0.4245431 -0.500573 1.080358
10902380.171 0.4245422 -0.500577 1.080357
10902413.0895 0.424543 -0.5006027 1.080346
10902446.0753 0.4245471 -0.5005947 1.080349
10902480.2213 0.4245518 -0.5005413 1.080373
10902513.1348 0.4245622 -0.5005011 1.080421
10902546.0877 0.4245641 -0.5005083 1.080419
10902580.1614 0.4245655 -0.5005437 1.080387
10902613.0811 0.4245663 -0.5005925 1.080391
10902646.0928 0.4245677 -0.500577 1.080399
10902680.21 0.4245695 -0.500579 1.080418
10902713.0788 0.4245787 -0.5004835 1.080436
10902746.0851 0.4246037 -0.5005159 1.080466
10902780.2085 0.4246191 -0.5004842 1.080483
10902813.0785 0.4246223 -0.5004697 1.080492
10902846.0552 0.4246283 -0.5004938 1.080506
10902880.1577 0.4246447 -0.500491 1.080458
10902913.0778 0.4246438 -0.5004854 1.080461
10902946.0652 0.4246163 -0.5004768 1.080375
10902980.21 0.424609 -0.500533 1.080377
10903013.0796 0.424601 -0.5004677 1.0804
10903046.1318 0.4246004 -0.5004857 1.080399
10903080.1657 0.4246045 -0.5004961 1.080398
10903113.2143 0.424605 -0.5005095 1.080394
10903146.0568 0.4246079 -0.5004878 1.080382
10903180.1388 0.4246095 -0.5005506 1.080359
10903213.1303 0.4246139 -0.5004898 1.080405
10903246.0808 0.42463 -0.5004918 1.080419
10903280.2128 0.4246316 -0.5004604 1.080433
10903313.1407 0.4246328 -0.5004384 1.080442
10903346.0788 0.4246315 -0.5004909 1.080421
10903380.1476 0.4246386 -0.5004849 1.080408
10903413.0603 0.4246449 -0.5003768 1.080441
10903446.0777 0.4246405 -0.5004456 1.080392
10903480.133 0.4246465 -0.500485 1.080407
10903513.083 0.4246313 -0.5005067 1.080384
10903546.0774 0.4246102 -0.5004662 1.080361
10903580.152 0.4245954 -0.5003746 1.080299
10903613.0766 0.4245887 -0.5004289 1.080427
10903646.0784 0.424591 -0.5003328 1.080448
10903680.1591 0.4246037 -0.5003513 1.080492
10903713.0665 0.4245898 -0.5003595 1.080447
10903746.0662 0.4245474 -0.500383 1.080487
10903780.1473 0.424548 -0.5004391 1.080439
10903813.0629 0.4245557 -0.5004418 1.080455
10903846.0946 0.4245759 -0.5004346 1.080449
10903880.2037 0.4245781 -0.5004249 1.080453
10903913.2088 0.4245801 -0.5004371 1.080422
10903946.0591 0.4245832 -0.5004246 1.080452
10903980.1443 0.4245895 -0.5004064 1.080478
10904013.1506 0.4245967 -0.5002698 1.080545
10904046.0694 0.4246325 -0.500298 1.080601
10904080.1567 0.4246427 -0.500318 1.080611
10904113.0776 0.4246472 -0.5005044 1.080566
10904146.0876 0.4246662 -0.500526 1.080539
10904180.2073 0.4246689 -0.5005928 1.080504
10904213.1307 0.4246702 -0.5006461 1.080464
10904246.0623 0.4246817 -0.5006078 1.080345
10904280.1607 0.4246814 -0.5006321 1.080358
10904313.0528 0.4246857 -0.5006288 1.080377
10904346.0673 0.4246823 -0.500655 1.080364
10904380.1571 0.4247365 -0.5006558 1.08044
10904413.1507 0.4247533 -0.5006793 1.080463
10904446.056 0.424768 -0.5006697 1.080491
10904480.14 0.4247785 -0.5007159 1.08045
10904513.1639 0.4247856 -0.500709 1.08047
10904546.0462 0.4247873 -0.5007033 1.080476
10904580.1389 0.4247901 -0.5006652 1.080477
10904613.0865 0.4247967 -0.5006943 1.080486
10904646.0685 0.4248106 -0.5007004 1.08049
10904680.146 0.4248253 -0.500691 1.080525
10904713.0726 0.4248473 -0.5006812 1.080546
10904746.0711 0.4248638 -0.5006983 1.080575
10904780.1227 0.4248691 -0.5006993 1.080588
10904813.0727 0.4248782 -0.5006666 1.080559
10904846.0717 0.4249099 -0.5008225 1.080615
10904880.1355 0.4249136 -0.5008481 1.080608
10904913.0425 0.4249143 -0.5009518 1.080563
10904946.0734 0.4249169 -0.5009726 1.080552
10904980.1566 0.4249174 -0.5009862 1.080547
10905013.0615 0.4249108 -0.5010614 1.080529
10905046.044 0.4249332 -0.5011038 1.080547
10905080.1395 0.4249391 -0.5010823 1.080558
10905113.0501 0.4249518 -0.5010809 1.080564
10905146.0568 0.4249492 -0.5011113 1.080562
10905180.1536 0.4249606 -0.5011187 1.080585
10905213.159 0.4249598 -0.5011408 1.080575
10905246.0709 0.4249712 -0.5010855 1.080635
10905280.1418 0.4249769 -0.5010736 1.080637
10905313.1333 0.4249812 -0.501012 1.080676
10905346.0575 0.424996 -0.501021 1.080692
10905380.1304 0.4249934 -0.5009984 1.080688
10905413.0468 0.425003 -0.5010591 1.080678
10905446.0461 0.4249839 -0.5010059 1.080696
10905480.1367 0.4249809 -0.5010047 1.080852
10905513.1483 0.4249772 -0.5009635 1.080717
10905546.061 0.4249619 -0.5009624 1.080696
10905580.1343 0.4249567 -0.5009137 1.080684
10905613.0688 0.4249479 -0.5009516 1.080628
10905646.0698 0.42493 -0.5008973 1.080619
10905680.1509 0.4249286 -0.5009183 1.080604
10905713.0751 0.4249286 -0.5008913 1.080624
10905746.0457 0.4249247 -0.5008748 1.080618
10905780.199 0.4249212 -0.5008648 1.080617
10905813.0506 0.4249274 -0.5007422 1.080662
10905846.0741 0.4249215 -0.5007696 1.08068
10905880.1442 0.4249158 -0.5007265 1.080751
10905913.1307 0.4249074 -0.5006297 1.08079
10905946.0492 0.4248932 -0.500677 1.080783
10905980.1348 0.4248801 -0.5006422 1.080783
10906013.0718 0.4248689 -0.5008411 1.080775
10906046.069 0.4248539 -0.5008559 1.080821
10906080.137 0.4248502 -0.5007608 1.080866
10906113.037 0.424839 -0.5007244 1.080825
10906146.0515 0.4248374 -0.5007451 1.080825
10906180.1224 0.4248289 -0.5008052 1.080801
10906213.0732 0.42481 -0.5007302 1.080682
10906246.05 0.4248014 -0.5007208 1.080682
10906280.157 0.4247947 -0.5006607 1.08071
10906313.0536 0.4247979 -0.5006461 1.080722
10906346.053 0.4248038 -0.5006328 1.080723
10906380.1411 0.4248033 -0.5006265 1.080726
10906413.0423 0.4248091 -0.500611 1.08074
10906446.0646 0.4248134 -0.5006257 1.080802
10906480.2093 0.4248162 -0.5006047 1.080826
10906513.0691 0.4248269 -0.5006338 1.080877
10906546.0651 0.4248305 -0.5006442 1.080881
10906580.1356 0.4248339 -0.5006511 1.080884
10906613.0438 0.4248412 -0.5006199 1.080884
10906646.0513 0.4248468 -0.5006092 1.0809
10906680.1357 0.4248764 -0.5006135 1.080953
10906713.1387 0.4248848 -0.5006158 1.080953
10906746.0416 0.4248888 -0.5006161 1.080961
10906780.1268 0.4248994 -0.5006153 1.080975
10906813.0481 0.4249085 -0.5005718 1.080987
10906846.0663 0.4249058 -0.5004829 1.08103
10906880.1433 0.4249082 -0.5004893 1.081034
10906913.1373 0.4249034 -0.5004805 1.081041
10906946.0377 0.4249048 -0.5004588 1.081041
10906980.1266 0.4249136 -0.5004292 1.081058
10907013.0796 0.4249216 -0.50045 1.081066
10907046.0526 0.4249275 -0.5003826 1.081104
10907080.1259 0.4249339 -0.5004251 1.081098
10907113.0435 0.4249566 -0.5004097 1.081119
10907146.0408 0.4249747 -0.5004385 1.081214
10907180.1306 0.4249903 -0.5004904 1.081201
10907213.0539 0.4249895 -0.5005497 1.08118
10907246.0455 0.4250586 -0.5006533 1.081309
10907280.1221 0.4250602 -0.5006595 1.081331
10907313.1234 0.4250857 -0.5005853 1.081443
10907346.0632 0.4250985 -0.5006008 1.081462
10907380.1448 0.4250993 -0.5005967 1.081464
10907413.1285 0.4251142 -0.500531 1.081514
10907446.0371 0.4251218 -0.5005049 1.081553
10907480.1289 0.4251414 -0.5005262 1.081618
10907513.136 0.4251425 -0.500489 1.081582
10907546.0405 0.4251586 -0.500551 1.081603
10907580.1224 0.4251608 -0.500576 1.081581
10907613.0368 0.4251784 -0.5005663 1.081606
10907646.0357 0.4251981 -0.500615 1.081616
10907680.1377 0.4251971 -0.5006163 1.081629
10907713.1153 0.4252024 -0.5004588 1.081708
10907746.051 0.4252001 -0.5004013 1.081654
10907780.1502 0.4251973 -0.5004182 1.081659
10907813.0621 0.4252221 -0.5005108 1.081706
10907846.047 0.4252364 -0.500537 1.08176
10907880.1322 0.4252417 -0.5006114 1.081714
10907913.0507 0.4252447 -0.5006307 1.081721
10907946.0554 0.4252568 -0.5006552 1.081731
10907980.1426 0.425259 -0.5006631 1.081739
10908013.0582 0.4252651 -0.5006619 1.081751
10908046.0612 0.4252858 -0.5007042 1.081799
10908080.1206 0.4253197 -0.5007128 1.081872
10908113.0612 0.4253431 -0.5007144 1.081873
10908146.0696 0.425351 -0.5007085 1.081883
10908180.1252 0.4253584 -0.5007013 1.081884
10908213.1282 0.42536 -0.5006756 1.081892
10908246.0356 0.4253574 -0.5006448 1.081912
10908280.1976 0.4253726 -0.5006406 1.081881
10908313.0417 0.4253833 -0.5006078 1.0819
10908346.0476 0.4253912 -0.5006087 1.081907
10908380.1234 0.4254404 -0.5005866 1.081976
10908413.1166 0.4254565 -0.5005807 1.081981
10908446.0802 0.4254603 -0.5005649 1.081989
10908480.1166 0.4254612 -0.5006141 1.081978
10908513.0514 0.4254957 -0.5006382 1.08203
10908546.0434 0.4255156 -0.5004956 1.082086
10908580.1171 0.4255338 -0.500501 1.082108
10908613.045 0.4255272 -0.5005086 1.082138
10908646.0661 0.4255305 -0.500518 1.082173
10908680.1189 0.4255407 -0.5005694 1.082192
10908713.1375 0.4255507 -0.5005663 1.08223
10908746.042 0.4255457 -0.5004644 1.082311
10908780.1214 0.4255591 -0.500419 1.08234
10908813.0703 0.4255719 -0.5004404 1.082344
10908846.0692 0.4255638 -0.5003462 1.08235
10908880.1236 0.4255595 -0.500297 1.082354
10908913.0425 0.4255191 -0.5001732 1.082174
10908946.0562 0.4255233 -0.5001847 1.082188
10908980.1402 0.4255245 -0.5001462 1.082208
10909013.0598 0.4255409 -0.5001463 1.082229
10909046.0317 0.4255397 -0.5001064 1.08225
10909080.135 0.4255382 -0.5001069 1.082241
10909113.0407 0.4255414 -0.5001293 1.082238
10909146.0548 0.425547 -0.5001294 1.082237
10909180.1211 0.4255615 -0.5000825 1.082311
10909213.0326 0.4255652 -0.5000561 1.082333
10909246.1017 0.4255705 -0.5000941 1.082445
10909280.1262 0.4255673 -0.5001016 1.082445
10909313.1128 0.4255601 -0.5000961 1.082446
10909346.0407 0.4255655 -0.5000928 1.082448
10909380.137 0.4255731 -0.5000616 1.082448
10909413.0595 0.4255726 -0.500057 1.082452
10909446.056 0.425576 -0.5000499 1.082447
10909480.133 0.4255737 -0.5000711 1.082446
10909513.0317 0.4255689 -0.5000321 1.082406
10909546.0446 0.4255671 -0.5000524 1.082391
10909580.1233 0.4255668 -0.5000342 1.08239
10909613.031 0.4255808 -0.5001004 1.08231
10909646.0624 0.4255813 -0.5001319 1.082286
10909680.1324 0.4255835 -0.5001171 1.082288
10909713.1777 0.4255815 -0.5001267 1.082288
10909746.049 0.425585 -0.5001612 1.08228
10909780.1198 0.4255861 -0.5001628 1.082284
10909813.0362 0.4255891 -0.5000442 1.082336
10909846.0458 0.4255927 -0.5000123 1.082331
10909880.1446 0.4256047 -0.4999871 1.082394
10909913.0269 0.4256084 -0.4999998 1.082444
10909946.0418 0.4256096 -0.4999971 1.082473
10909980.1213 0.4256131 -0.4999676 1.082514
10910013.0381 0.4256149 -0.4999637 1.082505
10910046.0436 0.4256169 -0.4999672 1.082535
10910080.123 0.4256178 -0.5000131 1.082522
10910113.0522 0.4256195 -0.5000036 1.082511
10910146.0297 0.4256187 -0.5000315 1.082501
10910180.1531 0.4256251 -0.5000732 1.082471
10910213.0589 0.4256197 -0.5000753 1.082498
10910246.0364 0.4256135 -0.5000545 1.082494
10910280.1106 0.4256173 -0.5000041 1.082425
10910313.1247 0.4256188 -0.4999967 1.082412
10910346.0526 0.4256186 -0.5000165 1.082405
10910380.1263 0.4256156 -0.5000243 1.08239
10910413.0361 0.4256254 -0.5000065 1.082353
10910446.0354 0.425638 -0.4999148 1.082436
10910480.1112 0.4256381 -0.4999075 1.08243
10910513.1241 0.4256386 -0.4998882 1.082387
10910546.0442 0.4256346 -0.4999111 1.082384
10910580.1089 0.4256356 -0.4999059 1.082369
10910613.0557 0.4256367 -0.4999183 1.082373
10910646.0517 0.4256366 -0.4998964 1.082387
10910680.132 0.425631 -0.4999278 1.082375
10910713.0644 0.425624 -0.4998974 1.082374
10910746.049 0.425622 -0.4998918 1.082367
10910780.119 0.4256223 -0.4998649 1.082367
10910813.0341 0.4256166 -0.4998335 1.082324
10910846.0355 0.4256096 -0.4999657 1.082273
10910880.1339 0.4255962 -0.4999483 1.082225
10910913.024 0.4256023 -0.4999539 1.082218
10910946.0328 0.4256024 -0.4999171 1.08224
10910980.1073 0.4255983 -0.5000586 1.082186
10911013.0225 0.4256227 -0.5000545 1.082262
10911046.0584 0.4256218 -0.5000986 1.082239
10911080.1177 0.4256211 -0.5001444 1.082227
10911113.0374 0.4256225 -0.5001341 1.082212
10911146.054 0.4256282 -0.5001063 1.082214
10911180.1174 0.4256403 -0.5001277 1.082274
10911213.0527 0.4256428 -0.5002041 1.08228
10911246.0274 0.4256501 -0.5001403 1.082297
10911280.113 0.42566 -0.5001329 1.082326
10911313.0442 0.4256571 -0.5001702 1.082314
10911346.1076 0.4256704 -0.500184 1.082327
10911380.1283 0.4256788 -0.5001563 1.082333
10911413.0259 0.4256791 -0.5001363 1.082323
10911446.0367 0.4256868 -0.5001478 1.082327
10911480.1034 0.4256869 -0.5001532 1.082317
10911513.0235 0.4257084 -0.5000682 1.082073
10911546.054 0.4257044 -0.5000789 1.082079
10911580.1052 0.425708 -0.5000595 1.082083
10911613.0265 0.4256967 -0.5000505 1.082096
10911646.0349 0.4256968 -0.500095 1.082078
10911680.1197 0.425701 -0.5001052 1.082088
10911713.0283 0.4256965 -0.5002286 1.082047
10911746.0366 0.4256968 -0.5002477 1.082045
10911780.1182 0.4257074 -0.5002497 1.082024
10911813.1048 0.425728 -0.5002491 1.082025
10911846.0306 0.4257464 -0.5002004 1.082089
10911880.1281 0.4257469 -0.5001727 1.082064
10911913.0343 0.4257621 -0.5002369 1.082033
10911946.0467 0.4257815 -0.5002704 1.082044
10911980.1348 0.4258018 -0.5002593 1.082042
10912013.0332 0.4258233 -0.5002567 1.082062
10912046.0386 0.4258741 -0.5002339 1.08212
10912080.112 0.4259678 -0.5002356 1.082069
10912113.0366 0.4261199 -0.500266 1.082021
10912146.0326 0.4262982 -0.5001302 1.08165
10912180.1269 0.4264889 -0.5001384 1.081687
10912213.0314 0.4266631 -0.5001672 1.081649
10912246.1062 0.426956 -0.5002225 1.081698
10912280.1122 0.4272679 -0.5005342 1.081704
10912313.0516 0.4276082 -0.500833 1.081692
10912346.0267 0.4279014 -0.5009608 1.081923
10912380.1066 0.4281102 -0.5010246 1.081913
10912413.032 0.4282892 -0.5010049 1.081933
10912446.0289 0.4284965 -0.5009611 1.081936
10912480.1174 0.428923 -0.5009485 1.082059
10912513.0243 0.4293078 -0.5009178 1.082156
10912546.0598 0.4297645 -0.5008286 1.082106
10912580.099 0.4305716 -0.5008281 1.082294
10912613.0162 0.4314809 -0.5007484 1.08251
10912646.0193 0.4326108 -0.5006119 1.082598
10912680.1143 0.4339392 -0.4998334 1.082763
10912713.064 0.4353532 -0.4992841 1.083361
10912746.042 0.4367072 -0.4991345 1.083662
10912780.103 0.4380468 -0.4979254 1.084136
10912813.0214 0.4398077 -0.4972874 1.084749
10912846.0175 0.4416522 -0.4975478 1.084965
10912880.1277 0.4439496 -0.4972341 1.085498
10912913.024 0.4467101 -0.4977102 1.086504
10912946.0242 0.4499295 -0.4979441 1.087756
10912980.0987 0.4532047 -0.4981159 1.089217
10913013.0406 0.4564145 -0.4984972 1.090526
10913046.0961 0.4593284 -0.4987572 1.091177
10913080.1021 0.4618586 -0.4990501 1.091188
10913113.1183 0.4640884 -0.5002146 1.091411
10913146.0187 0.4660567 -0.5007435 1.092183
10913180.1125 0.4673488 -0.5002181 1.092023
10913213.0441 0.4688878 -0.4985536 1.091649
10913246.0422 0.4705064 -0.4934316 1.087998
10913280.0974 0.4714367 -0.4885022 1.086541
10913313.105 0.4718998 -0.4792318 1.082071
10913346.0234 0.4770475 -0.4576634 1.097564
10913380.1115 0.4776443 -0.4470978 1.099428
10913413.0969 0.4781143 -0.4283177 1.093175
10913446.0133 0.4757122 -0.430497 1.093824
10913480.0899 0.4738672 -0.4300223 1.094548
10913513.0481 0.4712668 -0.42462 1.098624
10913546.0183 0.4704215 -0.4061587 1.119696
10913580.1187 0.4703189 -0.3990654 1.122118
10913613.0257 0.4690922 -0.3912607 1.122506
10913646.0131 0.4680504 -0.3832123 1.122364
10913680.0901 0.4668121 -0.3748418 1.121892
10913713.0123 0.4639123 -0.3692621 1.119509
10913746.0297 0.4608861 -0.3625721 1.117138
10913780.1075 0.4582487 -0.358535 1.11599
10913813.0485 0.4563013 -0.3496656 1.117862
10913846.0376 0.4564327 -0.342876 1.120684
10913880.1072 0.4551996 -0.3381409 1.120902
10913913.1016 0.4548109 -0.336493 1.121751
10913946.0213 0.4543732 -0.334339 1.121879
10913980.1098 0.4540291 -0.3327304 1.121968
10914013.0381 0.4540529 -0.3316305 1.122851
10914046.0263 0.453951 -0.3313859 1.122961
10914080.1038 0.4539381 -0.3313723 1.12307
10914113.0243 0.4539462 -0.3314143 1.123112
10914146.0154 0.4537907 -0.3321754 1.123014
10914180.0981 0.4514856 -0.3383741 1.11581
10914213.0285 0.4516405 -0.3405366 1.115322
10914246.0139 0.4529041 -0.3459328 1.116662
10914280.097 0.4541259 -0.3518663 1.118276
10914313.0376 0.4559956 -0.3549994 1.11854
10914346.0173 0.4584264 -0.3601801 1.121603
10914380.093 0.4606383 -0.3643932 1.124012
10914413.0123 0.4617321 -0.3696631 1.124034
10914446.0194 0.4627709 -0.3744511 1.125941
10914480.1642 0.4637997 -0.3807816 1.130175
10914513.0908 0.464168 -0.3861821 1.131379
10914546.036 0.4644561 -0.393958 1.131935
10914580.0957 0.4644312 -0.4007655 1.132967
10914613.0162 0.4626203 -0.4146304 1.119467
10914646.0238 0.4622057 -0.4203073 1.115264
10914680.1033 0.4623681 -0.4244817 1.113113
10914713.0229 0.4632831 -0.4287907 1.112223
10914746.0338 0.464475 -0.4340742 1.111523
10914780.0915 0.4676915 -0.4299484 1.107033
10914813.0128 0.4682268 -0.4311619 1.106565
10914846.0368 0.4690615 -0.4347253 1.103415
10914880.1216 0.4698833 -0.448901 1.104312
10914913.0215 0.4690603 -0.4623435 1.094654
10914946.0205 0.4692117 -0.4637256 1.093896
10914980.1003 0.4686485 -0.4730833 1.09191
10915013.0923 0.4689257 -0.4743095 1.091657
10915046.1011 0.4690818 -0.4807257 1.092922
10915080.1157 0.4690835 -0.4860668 1.094997
10915113.0279 0.468816 -0.4895705 1.096096
10915146.0437 0.4684748 -0.4952886 1.097782
10915180.1203 0.4683936 -0.4972433 1.098432
10915213.0006 0.4681183 -0.4993778 1.098969
10915246.0192 0.4680693 -0.5007018 1.099301
10915280.0868 0.4679879 -0.5013091 1.09938
10915313.0422 0.4678562 -0.501512 1.099425
10915346.0242 0.4676045 -0.5019601 1.099386
10915380.0976 0.4671998 -0.5020539 1.099357
10915413.1047 0.4665839 -0.5021589 1.099325
10915446.0137 0.4656624 -0.5024131 1.099155
10915480.1042 0.4646899 -0.5027145 1.098859
10915513.0112 0.4635133 -0.5027627 1.098432
10915546.0319 0.4625981 -0.5028295 1.098388
10915580.1142 0.4612649 -0.5032821 1.098008
10915613.0228 0.4603336 -0.5038305 1.09773
10915646.0082 0.459594 -0.5043111 1.097649
10915680.0946 0.4587806 -0.5048202 1.097439
10915713.0217 0.4579581 -0.5055816 1.09739
10915746.0375 0.4572814 -0.5060854 1.097227
10915780.1079 0.45672 -0.5065656 1.096969
10915813.1236 0.4562036 -0.5069583 1.096758
10915846.0195 0.4556952 -0.5075009 1.096681
10915880.101 0.4552273 -0.5078323 1.0964
10915913.022 0.4548762 -0.5081488 1.096172
10915946.0357 0.4545451 -0.5084057 1.096078
10915980.1201 0.4540439 -0.5087641 1.095738
10916013.0106 0.4537393 -0.5089863 1.09538
10916046.0436 0.4535035 -0.5091151 1.095102
10916080.0918 0.453257 -0.5093274 1.094839
10916113.0386 0.4530542 -0.5093381 1.094642
10916146.0293 0.4527564 -0.5093917 1.094436
10916180.1113 0.4524863 -0.5095354 1.094142
10916213.1073 0.4521364 -0.509999 1.093547
10916246.0204 0.4518405 -0.5102439 1.092994
10916280.1061 0.4516833 -0.5104806 1.092573
10916313.0356 0.4515982 -0.5103683 1.092222
10916346.0107 0.4516256 -0.5105786 1.092052
10916380.107 0.4516528 -0.511011 1.091846
10916413.0135 0.4516609 -0.5110455 1.091832
10916446.0104 0.4517278 -0.5110351 1.091736
10916480.0936 0.451829 -0.5112533 1.091454
10916513.0005 0.4519762 -0.5113327 1.091152
10916546.043 0.4521261 -0.5112454 1.090852
10916580.1134 0.4522078 -0.5112311 1.090699
10916613.029 0.4522711 -0.5112989 1.090575
10916646.032 0.4523539 -0.5113853 1.090551
10916680.0881 0.4524071 -0.5114537 1.090427
10916713.0287 0.4524327 -0.5115721 1.09038
10916746.0128 0.4524673 -0.5117789 1.090214
10916780.098 0.4525037 -0.5117679 1.090014
10916813.0966 0.4525137 -0.5117815 1.089952
10916846.0146 0.4524808 -0.5119216 1.089592
10916880.0904 0.4524268 -0.5121222 1.08942
10916913.0215 0.4523936 -0.5121074 1.089366
10916946.0435 0.4522738 -0.5120816 1.088943
10916980.0872 0.4522464 -0.5121813 1.088827
10917013.0336 0.4522303 -0.5121981 1.088753
10917046.0345 0.452175 -0.5121345 1.088606
10917080.0943 0.4521675 -0.5120907 1.088518
10917113.0144 0.4521478 -0.5123127 1.088404
10917146.0441 0.4521369 -0.5124421 1.088363
10917180.1076 0.4521 -0.5124722 1.088308
10917213.0026 0.4520557 -0.5124795 1.088213
10917246.0106 0.4520154 -0.5125326 1.088153
10917280.0929 0.4519374 -0.5125712 1.088066
10917313.0175 0.4518621 -0.5125111 1.087915
10917346.0398 0.4518313 -0.5126103 1.087842
10917380.1222 0.4517684 -0.5125794 1.087743
10917413.0887 0.4517363 -0.512551 1.087766
10917446.0264 0.4516726 -0.5125595 1.087685
10917480.1084 0.4515772 -0.5125976 1.087507
10917513.0789 0.4515286 -0.5126004 1.087495
10917546.0179 0.451443 -0.5125954 1.087402
10917580.0879 0.4512826 -0.5126709 1.087196
10917613.0011 0.451169 -0.5126548 1.08713
10917645.9996 0.4510837 -0.5126356 1.087025
10917680.0967 0.4510051 -0.512606 1.086942
10917713.018 0.4509639 -0.5126473 1.086962
10917746.0132 0.4509226 -0.5126885 1.086939
10917780.0993 0.4508358 -0.5127411 1.086852
10917813.0961 0.4507474 -0.5129118 1.086742
10917846.0195 0.4506662 -0.5129086 1.086707
10917880.0887 0.4505875 -0.5129637 1.086696
10917913.1299 0.4505343 -0.5129637 1.086673
10917946.0168 0.4504599 -0.512899 1.086513
10917980.1648 0.4504078 -0.5128879 1.086478
10918013.0098 0.4503516 -0.5128564 1.086462
10918046.0308 0.4503134 -0.5128765 1.086459
10918080.0943 0.4502658 -0.5128796 1.086441
10918113.0743 0.4502201 -0.5128936 1.086456
10918145.9981 0.4501547 -0.5128343 1.086323
10918180.1121 0.4500894 -0.5128319 1.086223
10918213.0047 0.4499967 -0.5128453 1.086117
10918246.0151 0.4499699 -0.5129552 1.086077
10918280.081 0.4499045 -0.5129414 1.085998
10918313.0097 0.4498816 -0.5129613 1.085984
10918346.0805 0.4498216 -0.5128736 1.085899
10918380.0844 0.4497695 -0.5128529 1.085874
10918413.0053 0.4497334 -0.5128473 1.085846
10918446.0264 0.4497134 -0.5128491 1.085805
10918480.0985 0.4497041 -0.5128392 1.085798
10918513.0079 0.4496903 -0.51274 1.085846
10918546.0097 0.4496794 -0.512713 1.085852
10918580.0826 0.4496689 -0.5127208 1.085843
10918613.0072 0.4496574 -0.5127048 1.085844
10918646.0361 0.4496496 -0.5127085 1.085866
10918680.0786 0.4496571 -0.5127068 1.085854
10918712.9971 0.449661 -0.512598 1.085834
10918746.005 0.4496635 -0.5125838 1.085838
10918780.0927 0.4496745 -0.5125297 1.085878
10918813.0083 0.4496768 -0.5125213 1.085871
10918846.0064 0.4496955 -0.5125015 1.085895
10918880.1175 0.4497117 -0.5125328 1.085979
10918913.0815 0.4497159 -0.5125317 1.085901
10918945.9934 0.4497174 -0.5124953 1.085912
10918980.0975 0.4497099 -0.5125251 1.08585
10919013.0089 0.4497031 -0.51242 1.085802
10919046.014 0.4497027 -0.512484 1.085773
10919080.0783 0.4496926 -0.5125004 1.08577
10919112.9947 0.4496836 -0.5124938 1.085773
10919146.0232 0.4496743 -0.5126194 1.085718
10919180.0916 0.4496479 -0.5126537 1.085693
10919213.0716 0.4496127 -0.512749 1.085616
10919246.0709 0.4495825 -0.5128136 1.085702
10919280.1483 0.4495617 -0.5128418 1.085692
10919312.9954 0.4495216 -0.5128928 1.085691
10919345.9902 0.4494961 -0.5130352 1.0856
10919380.0766 0.4494824 -0.5131795 1.085546
10919413.0854 0.4494709 -0.5132229 1.085554
10919446.0075 0.4493952 -0.513261 1.085471
10919480.1022 0.4493378 -0.5132499 1.085449
10919512.9956 0.4492822 -0.5132972 1.085342
10919546.0109 0.4492558 -0.5132677 1.085323
10919580.0789 0.4491771 -0.513128 1.085247
10919613.0052 0.4491515 -0.5130779 1.085271
10919646.0041 0.4490943 -0.513078 1.085186
10919680.0799 0.4490771 -0.5130424 1.085145
10919712.9901 0.449039 -0.5130868 1.085165
10919746.0703 0.4490226 -0.5130839 1.085202
10919780.082 0.4490111 -0.513093 1.085217
10919813.0272 0.4489945 -0.5130917 1.085215
10919846.0039 0.4489664 -0.513073 1.085251
10919880.1039 0.4489518 -0.5130166 1.085205
10919912.9949 0.4489323 -0.5130582 1.085311
10919946.002 0.4489199 -0.5129985 1.085317
10919980.0745 0.4489061 -0.5129987 1.085314
10920013.0147 0.4489045 -0.5130101 1.085296
10920046.021 0.4489144 -0.5130742 1.085496
10920080.0799 0.4488953 -0.5131803 1.08547
10920112.9922 0.4488914 -0.5131211 1.085494
10920146.0174 0.4488755 -0.5131451 1.085515
10920180.0998 0.4488651 -0.5131134 1.085507
10920213.024 0.4488259 -0.513115 1.085485
10920246.0253 0.4487911 -0.5130372 1.085439
10920280.0777 0.4487536 -0.5130204 1.085383
10920312.9966 0.4487011 -0.5129791 1.085299
10920345.9939 0.4486716 -0.512933 1.085244
10920380.1472 0.4486538 -0.5129508 1.085268
10920413.0316 0.448659 -0.5129395 1.085257
10920446.0125 0.4486541 -0.5129014 1.085297
10920480.096 0.4486501 -0.5129423 1.085264
10920512.9903 0.4486302 -0.5129029 1.085326
10920545.9982 0.4486386 -0.5128981 1.085314
10920580.0855 0.4486206 -0.5129067 1.085335
10920612.985 0.4486165 -0.512909 1.085335
10920646.0164 0.448632 -0.5129092 1.085346
10920680.0712 0.4486174 -0.5129433 1.085345
10920712.9983 0.4486234 -0.5129296 1.08537
10920745.9886 0.4486215 -0.5129085 1.085361
10920780.0697 0.4486057 -0.5128999 1.085388
10920812.9943 0.4485962 -0.5129526 1.085352
10920846.0125 0.448597 -0.5129471 1.085355
10920880.1105 0.4486038 -0.5129432 1.085344
10920913.0273 0.4485842 -0.5129584 1.085357
10920946.0135 0.4485605 -0.5129139 1.085303
10920980.0806 0.4485529 -0.5128052 1.085393
10921013.0098 0.4485456 -0.51281 1.085387
10921045.9923 0.4485449 -0.5127974 1.085381
10921080.0627 0.4485336 -0.5128296 1.085361
10921112.9963 0.4485324 -0.5128388 1.08536
10921146.0133 0.4485324 -0.5128742 1.085364
10921180.1006 0.4485162 -0.5129387 1.085356
10921212.9866 0.4485334 -0.512948 1.085373
10921245.9958 0.4485337 -0.5129505 1.08539
10921280.0777 0.448555 -0.5130172 1.085541
10921312.9888 0.448544 -0.5130304 1.085626
10921345.9951 0.4485397 -0.5130661 1.085611
10921380.068 0.4485312 -0.5130869 1.085621
10921413.0164 0.4485111 -0.5131099 1.08567
10921446.0572 0.4485304 -0.5131214 1.085638
10921480.0849 0.4485153 -0.5131845 1.085808
10921513.0091 0.4485018 -0.5131227 1.085805
10921545.9916 0.4484875 -0.5131499 1.085796
10921580.0789 0.4484835 -0.5130941 1.085777
10921612.9945 0.4484713 -0.5130767 1.085743
10921645.9979 0.4484664 -0.5130777 1.085711
10921680.0864 0.4484476 -0.5131423 1.085681
10921712.9999 0.4484397 -0.5131289 1.085739
10921746.0017 0.448446 -0.5131374 1.085723
10921780.0714 0.4484467 -0.5131668 1.085718
10921812.9935 0.4484568 -0.5131678 1.085767
10921846.0051 0.4484492 -0.5132299 1.085813
10921880.0932 0.4484499 -0.5131898 1.085838
10921912.9825 0.4484652 -0.5132506 1.085917
10921945.9852 0.4484664 -0.5132385 1.085918
10921980.0802 0.4484534 -0.5132435 1.085912
10922012.9831 0.4484464 -0.513314 1.085943
10922045.9968 0.4484396 -0.5133173 1.085972
10922080.0828 0.4484378 -0.5131091 1.086109
10922113.0711 0.4484568 -0.513129 1.086173
10922145.9932 0.4484601 -0.5131447 1.086209
10922180.0665 0.4484579 -0.5131702 1.086199
10922213.0071 0.4484556 -0.5131788 1.08619
10922246.0151 0.4484489 -0.5132493 1.086166
10922280.079 0.4484343 -0.5132453 1.086197
10922312.9822 0.4484433 -0.5132313 1.086157
10922345.982 0.4484473 -0.5132414 1.086102
10922380.07 0.4484335 -0.5132316 1.086063
10922413.0025 0.4484397 -0.5131892 1.086179
10922445.996 0.4484337 -0.5132179 1.086168
10922480.0985 0.4484337 -0.5131707 1.086193
10922513.0572 0.4484366 -0.5132057 1.086233
10922545.9851 0.448432 -0.5131701 1.086251
10922580.0662 0.448421 -0.5131632 1.086282
10922612.9875 0.4484158 -0.5132088 1.086264
10922646.0045 0.4484216 -0.5132205 1.086261
10922680.0655 0.4484022 -0.5132057 1.086319
10922713.057 0.4483769 -0.5132713 1.086492
10922746.0017 0.4483599 -0.5132065 1.086524
10922780.0689 0.4483591 -0.5132201 1.086533
10922813.014 0.4483492 -0.5131982 1.086555
10922846.0056 0.4483217 -0.5131691 1.086515
10922880.069 0.4483163 -0.5130642 1.086519
10922913.0043 0.4483038 -0.5130125 1.086524
10922945.9958 0.4482492 -0.5129818 1.086467
10922980.0913 0.4482443 -0.5129528 1.086482
10923012.9901 0.4482402 -0.5129531 1.086466
10923045.9964 0.4482341 -0.5127279 1.086556
10923080.075 0.4482251 -0.5127687 1.086653
10923112.9902 0.4482158 -0.5128053 1.086628
10923145.9858 0.4482162 -0.5128077 1.086606
10923180.0641 0.4482149 -0.5128017 1.086611
10923213.1356 0.4481973 -0.5128055 1.086627
10923246.0122 0.4482074 -0.5128155 1.086664
10923280.0818 0.4482028 -0.5128648 1.086659
10923312.9769 0.4481991 -0.5128195 1.086664
10923345.9778 0.4481947 -0.5127918 1.086731
10923380.0688 0.4481704 -0.5128139 1.086779
10923413.002 0.4481632 -0.5128041 1.086817
10923446.019 0.4481604 -0.512684 1.086865
10923480.0915 0.4481578 -0.5127149 1.086851
10923513.0711 0.4480759 -0.5126836 1.086901
10923545.99 0.4480538 -0.5126557 1.086904
10923580.0678 0.4480629 -0.5127009 1.086936
10923612.985 0.4480227 -0.5128388 1.086857
10923645.9778 0.4480051 -0.5130307 1.086746
10923680.0721 0.4479889 -0.5129446 1.086791
10923713.073 0.4479833 -0.5130445 1.086755
10923745.9886 0.4479698 -0.5130505 1.086767
10923780.0886 0.4479672 -0.5130542 1.086765
10923812.9816 0.4478909 -0.513018 1.086789
10923845.9822 0.447896 -0.5130771 1.086758
10923880.0748 0.4479066 -0.5130928 1.086799
10923913.0647 0.4478709 -0.513133 1.086807
10923945.9786 0.447806 -0.5131208 1.086839
10923980.0802 0.4478056 -0.5131632 1.086838
10924012.9925 0.4478053 -0.5131614 1.086846
10924045.9984 0.4477993 -0.5131719 1.086859
10924080.0902 0.4477943 -0.5131635 1.08688
10924112.9721 0.4477868 -0.5131332 1.086901
10924145.9768 0.4477791 -0.5131444 1.086886
10924180.1043 0.4477006 -0.5131475 1.086966
10924213.0642 0.447631 -0.5132006 1.08701
10924245.9802 0.4475985 -0.5131364 1.087
10924280.0592 0.4475617 -0.5131162 1.086939
10924313.0204 0.4475406 -0.5130719 1.086896
10924346.0641 0.447524 -0.5130873 1.086828
10924380.0606 0.4475029 -0.5130918 1.086836
10924412.9873 0.4474952 -0.5130616 1.08684
10924445.9726 0.447474 -0.5130676 1.086808
10924480.071 0.447439 -0.5130978 1.086813
10924512.9915 0.4474129 -0.5131038 1.086829
10924546.004 0.4473951 -0.5131457 1.086898
