11009045.6823 0.4354278 -0.5184504 1.070454
11009079.747 0.4353957 -0.5184469 1.070443
11009112.7451 0.4353526 -0.5183812 1.070415
11009145.6635 0.4352711 -0.5182553 1.070259
11009179.7586 0.4352013 -0.5181779 1.070167
11009212.7575 0.4349819 -0.5181215 1.070407
11009245.6821 0.4349453 -0.5181057 1.070368
11009279.7674 0.4348528 -0.5181698 1.070523
11009312.7425 0.4347013 -0.5181769 1.07072
11009345.6712 0.4346873 -0.5182106 1.07069
11009379.74 0.4345646 -0.5182879 1.070863
11009412.7524 0.4344981 -0.5182382 1.070894
11009445.6606 0.434436 -0.5181989 1.070938
11009479.7421 0.4343787 -0.5182551 1.070922
11009512.7431 0.4341996 -0.5183493 1.071
11009545.6706 0.4340888 -0.51826 1.071085
11009579.7628 0.4340558 -0.5181802 1.071097
11009612.749 0.4339766 -0.5179929 1.07123
11009645.6592 0.4338816 -0.5179003 1.071341
11009679.7543 0.4337513 -0.5180123 1.07161
11009712.7454 0.4336519 -0.517992 1.07166
11009745.6983 0.4334249 -0.5178719 1.071857
11009779.7561 0.433314 -0.517858 1.071849
11009812.7525 0.4330732 -0.5179173 1.072026
11009845.655 0.4328906 -0.5178325 1.072137
11009879.7455 0.4326431 -0.5179996 1.072216
11009912.7411 0.4323619 -0.5179803 1.072343
11009945.6588 0.4323104 -0.5180172 1.072371
11009979.7448 0.4322888 -0.5180783 1.072359
11010012.7437 0.4322815 -0.5180826 1.072362
11010045.6991 0.4322436 -0.5180863 1.072618
11010079.7334 0.4322137 -0.5182137 1.072638
11010112.7533 0.4322204 -0.5182393 1.072608
11010145.6488 0.4322168 -0.5182529 1.072593
11010179.7467 0.4322188 -0.5182262 1.072548
11010212.751 0.4321742 -0.5181668 1.072656
11010245.669 0.4321523 -0.5181732 1.07261
11010279.7645 0.4321316 -0.5182037 1.072642
11010312.7519 0.4321083 -0.5181754 1.072661
11010345.6589 0.4321145 -0.5181438 1.072702
11010379.7621 0.4321081 -0.5181513 1.072713
11010412.7512 0.4321276 -0.5181298 1.072673
11010445.6647 0.4321169 -0.5180883 1.072748
11010479.7635 0.4321084 -0.5180674 1.072812
11010512.7402 0.4321121 -0.5180463 1.072751
11010545.6566 0.4320818 -0.5180308 1.072722
11010579.7924 0.432067 -0.518048 1.072832
11010612.7666 0.4320652 -0.518164 1.072763
11010645.6584 0.4320645 -0.5181139 1.072788
11010679.7461 0.4320378 -0.5181473 1.07272
11010712.7462 0.4320504 -0.5181288 1.072687
11010745.677 0.432045 -0.5181282 1.07267
11010779.7437 0.4320626 -0.5181603 1.072609
11010812.739 0.4320741 -0.5181639 1.07257
11010845.6648 0.4320728 -0.5181643 1.072565
11010879.7492 0.4320834 -0.5182137 1.072528
11010912.7518 0.4320682 -0.5182244 1.072578
11010945.6674 0.4320817 -0.5182233 1.072555
11010979.7514 0.4320718 -0.5183215 1.072524
11011012.7343 0.4320776 -0.5183705 1.072492
11011045.6655 0.4320606 -0.5183744 1.072545
11011079.7458 0.4320607 -0.5183729 1.072541
11011112.7451 0.4320512 -0.5184482 1.072568
11011145.6512 0.4320579 -0.5184786 1.072559
11011179.7635 0.4321034 -0.5185491 1.072651
11011212.7403 0.4321525 -0.5185446 1.07259
11011245.6772 0.4321675 -0.518544 1.072576
11011279.778 0.4322158 -0.5185263 1.072533
11011312.7708 0.4321879 -0.5183675 1.0726
11011345.6511 0.432173 -0.5183849 1.072809
11011379.7519 0.4321803 -0.5183837 1.072819
11011412.7303 0.4321848 -0.5184181 1.072875
11011445.6692 0.4322137 -0.5184109 1.072815
11011479.7565 0.432217 -0.5183817 1.072773
11011512.7333 0.4322087 -0.5184107 1.072765
11011545.6792 0.4322118 -0.5183424 1.072717
11011579.8002 0.432235 -0.518321 1.072719
11011612.7445 0.4322823 -0.5183532 1.072709
11011645.66 0.4322964 -0.518367 1.072699
11011679.7457 0.4323407 -0.5183467 1.072559
11011712.7454 0.4323606 -0.5183595 1.072552
11011745.6897 0.4323116 -0.5184019 1.072673
11011779.7565 0.4323477 -0.5184895 1.072615
11011812.7562 0.4323629 -0.5185536 1.072566
11011845.6611 0.4323972 -0.5185695 1.072545
11011879.7533 0.4324155 -0.5186038 1.072522
11011912.7255 0.4324303 -0.5185937 1.072483
11011945.6662 0.4324028 -0.5185432 1.072525
11011979.7415 0.4324251 -0.5185241 1.072482
11012012.7614 0.4324477 -0.5185612 1.072415
11012045.6987 0.4324404 -0.5186253 1.072558
11012079.7404 0.4324558 -0.5185888 1.072526
11012112.7689 0.4323899 -0.5187125 1.072733
11012145.6652 0.4324306 -0.5188119 1.07246
11012179.7537 0.4324262 -0.5187479 1.072315
11012212.7427 0.4324156 -0.5187355 1.072278
11012245.6793 0.4324147 -0.5187248 1.072307
11012279.7534 0.4324298 -0.5187447 1.072178
11012312.7453 0.4324452 -0.5186838 1.072049
11012345.6564 0.4324672 -0.5188525 1.071884
11012379.7552 0.4324266 -0.5187614 1.072026
11012412.7524 0.4324173 -0.5187436 1.072003
11012445.6729 0.4324253 -0.5187168 1.071983
11012479.7339 0.4324109 -0.5187349 1.071998
11012512.764 0.4324341 -0.5187683 1.071962
11012545.6677 0.4324453 -0.5188169 1.07195
11012579.7456 0.4324301 -0.5188717 1.071918
11012612.7412 0.4323579 -0.5189316 1.071969
11012645.6711 0.4323359 -0.5188777 1.072031
11012679.8196 0.4323367 -0.5189028 1.072097
11012712.761 0.4323061 -0.5189212 1.072161
11012745.6885 0.4322688 -0.5187718 1.072263
11012779.7355 0.4322561 -0.5186842 1.072388
11012812.7402 0.4322323 -0.5184757 1.072335
11012845.6693 0.4322289 -0.5184277 1.072362
11012879.7233 0.4322339 -0.5184318 1.072374
11012912.806 0.4322253 -0.5184803 1.072308
11012945.6522 0.4322011 -0.5184787 1.072345
11012979.728 0.4320688 -0.5184786 1.072316
11013012.8024 0.4320582 -0.5184872 1.072277
11013045.6675 0.4320783 -0.5186611 1.072227
11013079.726 0.4320543 -0.5186487 1.072247
11013112.7816 0.4320533 -0.5186775 1.07225
11013145.6524 0.4319974 -0.5187131 1.072278
11013179.7299 0.4319975 -0.5186848 1.072284
11013212.723 0.4320042 -0.5186703 1.07224
11013245.7178 0.4320022 -0.5186851 1.072254
11013279.7604 0.432005 -0.5186756 1.072219
11013312.7457 0.4319583 -0.518712 1.07226
11013345.656 0.4319468 -0.5186328 1.072291
11013379.7355 0.4319538 -0.5185714 1.072283
11013412.7241 0.4319746 -0.5185816 1.072281
11013445.6635 0.4320121 -0.5186168 1.072271
11013479.7438 0.4320298 -0.5186154 1.072311
11013512.7308 0.431983 -0.5186482 1.072447
11013545.6497 0.4319851 -0.5187019 1.072388
11013579.7386 0.4320377 -0.5188111 1.072428
11013612.7334 0.4320017 -0.5188809 1.072543
11013645.6744 0.4319553 -0.5189354 1.072644
11013679.7473 0.4319438 -0.5189152 1.072636
11013712.7635 0.4319261 -0.5189098 1.072647
11013745.6499 0.431934 -0.5188878 1.072578
11013779.754 0.4319239 -0.5189294 1.072577
11013812.7587 0.4318203 -0.5189394 1.072567
11013845.6398 0.4318633 -0.5189251 1.072499
11013879.7492 0.4318637 -0.5189415 1.072503
11013912.7214 0.431916 -0.5189031 1.07236
11013945.6678 0.4318547 -0.5189388 1.072158
11013979.792 0.4318428 -0.5189457 1.072197
11014012.7482 0.4318348 -0.5189587 1.072235
11014045.6675 0.4318382 -0.5190348 1.072206
11014079.747 0.4318843 -0.5189984 1.072078
11014112.7861 0.4318898 -0.5190591 1.071991
11014145.657 0.4318442 -0.5191678 1.072245
11014179.7668 0.4318557 -0.519215 1.07224
11014212.7189 0.4318552 -0.5192988 1.072263
11014245.6678 0.4318811 -0.5193094 1.072235
11014279.746 0.4318724 -0.5193267 1.072253
11014312.7531 0.4319078 -0.5193331 1.072236
11014345.6708 0.4318758 -0.5194126 1.072302
11014379.7511 0.4318885 -0.5194049 1.072311
11014412.7245 0.4319263 -0.5193421 1.072154
11014445.6627 0.4319312 -0.5194064 1.072123
11014479.7339 0.4319357 -0.5193951 1.072125
11014512.8002 0.4319257 -0.5194435 1.072163
11014545.6714 0.4319244 -0.5194393 1.072166
11014579.7328 0.4319273 -0.5194266 1.072042
11014612.7506 0.4319177 -0.5193658 1.072066
11014645.6477 0.4319533 -0.5193465 1.071997
11014679.7453 0.4319261 -0.5193627 1.072051
11014712.7466 0.4319118 -0.5192428 1.072166
11014745.661 0.4318591 -0.5192448 1.072306
11014779.7926 0.4318673 -0.5192961 1.072383
11014812.7665 0.4318122 -0.5190228 1.072601
11014845.6426 0.431847 -0.5190957 1.072708
11014879.7426 0.4318408 -0.5191759 1.072757
11014912.7321 0.4318239 -0.5191932 1.072845
11014945.6526 0.4318312 -0.5192275 1.072812
11014979.712 0.4319087 -0.5191439 1.072618
11015012.7298 0.4318886 -0.5190831 1.072608
11015045.6499 0.4318949 -0.5190848 1.072606
11015079.7306 0.4319088 -0.5189044 1.072728
11015112.8227 0.431917 -0.5189597 1.072835
11015145.6385 0.4319578 -0.5188867 1.072609
11015179.7192 0.4320027 -0.5188437 1.072426
11015212.728 0.4320641 -0.5187982 1.07233
11015245.6448 0.4320607 -0.5188147 1.072336
11015279.7345 0.4320602 -0.5188385 1.072364
11015312.726 0.4320188 -0.5188457 1.072345
11015345.6511 0.4320314 -0.5188622 1.072287
11015379.7605 0.4320066 -0.5188572 1.072331
11015412.729 0.4320063 -0.5188581 1.072336
11015445.6442 0.4320144 -0.518805 1.072194
11015479.7204 0.4320533 -0.5187959 1.072065
11015512.7177 0.4320371 -0.5187708 1.072217
11015545.7186 0.4320897 -0.5187315 1.072089
11015579.7476 0.432086 -0.5188329 1.072109
11015612.7149 0.4321433 -0.5188745 1.072223
11015645.6449 0.4321369 -0.5188915 1.072213
11015679.7309 0.4321638 -0.5188816 1.072162
11015712.7224 0.4322245 -0.5188301 1.072094
11015745.6425 0.4322626 -0.5187489 1.072077
11015779.7298 0.432307 -0.5186605 1.071971
11015812.7234 0.4322098 -0.5187792 1.072424
11015845.6504 0.4322493 -0.5189311 1.072465
11015879.7348 0.4322282 -0.5190096 1.072533
11015912.7268 0.432218 -0.5191084 1.072678
11015945.6563 0.4322407 -0.5191018 1.072572
11015979.7378 0.43223 -0.5191608 1.072822
11016012.74 0.4322239 -0.5191414 1.072834
11016045.6458 0.4322494 -0.5194519 1.072688
11016079.7125 0.4322912 -0.5193244 1.072381
11016112.7221 0.432269 -0.5194125 1.072462
11016145.6352 0.4322057 -0.5194041 1.07254
11016179.7336 0.4322184 -0.5193647 1.072315
11016212.7136 0.4322269 -0.5193979 1.072225
11016245.6493 0.4322098 -0.5194692 1.072307
11016279.7435 0.4322032 -0.5195668 1.072351
11016312.7708 0.4321958 -0.5195902 1.072321
11016345.642 0.4321778 -0.5196366 1.072482
11016379.7096 0.4322287 -0.519637 1.072305
11016412.7299 0.432209 -0.5197596 1.072442
11016445.6565 0.4322336 -0.51974 1.072335
11016479.7393 0.4322461 -0.519824 1.072305
11016512.7484 0.4322747 -0.5197946 1.072283
11016545.6451 0.4322673 -0.5197052 1.072207
11016579.7164 0.4322849 -0.5197076 1.072209
11016612.7276 0.4322593 -0.5197268 1.072295
11016645.6477 0.432195 -0.5198205 1.072276
11016679.7137 0.4321649 -0.5198498 1.072427
11016712.7524 0.4322115 -0.5198689 1.072448
11016745.645 0.4321926 -0.5199111 1.072464
11016779.7203 0.4321836 -0.5198417 1.072465
11016812.7258 0.4321759 -0.5198541 1.07249
11016845.7063 0.4321733 -0.5198453 1.072463
11016879.7361 0.4321733 -0.5198135 1.072451
11016912.7325 0.4321842 -0.5198017 1.072422
11016945.6395 0.4321719 -0.5198125 1.072419
11016979.7189 0.4321634 -0.5197471 1.07244
11017012.7064 0.4321585 -0.5197386 1.072488
11017045.6375 0.4321432 -0.519715 1.072531
11017079.7359 0.4321277 -0.5196466 1.072514
11017112.7258 0.432133 -0.5197307 1.07249
11017145.6377 0.432127 -0.5197018 1.072401
11017179.7143 0.4321297 -0.5197176 1.072393
11017212.7202 0.4321481 -0.5194116 1.072296
11017245.6444 0.4321425 -0.519428 1.072334
11017279.7345 0.4321211 -0.5194403 1.072358
11017312.7355 0.4321268 -0.5193754 1.072302
11017345.6662 0.432115 -0.5193653 1.072322
11017379.7129 0.4321252 -0.5193602 1.07231
11017412.7085 0.4321103 -0.5191577 1.072319
11017445.6389 0.4320584 -0.5191674 1.072415
11017479.7245 0.4321043 -0.5192301 1.072333
11017512.732 0.4320644 -0.5191905 1.072332
11017545.6345 0.4320639 -0.5193404 1.072266
11017579.7176 0.4320401 -0.5193325 1.072235
11017612.7137 0.4320555 -0.5193201 1.072168
11017645.6239 0.4320187 -0.5191348 1.072291
11017679.7334 0.4320073 -0.51895 1.072211
11017712.7208 0.4319718 -0.5188648 1.072183
11017745.6409 0.4320261 -0.5187607 1.071864
11017779.7322 0.4319795 -0.5187978 1.072092
11017812.7094 0.4319429 -0.5187838 1.072228
11017845.6365 0.4318137 -0.5189698 1.072561
11017879.7106 0.4318018 -0.5189589 1.072505
11017912.7264 0.4318032 -0.5189856 1.072571
11017945.6579 0.4318056 -0.519114 1.07268
11017979.7107 0.4318583 -0.5190581 1.072584
11018012.7211 0.431827 -0.5190778 1.072662
11018045.6396 0.431872 -0.5190569 1.072562
11018079.7129 0.4318763 -0.5190154 1.072551
11018112.7389 0.4319036 -0.5190415 1.072538
11018145.7005 0.4319077 -0.5190371 1.072541
11018179.7233 0.4318317 -0.5190776 1.072605
11018212.7103 0.4318581 -0.5190382 1.072583
11018245.6382 0.4318108 -0.5190989 1.072621
11018279.7378 0.431683 -0.5191914 1.072888
11018312.7154 0.4317087 -0.5191859 1.072751
11018345.649 0.43171 -0.519217 1.072793
11018379.7199 0.4316917 -0.519047 1.072582
11018412.7052 0.4316951 -0.519011 1.072566
11018445.6356 0.4317006 -0.5190874 1.072546
11018479.7122 0.4317233 -0.5190344 1.072296
11018512.7074 0.4317166 -0.5190293 1.072326
11018545.6308 0.4317215 -0.5190033 1.072267
11018579.707 0.4317153 -0.5190051 1.072251
11018612.7223 0.4317682 -0.5190768 1.072154
11018645.6477 0.4318121 -0.5191633 1.072053
11018679.7124 0.4318121 -0.5191827 1.072043
11018712.7495 0.4318224 -0.5192873 1.07207
11018745.6224 0.4318425 -0.5192532 1.072019
11018779.7273 0.4318166 -0.5192783 1.072139
11018812.7045 0.4318249 -0.5192346 1.072115
11018845.6246 0.4318231 -0.5192406 1.072119
11018879.7151 0.4318065 -0.5192685 1.072326
11018912.7362 0.4318055 -0.5192803 1.072278
11018945.6653 0.4317986 -0.5192864 1.07231
11018979.7075 0.4316234 -0.5193068 1.072372
11019012.7207 0.4316232 -0.5193197 1.072392
11019045.6326 0.431633 -0.5193263 1.072387
11019079.7072 0.4314997 -0.5193166 1.072463
11019112.7077 0.4314908 -0.519366 1.072505
11019145.6184 0.4315034 -0.5193371 1.072487
11019179.7114 0.4314942 -0.5190837 1.0726
11019212.7214 0.4312328 -0.5191975 1.072891
11019245.6325 0.4312243 -0.5191591 1.072912
11019279.7078 0.4312196 -0.5191596 1.072898
11019312.7026 0.4312174 -0.5192078 1.072868
11019345.6211 0.431203 -0.5191211 1.072899
11019379.7182 0.4311745 -0.5190735 1.072863
11019412.7278 0.4311529 -0.519094 1.072844
11019445.6179 0.4311017 -0.5191021 1.072827
11019479.7109 0.4310546 -0.5191267 1.072861
11019512.7214 0.4309937 -0.519094 1.072929
11019545.6365 0.4309854 -0.5190932 1.07292
11019579.7127 0.4309384 -0.5190642 1.072918
11019612.733 0.4309328 -0.5190737 1.072941
11019645.6247 0.4308472 -0.5190625 1.073005
11019679.7243 0.4308536 -0.5190184 1.072951
11019712.7232 0.4308461 -0.5188519 1.072997
11019745.6216 0.4308362 -0.518881 1.072973
11019779.7113 0.4307908 -0.5188943 1.072943
11019812.7102 0.4307649 -0.5186688 1.073052
11019845.6447 0.4307487 -0.518676 1.073099
11019879.702 0.430731 -0.5186751 1.073133
11019912.7075 0.4307068 -0.5186619 1.073087
11019945.6226 0.4306872 -0.5187601 1.072983
11019979.7202 0.4306962 -0.5188168 1.072937
11020012.7076 0.430689 -0.5189627 1.072845
11020045.6252 0.4306732 -0.5189998 1.072835
11020079.7031 0.4306542 -0.518995 1.072802
11020112.7135 0.4306194 -0.5189793 1.072852
11020145.6184 0.4306215 -0.5190034 1.072845
11020179.7249 0.4306093 -0.5189723 1.072861
11020212.7189 0.4306112 -0.5190229 1.072862
11020245.6247 0.4306109 -0.5190268 1.072864
11020279.7148 0.4306245 -0.519056 1.072896
11020312.7728 0.430612 -0.5190004 1.07297
11020345.6974 0.4306181 -0.5189881 1.072953
11020379.7777 0.4306179 -0.5189878 1.072955
11020412.704 0.4306185 -0.5189704 1.072955
11020445.6257 0.430613 -0.5191116 1.072922
11020479.713 0.4305863 -0.5190032 1.072996
11020512.7156 0.4306049 -0.5190728 1.073004
11020545.6209 0.4306098 -0.519124 1.073007
11020579.7378 0.4306039 -0.519119 1.072996
11020612.7178 0.430605 -0.5191355 1.073024
11020645.6403 0.4306322 -0.5192051 1.073063
11020679.7104 0.4306301 -0.5191948 1.073068
11020712.7109 0.4306378 -0.5192199 1.073073
11020745.6417 0.4306251 -0.5192178 1.073067
11020779.6949 0.4305046 -0.5192113 1.073063
11020812.7254 0.4305269 -0.5193292 1.072998
11020845.6221 0.4305335 -0.5193895 1.073009
11020879.7106 0.4305417 -0.5193889 1.073011
11020912.7079 0.4305454 -0.5194235 1.072995
11020945.6341 0.4305484 -0.5193528 1.073006
11020979.6992 0.4307047 -0.519276 1.072841
11021012.7064 0.4307078 -0.519286 1.072856
11021045.6113 0.4307063 -0.5192733 1.072903
11021079.7072 0.4306978 -0.5192625 1.072858
11021112.7549 0.4306837 -0.5192454 1.0729
11021145.6163 0.4306985 -0.5192268 1.072896
11021179.6974 0.4307461 -0.5191619 1.072862
11021212.6927 0.4308159 -0.5191777 1.072876
11021245.6292 0.4308005 -0.5191465 1.072852
11021279.6976 0.4307873 -0.5190266 1.072922
11021312.6932 0.430787 -0.5189976 1.072924
11021345.6108 0.4307932 -0.5190167 1.072922
11021379.7186 0.4308024 -0.5190614 1.072889
11021412.7118 0.4307621 -0.5190722 1.072936
11021445.6376 0.4307784 -0.5191213 1.072908
11021479.7031 0.4307678 -0.5191206 1.072911
11021512.6889 0.4307515 -0.5191501 1.072837
11021545.6304 0.4307468 -0.519164 1.072838
11021579.7041 0.4307416 -0.5191942 1.072768
11021612.6997 0.4307295 -0.5191382 1.072671
11021645.619 0.4307262 -0.5191339 1.072677
11021679.6939 0.4306939 -0.5191898 1.072815
11021712.7343 0.4306948 -0.5192378 1.072742
11021745.6208 0.4306896 -0.5193308 1.072696
11021779.6928 0.4306585 -0.5193517 1.072755
11021812.6975 0.4306509 -0.5193119 1.072769
11021845.6102 0.4306519 -0.5194026 1.07269
11021879.7065 0.4306239 -0.5194126 1.072692
11021912.7272 0.4306264 -0.5194108 1.072688
11021945.6124 0.4306261 -0.5196257 1.072487
11021979.7029 0.4306161 -0.5196441 1.072491
11022012.7109 0.4305475 -0.5196626 1.072518
11022045.6195 0.4305415 -0.5196997 1.072532
11022079.7059 0.4304768 -0.5197645 1.072568
11022112.7036 0.4304748 -0.5197452 1.072576
11022145.6106 0.4304339 -0.519743 1.07259
11022179.7011 0.4304296 -0.519762 1.072576
11022212.7087 0.4304222 -0.5197238 1.072541
11022245.6189 0.4303739 -0.5196586 1.072525
11022279.6885 0.4303394 -0.5195652 1.072405
11022312.6952 0.4302961 -0.5195646 1.072383
11022345.6112 0.4301777 -0.5194302 1.072178
11022379.7014 0.430173 -0.5194322 1.072175
11022412.7364 0.4301785 -0.519442 1.072136
11022445.6048 0.4301704 -0.5192874 1.072211
11022479.7114 0.4301795 -0.5193839 1.072229
11022512.6906 0.4301557 -0.5194067 1.072242
11022545.6226 0.4301563 -0.5193692 1.072224
11022579.6967 0.4301656 -0.5193897 1.072219
11022612.7026 0.43011 -0.5194802 1.07224
11022645.6325 0.430125 -0.5195016 1.072253
11022679.7063 0.4301382 -0.519485 1.072225
11022712.7142 0.4301154 -0.5194992 1.072285
11022745.6064 0.4301031 -0.5195097 1.07233
11022779.7142 0.4301073 -0.5195443 1.072329
11022812.6922 0.4301171 -0.5196018 1.072269
11022845.6102 0.4301019 -0.5197659 1.072284
11022879.6954 0.430093 -0.5197158 1.072253
11022912.6906 0.4300469 -0.51969 1.072227
11022945.6066 0.4300536 -0.5197055 1.072315
11022979.6886 0.4299281 -0.5196812 1.072261
11023012.7285 0.4299427 -0.5197005 1.072252
11023045.6219 0.4299207 -0.5196099 1.072222
11023079.7121 0.4299284 -0.5195748 1.072196
11023112.7135 0.4298676 -0.5195524 1.072099
11023145.6471 0.4298658 -0.5195486 1.072118
11023179.7151 0.4298889 -0.5193691 1.072182
11023212.7054 0.4299032 -0.5193657 1.072206
11023245.607 0.4298947 -0.5193374 1.072195
11023279.7017 0.4299914 -0.5190066 1.072389
11023312.6879 0.4300323 -0.5189809 1.07248
11023345.6182 0.4301239 -0.51902 1.072544
11023379.6993 0.4301609 -0.5189844 1.072497
11023412.704 0.4301506 -0.5190237 1.072635
11023445.6274 0.4301684 -0.5190388 1.072645
11023479.6994 0.430179 -0.5191546 1.072616
11023512.7119 0.4302233 -0.5191627 1.072619
11023545.6119 0.4302662 -0.5191759 1.072666
11023579.6897 0.430289 -0.5191324 1.07267
11023612.7018 0.4303659 -0.5191461 1.07273
11023645.6153 0.4304502 -0.5191793 1.072757
11023679.6907 0.4306381 -0.5191447 1.07262
11023712.6966 0.4306618 -0.5191425 1.072624
11023745.608 0.4308848 -0.5191553 1.072222
11023779.7138 0.4309606 -0.5192514 1.072086
11023812.7139 0.4310209 -0.5193151 1.072274
11023845.6045 0.4310121 -0.5194096 1.072341
11023879.6917 0.4310915 -0.5194522 1.072295
11023912.7173 0.431308 -0.5194935 1.072198
11023945.6017 0.4313776 -0.5196117 1.072454
11023979.6886 0.4314152 -0.5196319 1.072534
11024012.6973 0.4315954 -0.5196042 1.072564
11024045.6002 0.4317065 -0.5197537 1.072567
11024079.708 0.4319106 -0.519819 1.072753
11024112.7163 0.4321242 -0.5199812 1.073196
11024145.6073 0.4322363 -0.5199382 1.073293
11024179.6794 0.4325233 -0.51991 1.073319
11024212.7025 0.4326654 -0.5198156 1.073321
11024245.6136 0.4329057 -0.5198807 1.073467
11024279.7008 0.4331648 -0.5199448 1.073484
11024312.6846 0.4335364 -0.520001 1.073604
11024345.6367 0.4338047 -0.5200571 1.073756
11024379.6923 0.4340583 -0.5200284 1.073874
11024412.7073 0.4342884 -0.5200908 1.074055
11024445.613 0.4344949 -0.5202004 1.074542
11024479.6953 0.4345984 -0.5201617 1.074586
11024512.6984 0.4346736 -0.520091 1.074548
11024545.6189 0.4347996 -0.5200156 1.074539
11024579.7123 0.4348321 -0.5197607 1.074588
11024612.7322 0.4349059 -0.5195256 1.074692
11024645.6116 0.4349982 -0.5193855 1.074965
11024679.7584 0.4351946 -0.5193525 1.075139
11024712.7097 0.4353669 -0.5193117 1.075347
11024745.6294 0.4356747 -0.5193224 1.075893
11024779.7023 0.4359552 -0.5189764 1.076202
11024812.7065 0.436288 -0.5188646 1.076372
11024845.6209 0.4370106 -0.518734 1.076791
11024879.6901 0.4378318 -0.5186971 1.077545
11024912.7071 0.4390367 -0.5184019 1.07896
11024945.6124 0.4403848 -0.5181374 1.080178
11024979.682 0.4420104 -0.5179476 1.0816
11025012.6949 0.4439463 -0.5172405 1.083069
11025045.6076 0.4468966 -0.5166861 1.08513
11025079.6912 0.4494787 -0.515632 1.087422
11025112.7081 0.4521399 -0.5139695 1.090592
11025145.6254 0.4548539 -0.5131128 1.093485
11025179.6831 0.4564673 -0.5125309 1.094831
11025212.7132 0.4577001 -0.5109093 1.09607
11025245.6292 0.4587353 -0.5092403 1.09655
11025279.7123 0.4598301 -0.5066773 1.096667
11025312.701 0.4610808 -0.5032303 1.096678
11025345.6264 0.4623979 -0.4993776 1.095126
11025379.6813 0.4632855 -0.4958267 1.094126
11025412.6839 0.4638042 -0.4897847 1.091033
11025445.6134 0.4637809 -0.4853835 1.090839
11025479.681 0.4661174 -0.4770383 1.093028
11025512.7115 0.4646844 -0.4706941 1.092399
11025545.6107 0.4640525 -0.4645276 1.096445
11025579.7037 0.4630302 -0.4586659 1.101629
11025612.6833 0.4624183 -0.4481788 1.101792
11025645.6214 0.4619341 -0.4368466 1.102018
11025679.7022 0.4614252 -0.429732 1.106434
11025712.6851 0.4593375 -0.4210938 1.108086
11025745.6097 0.4600979 -0.4053038 1.120192
11025779.7023 0.4590186 -0.402002 1.120462
11025812.6811 0.458489 -0.3969703 1.12097
11025845.5975 0.45756 -0.3903622 1.120502
11025879.6852 0.4573357 -0.3810129 1.119211
11025912.673 0.4564638 -0.375165 1.121222
11025945.5943 0.4560409 -0.3686598 1.123291
11025979.6713 0.456934 -0.3590764 1.129158
11026012.685 0.4558919 -0.353352 1.130505
11026045.6006 0.4564742 -0.3469523 1.134118
11026079.6961 0.4554707 -0.3443831 1.133816
11026112.6827 0.4547416 -0.3429996 1.134345
11026145.5958 0.4533029 -0.3412951 1.133818
11026179.6855 0.4517955 -0.3400867 1.133235
11026212.6795 0.4505041 -0.3390706 1.132416
11026245.6099 0.4499052 -0.3390323 1.132357
11026279.7 0.4492305 -0.3385493 1.131075
11026312.7018 0.4489985 -0.3386496 1.130807
11026345.5948 0.4490997 -0.338946 1.130976
11026379.6895 0.4498454 -0.3406414 1.131522
11026412.683 0.4503392 -0.343427 1.132054
11026445.5929 0.4502714 -0.3481631 1.130544
11026479.7015 0.4518135 -0.3542282 1.131241
11026512.6844 0.4506935 -0.3654855 1.1228
11026545.5918 0.4512111 -0.3723864 1.121209
11026579.7115 0.451229 -0.3838755 1.124145
11026612.6755 0.4504692 -0.3919841 1.123589
11026645.5997 0.4505907 -0.3989105 1.12335
11026679.6829 0.4513452 -0.4045787 1.117281
11026712.6892 0.450664 -0.4124393 1.113867
11026745.6064 0.4516738 -0.4159617 1.113065
11026779.6978 0.452572 -0.4198745 1.11273
11026812.7032 0.4530405 -0.4253286 1.111667
11026845.5909 0.4532426 -0.4317695 1.113087
11026879.679 0.4524043 -0.4392547 1.113015
11026912.7108 0.4519214 -0.4429712 1.110282
11026945.6181 0.452211 -0.4489658 1.109466
11026979.6812 0.4527756 -0.4553975 1.109717
11027012.6764 0.4545747 -0.4570483 1.098108
11027045.6068 0.4543507 -0.4619007 1.095833
11027079.6661 0.4542682 -0.4686435 1.09249
11027112.6843 0.4544122 -0.4713233 1.091451
11027145.5917 0.4550964 -0.4732378 1.091567
11027179.6806 0.4555391 -0.4776472 1.090821
11027212.6758 0.4559471 -0.481241 1.091399
11027245.6074 0.4562238 -0.4843305 1.092288
11027279.6803 0.4565096 -0.4877716 1.093808
11027312.6858 0.456453 -0.4903495 1.094997
11027345.5903 0.4563595 -0.4922694 1.096228
11027379.6833 0.4563381 -0.4940069 1.097347
11027412.6851 0.4564371 -0.4968886 1.099196
11027445.6138 0.4564427 -0.4994203 1.100526
11027479.6851 0.4564902 -0.5012467 1.100508
11027512.67 0.4564424 -0.5026087 1.100844
11027545.6078 0.4562615 -0.5042183 1.101178
11027579.6807 0.4561136 -0.5045474 1.101354
11027612.7116 0.4559436 -0.5060244 1.101005
11027645.6095 0.4554738 -0.5070213 1.10126
11027679.6837 0.4550792 -0.508521 1.101111
11027712.669 0.4544469 -0.5101823 1.10099
11027745.5949 0.4536805 -0.5114078 1.100923
11027779.676 0.4526034 -0.512661 1.10078
11027812.6794 0.4512053 -0.5138593 1.100353
11027845.6008 0.4499981 -0.5151557 1.10009
11027879.6819 0.4488563 -0.5159893 1.099433
11027912.7104 0.4479962 -0.5166574 1.099339
11027945.6005 0.4469167 -0.5171089 1.098992
11027979.6775 0.4459208 -0.5174456 1.098331
11028012.6969 0.4452622 -0.5177898 1.097712
11028045.585 0.444793 -0.5182058 1.09725
11028079.6887 0.4443367 -0.5185747 1.096689
11028112.6695 0.4441069 -0.5190465 1.09635
11028145.6015 0.4438472 -0.5193256 1.096001
11028179.679 0.4437307 -0.5198739 1.095716
11028212.6709 0.4436128 -0.5202588 1.095388
11028245.614 0.4434909 -0.5204502 1.095229
11028279.6947 0.4434062 -0.5207602 1.09499
11028312.6796 0.4432926 -0.5212772 1.094585
11028345.6051 0.443179 -0.5213935 1.094462
11028379.6694 0.4431098 -0.5219674 1.094185
11028412.6863 0.4428556 -0.5224004 1.093856
11028445.5937 0.4425697 -0.5230135 1.093406
11028479.6609 0.4424051 -0.5233715 1.093349
11028512.6688 0.4422767 -0.5240569 1.09312
11028545.5992 0.4422407 -0.5246953 1.092844
11028579.6745 0.4421782 -0.5250164 1.092835
11028612.6685 0.4421138 -0.5250502 1.092771
11028645.5993 0.442094 -0.5253202 1.092675
11028679.6882 0.4420545 -0.5255252 1.092547
11028712.6649 0.4419656 -0.5256531 1.092346
11028745.6179 0.4418694 -0.5257624 1.092201
11028779.662 0.4418036 -0.5259263 1.091931
11028812.6696 0.44174 -0.5260665 1.091808
11028845.5897 0.4416854 -0.5261277 1.091725
11028879.6847 0.4416561 -0.5261582 1.091647
11028912.6701 0.4416097 -0.5262951 1.09147
11028945.5886 0.4415601 -0.5263045 1.091397
11028979.696 0.4415055 -0.526358 1.091312
11029012.6846 0.4414873 -0.5264738 1.09127
11029045.587 0.4414077 -0.5265423 1.091206
11029079.6719 0.4412888 -0.5266175 1.091029
11029112.6823 0.4412248 -0.5266665 1.09093
11029145.6011 0.4411607 -0.5266827 1.090871
11029179.6662 0.4410706 -0.5266328 1.090786
11029212.6693 0.4409915 -0.5266094 1.090621
11029245.5947 0.440919 -0.5266598 1.090579
11029279.6902 0.4408219 -0.5266846 1.0904
11029312.6776 0.4407583 -0.5268008 1.090257
11029345.5886 0.4407135 -0.5268225 1.09021
11029379.6718 0.4405889 -0.5268389 1.090041
11029412.6707 0.4404928 -0.5268428 1.08998
11029445.5871 0.4404158 -0.5268011 1.08982
11029479.6785 0.4402931 -0.5267943 1.08952
11029512.6902 0.4401875 -0.526742 1.089322
11029545.5971 0.4400912 -0.5266189 1.088904
11029579.7369 0.4400997 -0.5266079 1.088876
11029612.6759 0.4401031 -0.5266255 1.088783
11029645.5824 0.4400886 -0.5266271 1.088743
11029679.6701 0.4400884 -0.5266027 1.08875
11029712.6842 0.4400727 -0.5265617 1.0887
11029745.5883 0.4400462 -0.526529 1.088626
11029779.6772 0.4400422 -0.5264907 1.088649
11029812.6692 0.4400233 -0.5264943 1.088671
11029845.5856 0.4400057 -0.5264931 1.088594
11029879.6872 0.44 -0.5264947 1.088579
11029912.6677 0.439993 -0.5264893 1.088581
11029945.621 0.4399765 -0.5264748 1.088554
11029979.6771 0.4399679 -0.5265102 1.088535
11030012.6875 0.4399174 -0.5264881 1.088474
11030045.5875 0.4398981 -0.5265029 1.088467
11030079.6694 0.439851 -0.526428 1.088318
11030112.6646 0.4398242 -0.5264177 1.088255
11030145.5987 0.4397709 -0.5263715 1.088117
11030179.688 0.4397403 -0.5263503 1.088114
11030212.6594 0.4397275 -0.5263584 1.088072
11030245.5902 0.4396906 -0.5263605 1.088033
11030279.6618 0.4396791 -0.5263891 1.088019
11030312.6891 0.4396793 -0.5263706 1.088002
11030345.6022 0.4396707 -0.526366 1.088
11030379.6928 0.4396763 -0.5263907 1.088002
11030412.6613 0.439656 -0.5263819 1.087976
11030445.6019 0.4396214 -0.5263613 1.087931
11030479.6596 0.4395797 -0.5263481 1.087907
11030512.686 0.439525 -0.5263576 1.087923
11030545.5868 0.439494 -0.5263384 1.087855
11030579.6868 0.4394834 -0.526374 1.087842
11030612.7001 0.4394398 -0.5263514 1.087777
11030645.5763 0.4394061 -0.5263536 1.087775
11030679.6693 0.4394033 -0.5263423 1.087739
11030712.6723 0.4393525 -0.5263346 1.087707
11030745.5912 0.4393233 -0.5263381 1.087646
11030779.653 0.4392425 -0.5262961 1.087497
11030812.6827 0.4392252 -0.5263031 1.087469
11030845.6086 0.4392045 -0.5263066 1.08745
11030879.672 0.4391592 -0.5263257 1.087479
11030912.6824 0.4391254 -0.526284 1.087457
11030945.5849 0.4391061 -0.5262588 1.087447
11030979.6656 0.4391031 -0.5262652 1.08742
11031012.685 0.4390961 -0.5262565 1.087423
11031045.6269 0.4390933 -0.5263136 1.087404
11031079.6653 0.4390883 -0.5263392 1.087397
11031112.6601 0.4390799 -0.5262829 1.087429
11031145.5802 0.4390762 -0.5262951 1.087418
11031179.6707 0.4390715 -0.5262879 1.087441
11031212.691 0.4390656 -0.5263077 1.087442
11031245.5791 0.439066 -0.5263116 1.087443
11031279.6536 0.4390612 -0.5263218 1.087474
11031312.6706 0.4390585 -0.5263191 1.087473
11031345.587 0.4390489 -0.526319 1.087491
11031379.6698 0.4390251 -0.5263083 1.08747
11031412.6642 0.4390159 -0.5262905 1.087451
11031445.5818 0.4389988 -0.526262 1.087376
11031479.6563 0.4389369 -0.526233 1.087239
11031512.6585 0.4389278 -0.5262501 1.087238
11031545.5831 0.4388874 -0.5262184 1.087213
11031579.6503 0.4388546 -0.5261952 1.08715
11031612.6578 0.4388239 -0.5262055 1.087116
11031645.5742 0.438805 -0.5262281 1.087179
11031679.6833 0.4388033 -0.5262269 1.087164
11031712.6699 0.4387923 -0.5263113 1.087184
11031745.5924 0.4387837 -0.5263379 1.087165
11031779.6633 0.4387763 -0.5263278 1.087113
11031812.6573 0.4387549 -0.5263384 1.087174
11031845.6024 0.4387333 -0.5263276 1.087169
11031879.663 0.4387072 -0.526325 1.087166
11031912.6841 0.4386916 -0.5263186 1.087171
11031945.6001 0.4386915 -0.5263276 1.087171
11031979.6902 0.4386631 -0.5263106 1.08717
11032012.6587 0.4386585 -0.5263113 1.08716
11032045.615 0.4386396 -0.5262588 1.087139
11032079.6563 0.4386201 -0.5263029 1.087202
11032112.6552 0.4385932 -0.526294 1.087208
11032145.5859 0.4385824 -0.5262831 1.087197
11032179.6662 0.4385512 -0.526287 1.087138
11032212.6582 0.4384976 -0.5262605 1.087106
11032245.5803 0.4384722 -0.5262375 1.087104
11032279.6688 0.4384499 -0.5262382 1.087091
11032312.6755 0.4384407 -0.5262347 1.087086
11032345.5837 0.4384156 -0.5262249 1.087072
11032379.6476 0.4384097 -0.5262266 1.087077
11032412.6711 0.4383763 -0.5262426 1.08704
11032445.5859 0.4383667 -0.5262706 1.087077
11032479.7602 0.4383379 -0.5262879 1.087063
11032512.677 0.4382958 -0.5262971 1.086973
11032545.5983 0.4382738 -0.5263 1.086983
11032579.6532 0.4382432 -0.5263188 1.086979
11032612.6685 0.4381902 -0.5263087 1.086929
11032645.5693 0.4381671 -0.5262975 1.086965
11032679.6574 0.4381571 -0.5263023 1.086951
11032712.6678 0.4381237 -0.5262931 1.086944
11032745.5719 0.4380897 -0.5262553 1.086957
11032779.6542 0.4380099 -0.5262774 1.086833
11032812.6975 0.4379576 -0.5262532 1.086801
11032845.5897 0.437887 -0.5262524 1.086735
11032879.6572 0.4378175 -0.5262973 1.086768
11032912.6677 0.4377605 -0.5262962 1.086805
11032945.5824 0.4376789 -0.5262796 1.086751
11032979.7284 0.4376449 -0.5262983 1.086771
11033012.6895 0.4375916 -0.5262504 1.086756
11033045.5657 0.4375844 -0.5263076 1.086709
11033079.6694 0.4375359 -0.5263159 1.086714
11033112.6597 0.4375175 -0.5262969 1.086677
11033145.5933 0.4374866 -0.5263254 1.086643
11033179.6765 0.4374519 -0.5263314 1.086678
11033212.6643 0.4374272 -0.5263165 1.086693
11033245.5836 0.4374011 -0.5262687 1.086721
11033279.6742 0.4373531 -0.5262594 1.086669
11033312.6521 0.4372808 -0.5262268 1.086606
11033345.5903 0.4372643 -0.5262203 1.086597
11033379.6476 0.4372448 -0.5262488 1.08654
11033412.6633 0.4372094 -0.5262555 1.086558
11033445.5925 0.4371622 -0.526223 1.086551
