11095379.4214 0.4179595 -0.5150487 1.063497
11095412.4967 0.4179387 -0.5150199 1.063482
11095445.358 0.4178616 -0.5149819 1.063518
11095479.4478 0.4178028 -0.5150313 1.063488
11095512.4414 0.4178031 -0.5150093 1.063464
11095545.3664 0.417782 -0.5150359 1.063408
11095579.4413 0.4177853 -0.5151153 1.063356
11095612.4407 0.4177184 -0.5151014 1.063374
11095645.3764 0.4176795 -0.5150775 1.063302
11095679.4365 0.417632 -0.5150118 1.063366
11095712.4338 0.4176013 -0.5149659 1.063396
11095745.3469 0.4176063 -0.5151219 1.063352
11095779.4531 0.4175955 -0.5150316 1.063348
11095812.4405 0.4175828 -0.5150268 1.063364
11095845.3594 0.4175884 -0.5150658 1.063346
11095879.4401 0.417461 -0.515087 1.063395
11095912.5051 0.4174624 -0.5151175 1.063397
11095945.3307 0.4175328 -0.5152732 1.063427
11095979.4168 0.4174597 -0.5153504 1.063588
11096012.4272 0.4174006 -0.5154052 1.063565
11096045.3612 0.4174017 -0.5154134 1.06356
11096079.4222 0.4174167 -0.5154488 1.063539
11096112.4515 0.4173933 -0.5154539 1.06355
11096145.347 0.4173672 -0.5155109 1.063585
11096179.4261 0.4173631 -0.5155111 1.063597
11096212.425 0.4173689 -0.5154474 1.063636
11096245.3767 0.4174215 -0.51525 1.063541
11096279.4291 0.417448 -0.5152672 1.063547
11096312.4666 0.4174901 -0.515234 1.063524
11096345.3501 0.4175553 -0.5153468 1.063466
11096379.4181 0.4176558 -0.5154285 1.063498
11096412.4166 0.4176987 -0.515153 1.063646
11096445.3474 0.4178493 -0.5151047 1.063616
11096479.4297 0.4179353 -0.5151126 1.063559
11096512.4602 0.4180911 -0.5149586 1.063528
11096545.3495 0.4184657 -0.514856 1.063438
11096579.459 0.4187 -0.5149599 1.063308
11096612.4189 0.4189475 -0.5151998 1.063113
11096645.3419 0.4196691 -0.5151299 1.063231
11096679.4398 0.419844 -0.5149009 1.063396
11096712.4281 0.4204047 -0.5149715 1.06361
11096745.3711 0.421085 -0.5153132 1.063316
11096779.4268 0.4213946 -0.5154975 1.063178
11096812.4364 0.4216009 -0.515131 1.063139
11096845.3286 0.4217791 -0.5146738 1.063102
11096879.4384 0.4218978 -0.5145658 1.063175
11096912.4377 0.4220418 -0.5143034 1.063017
11096945.3558 0.4220672 -0.5143232 1.062978
11096979.4094 0.4221978 -0.5142957 1.062897
11097012.421 0.422242 -0.5143081 1.062906
11097045.3543 0.4222811 -0.5144815 1.062845
11097079.4272 0.422256 -0.5146348 1.062831
11097112.429 0.4222882 -0.5147752 1.062778
11097145.3273 0.4222742 -0.5149523 1.062966
11097179.4881 0.4222707 -0.5149959 1.062832
11097212.4582 0.4222885 -0.5148666 1.062891
11097245.3685 0.4225378 -0.5151414 1.063168
11097279.4541 0.4225301 -0.51511 1.063193
11097312.4284 0.422554 -0.5151673 1.063162
11097345.3275 0.4225839 -0.5151165 1.063147
11097379.4234 0.4225403 -0.5151613 1.063083
11097412.447 0.4225544 -0.5151493 1.063074
11097445.3461 0.4225569 -0.5149977 1.062814
11097479.424 0.4228415 -0.514815 1.062936
11097512.4336 0.4227842 -0.5149001 1.062963
11097545.352 0.4227965 -0.5149542 1.06299
11097579.4212 0.423049 -0.5150136 1.063133
11097612.4041 0.4230796 -0.5150221 1.06311
11097645.3739 0.4233719 -0.5149514 1.063045
11097679.4238 0.4231923 -0.5148649 1.062995
11097712.4166 0.4231828 -0.5148523 1.063009
11097745.3367 0.4230301 -0.5148548 1.062968
11097779.4247 0.4229131 -0.5148643 1.062844
11097812.4795 0.4229479 -0.5147915 1.06271
11097845.3495 0.4232977 -0.5145968 1.062592
11097879.4889 0.4232462 -0.5146682 1.062663
11097912.425 0.4233018 -0.5147679 1.062711
11097945.355 0.4232843 -0.5147906 1.062737
11097979.432 0.4232834 -0.5148419 1.062706
11098012.4317 0.4230345 -0.5148815 1.062777
11098045.3268 0.4229273 -0.5147898 1.062605
11098079.4317 0.4227675 -0.5147007 1.062345
11098112.4076 0.4227495 -0.5146652 1.062293
11098145.3359 0.4226933 -0.5147288 1.062232
11098179.4835 0.4225308 -0.514616 1.062122
11098212.4837 0.4224302 -0.5145311 1.061991
11098245.3484 0.4225565 -0.5145897 1.062217
11098279.4188 0.4225612 -0.5145972 1.06227
11098312.4304 0.4228751 -0.5146401 1.062179
11098345.3407 0.4228382 -0.5146098 1.062108
11098379.421 0.4229285 -0.5146237 1.062199
11098412.4113 0.4230286 -0.5146157 1.062195
11098445.3268 0.4227731 -0.5145513 1.062049
11098479.4387 0.4226741 -0.5145674 1.062135
11098512.4307 0.4226394 -0.5145808 1.062138
11098545.3405 0.4226208 -0.514543 1.061991
11098579.4832 0.4224667 -0.5146329 1.062018
11098612.4222 0.422417 -0.5146214 1.061947
11098645.3538 0.4226555 -0.5146574 1.062206
11098679.4837 0.4226467 -0.5146257 1.062181
11098712.44 0.4226804 -0.5146531 1.062099
11098745.3395 0.4227015 -0.5146791 1.062203
11098779.4379 0.422297 -0.5147284 1.062258
11098812.429 0.4222521 -0.5146627 1.062137
11098845.336 0.4222197 -0.5146728 1.062083
11098879.4446 0.4221454 -0.5146289 1.062032
11098912.4283 0.4221559 -0.5146508 1.062166
11098945.3197 0.4221442 -0.5146399 1.062111
11098979.4131 0.4221352 -0.5146757 1.06214
11099012.4814 0.4221531 -0.514657 1.062131
11099045.3222 0.4222402 -0.5146477 1.062364
11099079.3997 0.4221187 -0.5145824 1.062269
11099112.4286 0.422044 -0.5145165 1.06211
11099145.3207 0.4219908 -0.5145617 1.062322
11099179.4113 0.4219296 -0.5145218 1.062164
11099212.4024 0.4219294 -0.5144805 1.062021
11099245.3438 0.4219391 -0.5144501 1.062006
11099279.4262 0.4218653 -0.5144587 1.062024
11099312.4111 0.4221378 -0.5145024 1.062031
11099345.3423 0.4224558 -0.5144758 1.062117
11099379.416 0.4225413 -0.514469 1.062107
11099412.4178 0.4224559 -0.5144621 1.062077
11099445.3449 0.4225206 -0.5145478 1.062223
11099479.3948 0.4225323 -0.5144721 1.06219
11099512.4159 0.4223984 -0.5143145 1.062079
11099545.32 0.4223375 -0.5142943 1.062029
11099579.4056 0.4223576 -0.514218 1.061989
11099612.4152 0.4221974 -0.5140343 1.061685
11099645.3599 0.4221314 -0.5140424 1.061687
11099679.4259 0.4221011 -0.5139781 1.061661
11099712.3989 0.4221199 -0.5139827 1.061623
11099745.3346 0.4221011 -0.5140586 1.061633
11099779.4091 0.4221146 -0.5140539 1.061615
11099812.4816 0.4220791 -0.5140518 1.061603
11099845.3302 0.422076 -0.5139861 1.061627
11099879.4002 0.4219882 -0.5140232 1.06175
11099912.4148 0.4219887 -0.5140021 1.061729
11099945.3993 0.4221133 -0.5139713 1.062141
11099979.4225 0.4221038 -0.5139679 1.062127
11100012.4104 0.4221106 -0.5139276 1.062142
11100045.3296 0.4221107 -0.5138948 1.062023
11100079.4079 0.4221202 -0.5138742 1.062019
11100112.4039 0.4221099 -0.5138798 1.062005
11100145.3199 0.4221397 -0.5139122 1.061818
11100179.4289 0.4221193 -0.5139224 1.061781
11100212.432 0.4220805 -0.5140101 1.061868
11100245.3286 0.4220355 -0.5141254 1.061846
11100279.4233 0.4220212 -0.5141397 1.061872
11100312.4272 0.4218367 -0.5140037 1.061844
11100345.3419 0.4218428 -0.5140147 1.061881
11100379.4185 0.4218543 -0.5139725 1.061793
11100412.4289 0.4218505 -0.5140215 1.061795
11100445.3277 0.4218549 -0.5140574 1.061797
11100479.4018 0.4218474 -0.5140611 1.061828
11100512.4081 0.4218511 -0.5140924 1.061817
11100545.329 0.4221008 -0.5141546 1.062011
11100579.406 0.4221339 -0.5141188 1.061964
11100612.398 0.4223364 -0.5142582 1.062413
11100645.3176 0.422327 -0.5142199 1.062286
11100679.4057 0.4223475 -0.5141924 1.062273
11100712.4104 0.4223522 -0.5141557 1.062204
11100745.3416 0.422362 -0.5141427 1.062158
11100779.4371 0.4226848 -0.5141574 1.062233
11100812.4019 0.4228529 -0.5141629 1.062235
11100845.3216 0.4227234 -0.5141619 1.062015
11100879.4002 0.422625 -0.5141789 1.061964
11100912.4094 0.4226459 -0.5141135 1.061882
11100945.3287 0.4226707 -0.5141029 1.061837
11100979.4098 0.422674 -0.514062 1.061719
11101012.428 0.4226701 -0.5140488 1.06168
11101045.3415 0.4226747 -0.5140545 1.061666
11101079.4116 0.4226743 -0.514039 1.061606
11101112.4154 0.422686 -0.514172 1.061588
11101145.317 0.4224393 -0.5141397 1.061512
11101179.4068 0.4224842 -0.5141205 1.06143
11101212.409 0.422475 -0.5140717 1.06138
11101245.327 0.422433 -0.5140607 1.061406
11101279.397 0.4224694 -0.514075 1.061462
11101312.407 0.4223617 -0.51407 1.061435
11101345.3538 0.4223623 -0.5140501 1.061414
11101379.4124 0.4223739 -0.5140509 1.061344
11101412.4133 0.4223952 -0.5140545 1.061356
11101445.3371 0.4223714 -0.5141186 1.061413
11101479.4708 0.4223658 -0.5141497 1.061421
11101512.4106 0.4223827 -0.5141385 1.061373
11101545.327 0.4223572 -0.514163 1.061423
11101579.4105 0.422336 -0.51418 1.061468
11101612.393 0.4223333 -0.5141974 1.061471
11101645.3263 0.4221678 -0.5142839 1.061487
11101679.4086 0.4221428 -0.514303 1.061479
11101712.3952 0.4221408 -0.5143162 1.06142
11101745.3445 0.4220991 -0.5143299 1.061464
11101779.4178 0.4221174 -0.5143011 1.061411
11101812.4331 0.422096 -0.5142776 1.061392
11101845.3372 0.4220958 -0.5142789 1.061389
11101879.4191 0.422089 -0.5142894 1.061368
11101912.3987 0.4221911 -0.5142898 1.061404
11101945.3316 0.4222046 -0.5142931 1.061363
11101979.4106 0.4222025 -0.5142514 1.061339
11102012.3952 0.422201 -0.5142618 1.061385
11102045.319 0.422205 -0.5142539 1.061382
11102079.4021 0.4222068 -0.5142523 1.061446
11102112.4121 0.42224 -0.5142336 1.06145
11102145.3236 0.4222369 -0.5142474 1.061505
11102179.4133 0.4223105 -0.5142083 1.061382
11102212.3905 0.4223026 -0.5141213 1.061409
11102245.3217 0.4223163 -0.5141162 1.061409
11102279.3942 0.4223173 -0.5141079 1.061418
11102312.3931 0.4223017 -0.514003 1.061461
11102345.3193 0.422282 -0.5140554 1.06157
11102379.4041 0.4222074 -0.5140848 1.061674
11102412.4232 0.4222101 -0.5141428 1.061749
11102445.436 0.4222148 -0.5141654 1.061768
11102479.4683 0.4222377 -0.5141756 1.061761
11102512.3987 0.4222857 -0.5141714 1.061743
11102545.3274 0.4222969 -0.5141888 1.061738
11102579.3949 0.4222309 -0.5142155 1.061819
11102612.3992 0.4222311 -0.5142357 1.061811
11102645.314 0.4222189 -0.5142133 1.061841
11102679.3914 0.4222864 -0.5142626 1.061791
11102712.4252 0.4221662 -0.5142066 1.061708
11102745.3219 0.4221626 -0.5142083 1.061735
11102779.3894 0.4221676 -0.5142033 1.06173
11102812.399 0.4222507 -0.5142072 1.06172
11102845.3314 0.4222597 -0.5142435 1.061739
11102879.4121 0.422298 -0.5142518 1.061753
11102912.4139 0.4223191 -0.5142331 1.061759
11102945.3361 0.4223171 -0.5141801 1.061759
11102979.3872 0.4223481 -0.5141718 1.061734
11103012.41 0.4223664 -0.5141569 1.061716
11103045.3132 0.4223708 -0.5141219 1.061749
11103079.412 0.4223619 -0.5140622 1.06179
11103112.4015 0.4223473 -0.5140709 1.0618
11103145.3072 0.4223461 -0.5140988 1.06189
11103179.3949 0.422361 -0.5140703 1.061897
11103212.4209 0.4223332 -0.5140951 1.061956
11103245.3237 0.4223493 -0.5140447 1.061883
11103279.4135 0.4223514 -0.5140615 1.061892
11103312.4616 0.4223495 -0.5140305 1.061901
11103345.3136 0.4223433 -0.5139959 1.061896
11103379.4152 0.4223233 -0.513989 1.06197
11103412.3961 0.4222868 -0.513999 1.06201
11103445.3318 0.4222968 -0.5140069 1.062028
11103479.4121 0.4223032 -0.5139601 1.062052
11103512.4266 0.4223371 -0.513984 1.062001
11103545.32 0.4223391 -0.5139949 1.062047
11103579.3966 0.422294 -0.5140139 1.062006
11103612.4041 0.4222934 -0.5139395 1.062032
11103645.3189 0.4223327 -0.5139093 1.061994
11103679.3959 0.4223512 -0.513938 1.061944
11103712.3866 0.4223531 -0.5139529 1.061894
11103745.3334 0.4223478 -0.5139063 1.061932
11103779.4096 0.4223642 -0.5139437 1.061926
11103812.4056 0.4223838 -0.5139591 1.061922
11103845.3273 0.4223902 -0.5140028 1.061906
11103879.4126 0.4223728 -0.514061 1.062056
11103912.3983 0.42258 -0.5140159 1.062028
11103945.3143 0.4225727 -0.5140699 1.062161
11103979.4008 0.4225412 -0.5141357 1.062321
11104012.4104 0.4225926 -0.5140412 1.062091
11104045.3128 0.4226023 -0.5140971 1.062094
11104079.4001 0.4226326 -0.514115 1.062093
11104112.4179 0.422641 -0.5141071 1.062081
11104145.2998 0.4227907 -0.5143353 1.062832
11104179.4113 0.4228065 -0.5143623 1.062809
11104212.4008 0.4227979 -0.5143024 1.062696
11104245.3106 0.4227581 -0.5142941 1.062698
11104279.3855 0.4228049 -0.5142443 1.062594
11104312.4255 0.4227723 -0.5143623 1.062502
11104345.3173 0.4227946 -0.5142604 1.06244
11104379.3951 0.4226915 -0.5142206 1.062308
11104412.3809 0.4232131 -0.5141766 1.062277
11104445.301 0.4232064 -0.5141803 1.062306
11104479.3969 0.423243 -0.5141756 1.062282
11104512.3831 0.4232228 -0.5141817 1.062343
11104545.3857 0.4232433 -0.5142649 1.062608
11104579.4147 0.4234025 -0.5141724 1.062725
11104612.3807 0.4235473 -0.5140026 1.062791
11104645.3209 0.4236863 -0.5141458 1.062989
11104679.3922 0.4238812 -0.5140938 1.063259
11104712.4231 0.4241368 -0.5141572 1.063575
11104745.3239 0.4247347 -0.5142677 1.064023
11104779.4087 0.4249056 -0.5141466 1.064124
11104812.4072 0.4250531 -0.5143474 1.064822
11104845.3544 0.4252136 -0.5144047 1.065049
11104879.4019 0.4254496 -0.5144725 1.065324
11104912.3938 0.4257327 -0.5144908 1.065897
11104945.3234 0.4260417 -0.514566 1.066121
11104979.4541 0.4262967 -0.5144953 1.066273
11105012.4054 0.4265804 -0.5145278 1.066492
11105045.3066 0.4268267 -0.5144713 1.066657
11105079.4136 0.4270053 -0.5144674 1.066891
11105112.3908 0.4272349 -0.5143977 1.067152
11105145.3257 0.4274026 -0.5142534 1.067368
11105179.4023 0.4276527 -0.5141702 1.067682
11105212.3856 0.4278325 -0.5139838 1.067877
11105245.3167 0.4279948 -0.5138058 1.068033
11105279.3901 0.4281636 -0.5135154 1.068312
11105312.4395 0.4283875 -0.5133774 1.068624
11105345.3054 0.4286908 -0.513245 1.069054
11105379.3861 0.428942 -0.513114 1.069533
11105412.3957 0.4293415 -0.5127168 1.070175
11105445.3314 0.4296741 -0.5126176 1.070778
11105479.4051 0.4300126 -0.5121962 1.071341
11105512.4003 0.4303988 -0.5120929 1.072301
11105545.3036 0.4309402 -0.5121548 1.073156
11105579.3867 0.4313763 -0.5122125 1.074859
11105612.3828 0.4318903 -0.5121169 1.075734
11105645.3332 0.4321803 -0.5116888 1.076479
11105679.4185 0.4329056 -0.511619 1.078312
11105712.3796 0.4335932 -0.5114524 1.079521
11105745.2972 0.4344686 -0.5114864 1.080508
11105779.389 0.4357747 -0.5113341 1.081752
11105812.3892 0.4376959 -0.5113691 1.084029
11105845.3076 0.4393207 -0.5109654 1.085515
11105879.385 0.4417004 -0.5110218 1.087708
11105912.3827 0.4437574 -0.5109704 1.089058
11105945.3057 0.4460362 -0.5104508 1.090106
11105979.4049 0.4487781 -0.5097774 1.091526
11106012.4063 0.4509175 -0.5090317 1.092228
11106045.2984 0.4528585 -0.5075797 1.092845
11106079.3795 0.4544852 -0.506528 1.093472
11106112.3772 0.4556089 -0.5040216 1.093958
11106145.3022 0.4563413 -0.5017887 1.094257
11106179.3932 0.457104 -0.4993657 1.09428
11106212.4086 0.4583471 -0.4967195 1.093341
11106245.2979 0.4588587 -0.4937494 1.092579
11106279.3773 0.4595225 -0.4900766 1.090687
11106312.3906 0.4599502 -0.485199 1.089598
11106345.2955 0.459277 -0.4841447 1.086776
11106379.3701 0.4584916 -0.48251 1.088689
11106412.4601 0.4590589 -0.4739947 1.092323
11106445.3186 0.4590676 -0.4680547 1.094396
11106479.3903 0.4587451 -0.4597941 1.093028
11106512.3995 0.4579794 -0.4520383 1.089703
11106545.3179 0.4585769 -0.4482278 1.092293
11106579.3859 0.4583046 -0.4454793 1.092793
11106612.3828 0.4578708 -0.4374898 1.092295
11106645.3189 0.4572598 -0.4338066 1.093737
11106679.3782 0.4563114 -0.4288888 1.093372
11106712.3689 0.4555134 -0.4191398 1.08945
11106745.3038 0.4576633 -0.3854533 1.069939
11106779.3829 0.4537648 -0.3986595 1.097886
11106812.4664 0.4560245 -0.3722904 1.0668
11106845.3171 0.4604341 -0.3616566 1.078321
11106879.3809 0.4574176 -0.3730277 1.091218
11106912.3897 0.4577351 -0.3714334 1.094228
11106945.316 0.4602031 -0.3480862 1.088743
11106979.3971 0.4604427 -0.3440243 1.088698
11107012.3898 0.4569648 -0.350215 1.09561
11107045.3062 0.4562878 -0.3465639 1.096167
11107079.396 0.4555588 -0.3390833 1.093355
11107112.3895 0.4617478 -0.3344505 1.099749
11107145.3183 0.4604677 -0.3323926 1.100963
11107179.3994 0.4590375 -0.3305225 1.104543
11107212.3987 0.4581437 -0.328101 1.108211
11107245.3163 0.4577098 -0.3257773 1.112125
11107279.388 0.4572437 -0.3249082 1.112948
11107312.3816 0.4568659 -0.3242818 1.113529
11107345.3025 0.4565327 -0.3238863 1.113658
11107379.3861 0.4563155 -0.3236158 1.113578
11107412.3883 0.4562117 -0.3235421 1.113651
11107445.3055 0.4559553 -0.3238534 1.113191
11107479.4515 0.4557869 -0.3242567 1.112475
11107512.3921 0.4482948 -0.3302009 1.082753
11107545.3052 0.4486294 -0.3293094 1.083424
11107579.3728 0.4461998 -0.3419748 1.093988
11107612.3721 0.447871 -0.3391868 1.092424
11107645.3218 0.4492384 -0.3381558 1.090272
11107679.4008 0.4500752 -0.3375968 1.089639
11107712.3886 0.447487 -0.3571994 1.090439
11107745.3198 0.447455 -0.3628054 1.091244
11107779.38 0.4498589 -0.3588448 1.085511
11107812.3859 0.4506162 -0.3581267 1.083889
11107845.2945 0.4456048 -0.3732097 1.040658
11107879.3715 0.446766 -0.3716036 1.049497
11107912.3951 0.4424347 -0.3869996 1.049697
11107945.3197 0.4417602 -0.3919177 1.049045
11107979.45 0.4452629 -0.3911235 1.0697
11108012.3948 0.4449212 -0.3977728 1.069927
11108045.296 0.4444468 -0.4188852 1.084422
11108079.3828 0.4466633 -0.4207102 1.094061
11108112.3653 0.4474175 -0.4255532 1.097512
11108145.2977 0.4486747 -0.4249772 1.097831
11108179.3809 0.4491174 -0.4312555 1.09871
11108212.386 0.449832 -0.4329542 1.097855
11108245.3102 0.4502814 -0.4359443 1.097731
11108279.413 0.4512291 -0.4403051 1.099411
11108312.3775 0.45038 -0.4486937 1.097313
11108345.3128 0.4493692 -0.4580055 1.091313
11108379.3787 0.4495246 -0.4621754 1.091032
11108412.4039 0.4498672 -0.4666499 1.089924
11108445.3215 0.4502381 -0.4708036 1.091804
11108479.3768 0.4505623 -0.4731304 1.09357
11108512.3757 0.4507277 -0.4750428 1.094989
11108545.288 0.4506541 -0.4768203 1.095395
11108579.381 0.450509 -0.4793216 1.097006
11108612.3824 0.450051 -0.482418 1.097862
11108645.2979 0.4497601 -0.4859924 1.099261
11108679.3852 0.4495907 -0.4898116 1.099748
11108712.3657 0.4495636 -0.492178 1.100986
11108745.3112 0.449156 -0.4943189 1.102561
11108779.3956 0.4485887 -0.4966772 1.104428
11108812.3818 0.4479342 -0.4999127 1.104272
11108845.2945 0.4471854 -0.5017072 1.104706
11108879.376 0.4464711 -0.5028642 1.104834
11108912.3671 0.4457933 -0.5034232 1.104851
11108945.309 0.4449131 -0.5045563 1.104503
11108979.3926 0.444112 -0.5050292 1.104372
11109012.3907 0.4426649 -0.5058098 1.104652
11109045.2943 0.4413732 -0.5067952 1.104552
11109079.3935 0.4403378 -0.507465 1.104142
11109112.3801 0.4394343 -0.5076662 1.103949
11109145.2895 0.4383462 -0.5080224 1.103494
11109179.3686 0.4376446 -0.508561 1.102915
11109212.3638 0.4368149 -0.5087463 1.101728
11109245.2835 0.4364285 -0.5094894 1.101371
11109279.3728 0.4355857 -0.509734 1.100543
11109312.3804 0.4350159 -0.5101982 1.099704
11109345.2889 0.43467 -0.5109433 1.099223
11109379.3733 0.4341474 -0.5116548 1.098129
11109412.3706 0.4338072 -0.5120916 1.097169
11109445.2961 0.4336502 -0.5123131 1.096719
11109479.3903 0.4336289 -0.5136259 1.095975
11109512.3757 0.4335433 -0.51381 1.095521
11109545.3138 0.4335198 -0.5148937 1.094845
11109579.3724 0.4333693 -0.5152811 1.094311
11109612.3696 0.4331844 -0.5154691 1.093758
11109645.2803 0.4330326 -0.515989 1.09278
11109679.3667 0.4328575 -0.5160932 1.091699
11109712.3652 0.4325749 -0.5164664 1.090595
11109745.2964 0.4323781 -0.5163313 1.089388
11109779.4375 0.4321016 -0.5163768 1.088514
11109812.367 0.4319005 -0.5163004 1.08772
11109845.3105 0.4316795 -0.5159763 1.086765
11109879.3924 0.4314759 -0.5158982 1.086221
11109912.3774 0.4314094 -0.516053 1.085986
11109945.2835 0.431531 -0.5157436 1.085254
11109979.3679 0.4315961 -0.5156935 1.08512
11110012.387 0.4315901 -0.5156382 1.084691
11110045.3136 0.4317637 -0.5156835 1.084313
11110079.3902 0.43181 -0.5156862 1.084044
11110112.3633 0.4318471 -0.5157657 1.083975
11110145.2846 0.4318934 -0.5158767 1.083716
11110179.3735 0.4320139 -0.5158125 1.083395
11110212.3782 0.4321509 -0.5158449 1.083171
11110245.297 0.4323567 -0.5158141 1.082741
11110279.388 0.4324987 -0.5154245 1.082197
11110312.3668 0.4326157 -0.5153154 1.081757
11110345.2775 0.4326805 -0.5150701 1.080933
11110379.3701 0.4327097 -0.5149683 1.080536
11110412.3665 0.4326911 -0.514765 1.079943
11110445.3129 0.4326746 -0.5147576 1.079486
11110479.3887 0.4326858 -0.5147406 1.079415
11110512.3613 0.4326895 -0.5150439 1.079019
11110545.2847 0.4326377 -0.515038 1.07848
11110579.3637 0.4326399 -0.5150514 1.078212
11110612.3721 0.4325649 -0.5147311 1.077571
11110645.3053 0.4325031 -0.5146818 1.07716
11110679.3811 0.4325207 -0.5145744 1.076887
11110712.4042 0.4324841 -0.514582 1.076701
11110745.3112 0.4324288 -0.5145616 1.076484
11110779.3808 0.4323709 -0.5144896 1.076197
11110812.3719 0.4323517 -0.5144815 1.076017
11110845.2838 0.4322974 -0.5143628 1.075509
11110879.3814 0.4322683 -0.5142431 1.075403
11110912.4029 0.4321668 -0.5140781 1.0751
11110945.3016 0.4321326 -0.5139187 1.074794
11110979.3733 0.4321663 -0.5140252 1.074613
11111012.3738 0.432164 -0.5138717 1.074651
11111045.2853 0.4321353 -0.5136616 1.0747
11111079.3615 0.4321032 -0.5136276 1.07447
11111112.3633 0.4321676 -0.5136867 1.074315
11111145.2936 0.4321774 -0.5135506 1.074225
11111179.3711 0.4321821 -0.5136186 1.074086
11111212.3827 0.4321773 -0.5134209 1.074058
11111245.2777 0.4322043 -0.5134365 1.073776
11111279.3662 0.432201 -0.5134494 1.073698
11111312.3717 0.4321846 -0.5136249 1.073523
11111345.2869 0.4321615 -0.5136476 1.07347
11111379.3746 0.432157 -0.5134981 1.07348
11111412.3563 0.4321189 -0.5133587 1.073382
11111445.2944 0.4321179 -0.5132889 1.073369
11111479.3722 0.4320951 -0.5132931 1.073325
11111512.3728 0.4320994 -0.5132707 1.073283
11111545.2888 0.4321081 -0.5132645 1.073256
11111579.3547 0.4321369 -0.5133184 1.073219
11111612.3627 0.4321923 -0.5132785 1.073366
11111645.2852 0.4321846 -0.5131603 1.073406
11111679.3622 0.4321823 -0.513108 1.073254
11111712.3825 0.4321658 -0.5131577 1.073182
11111745.2825 0.4321762 -0.513108 1.073185
11111779.3669 0.4322163 -0.5129825 1.073018
11111812.3728 0.4322165 -0.5129797 1.07302
11111845.2892 0.4322023 -0.5129843 1.072964
11111879.3764 0.4321961 -0.5130344 1.072914
11111912.3597 0.4321732 -0.5129677 1.072838
11111945.2794 0.432143 -0.5130211 1.072728
11111979.3642 0.4321249 -0.5130303 1.072664
11112012.3578 0.432109 -0.5129592 1.072494
11112045.2956 0.4320526 -0.5128528 1.072338
11112079.3545 0.4320111 -0.5128676 1.072189
11112112.3567 0.4320311 -0.5128805 1.072139
11112145.299 0.4320087 -0.5128679 1.072058
11112179.3727 0.4320102 -0.5128775 1.072029
11112212.3741 0.4320212 -0.5128756 1.071949
11112245.2757 0.4320199 -0.5128429 1.071947
11112279.3646 0.4320159 -0.5128531 1.071935
11112312.3668 0.4319827 -0.5127741 1.071811
11112345.2951 0.4319823 -0.5127833 1.071622
11112379.3651 0.431982 -0.5128703 1.071417
11112412.3755 0.4319957 -0.5130209 1.071339
11112445.2768 0.4319473 -0.5129505 1.071197
11112479.3817 0.4319661 -0.5129696 1.07116
11112512.3818 0.4319508 -0.5129316 1.071074
11112545.274 0.4319402 -0.5129186 1.07108
11112579.3662 0.431937 -0.5129035 1.071091
11112612.37 0.4319406 -0.5128963 1.071006
11112645.2688 0.431918 -0.5128747 1.070984
11112679.3774 0.4319111 -0.5129178 1.070952
11112712.3985 0.431899 -0.5128828 1.070939
11112745.2837 0.4318957 -0.5129684 1.07088
11112779.387 0.4318907 -0.5129864 1.070845
11112812.3498 0.4318581 -0.5129315 1.070773
11112845.2645 0.4317886 -0.5128922 1.070637
11112879.3666 0.4317464 -0.5128177 1.070476
11112912.3696 0.4317254 -0.5127699 1.070436
11112945.295 0.4317249 -0.5127237 1.07041
11112979.3753 0.4317223 -0.5127195 1.07041
11113012.3841 0.4317086 -0.5126984 1.070307
11113045.273 0.4317098 -0.5126181 1.070291
11113079.3808 0.4316912 -0.512599 1.0703
11113112.3555 0.4316939 -0.5126128 1.070279
11113145.2686 0.4316939 -0.512624 1.070268
11113179.3772 0.4316987 -0.5126112 1.07024
11113212.3769 0.4316858 -0.512559 1.070052
11113245.2855 0.4316817 -0.5126808 1.070036
11113279.3749 0.4316767 -0.5127029 1.07004
11113312.3602 0.4316776 -0.5126953 1.070056
11113345.3111 0.4316526 -0.5127293 1.069915
11113379.366 0.4316459 -0.5127348 1.069925
11113412.3517 0.4316593 -0.5127161 1.069807
11113445.2743 0.4316685 -0.51266 1.06974
11113479.3538 0.431648 -0.5126332 1.06974
11113512.3506 0.4316504 -0.5126182 1.069718
11113545.2715 0.4316418 -0.5127338 1.069676
11113579.3527 0.431627 -0.5127174 1.069704
11113612.3627 0.4316358 -0.5125937 1.069718
11113645.291 0.4316434 -0.5126116 1.069715
11113679.37 0.4316484 -0.512627 1.069735
11113712.3862 0.4316519 -0.512639 1.069729
11113745.2911 0.4316476 -0.5126326 1.069709
11113779.3652 0.4316483 -0.5126498 1.069703
11113812.3551 0.4316404 -0.5126694 1.069683
11113845.2748 0.4316184 -0.5126246 1.069588
11113879.3584 0.4316349 -0.5127094 1.069554
11113912.3487 0.4316384 -0.5127752 1.069531
11113945.2901 0.4316467 -0.5127844 1.069488
11113979.3605 0.4316543 -0.512782 1.06949
11114012.3804 0.4316681 -0.5127394 1.069521
11114045.2742 0.4316733 -0.5125697 1.06955
11114079.3459 0.4316713 -0.5125698 1.069552
11114112.3711 0.4316532 -0.5125834 1.069552
11114145.3051 0.4316472 -0.5125797 1.069535
11114179.3575 0.4316632 -0.5124877 1.069552
11114212.3498 0.4316532 -0.5124438 1.069569
11114245.2901 0.4316498 -0.5124384 1.069575
11114279.3679 0.4316248 -0.5124322 1.069554
11114312.3553 0.4315917 -0.5124812 1.069483
11114345.2881 0.4315869 -0.512567 1.069393
11114379.3807 0.4315645 -0.512561 1.069348
11114412.3521 0.4315608 -0.5125519 1.069374
11114445.3059 0.431548 -0.5125544 1.069318
11114479.3607 0.4315303 -0.5125943 1.069349
11114512.3486 0.4315105 -0.5126486 1.069309
11114545.306 0.4314949 -0.5126512 1.069313
11114579.3748 0.4314598 -0.5126731 1.069288
11114612.3479 0.43143 -0.5127451 1.069275
11114645.2869 0.4313703 -0.5126674 1.069178
11114679.3585 0.4312693 -0.5126773 1.069197
11114712.3566 0.4312439 -0.5127471 1.06917
11114745.2751 0.4311961 -0.5127408 1.069174
11114779.3849 0.431118 -0.5126974 1.069155
11114812.3465 0.4310139 -0.5126948 1.06911
11114845.2961 0.4309292 -0.5126756 1.069062
11114879.3481 0.4308531 -0.5126876 1.069014
11114912.3581 0.4308174 -0.5127127 1.068902
11114945.3398 0.430762 -0.5126713 1.068811
11114979.3757 0.430737 -0.5125138 1.068875
11115012.3521 0.4307014 -0.5124873 1.068862
11115045.2746 0.4306642 -0.5124525 1.068858
11115079.4157 0.4306128 -0.51243 1.068792
11115112.3419 0.4305964 -0.5124385 1.068778
11115145.2743 0.4305544 -0.5124556 1.068781
11115179.3747 0.4305106 -0.5124617 1.068717
11115212.3576 0.4305016 -0.5124235 1.068723
