11150512.2365 0.4239053 -0.5115082 1.083918
11150545.1258 0.4238281 -0.5113518 1.083662
11150579.2882 0.4237751 -0.5113606 1.083523
11150612.2362 0.42373 -0.5113401 1.083503
11150645.1678 0.4236654 -0.5112883 1.083453
11150679.2354 0.4236413 -0.5113137 1.083318
11150712.238 0.4235399 -0.5111409 1.082739
11150745.1396 0.4235047 -0.511317 1.082711
11150779.238 0.4234726 -0.5113497 1.082686
11150812.2237 0.423168 -0.511426 1.082531
11150845.1258 0.4231093 -0.511381 1.082491
11150879.2496 0.4230987 -0.5114683 1.082433
11150912.2349 0.4230799 -0.5115037 1.08248
11150945.1304 0.4228346 -0.5114646 1.082281
11150979.2168 0.4228343 -0.5115161 1.082416
11151012.2227 0.4228803 -0.5115826 1.082287
11151045.1449 0.4228519 -0.5115525 1.082183
11151079.2162 0.4227766 -0.5115187 1.082128
11151112.1243 0.422859 -0.5114149 1.081854
11151145.1393 0.4226701 -0.5113397 1.081729
11151179.2097 0.4224737 -0.5113213 1.08165
11151212.2094 0.4224826 -0.5113587 1.081563
11151245.1402 0.422458 -0.5113574 1.081555
11151279.239 0.4224659 -0.511373 1.081476
11151312.2165 0.4224449 -0.5113332 1.081474
11151345.1383 0.4221824 -0.5112475 1.081199
11151379.2186 0.422165 -0.5112414 1.081224
11151412.2089 0.422299 -0.5111712 1.081113
11151445.1413 0.4222717 -0.5112286 1.081161
11151479.208 0.4222582 -0.5112178 1.081123
11151512.225 0.4222167 -0.5111899 1.081164
11151545.1529 0.4221984 -0.5111459 1.081137
11151579.2131 0.4221884 -0.5111425 1.081123
11151612.2202 0.4221586 -0.5111604 1.08114
11151645.1263 0.4221881 -0.5111709 1.08117
11151679.2198 0.4223233 -0.5111146 1.081032
11151712.2166 0.4221279 -0.5111285 1.080963
11151745.1572 0.4221573 -0.5111787 1.081126
11151779.2051 0.4221621 -0.5111535 1.081059
11151812.2098 0.4218804 -0.5111196 1.080805
11151845.1323 0.4219259 -0.5111525 1.080874
11151879.2377 0.4219228 -0.5113436 1.081071
11151912.2337 0.4219599 -0.5114675 1.081011
11151945.1407 0.4216247 -0.5115407 1.080961
11151979.2058 0.4215448 -0.5115905 1.080966
11152012.2461 0.4216729 -0.5115142 1.080821
11152045.2007 0.4216888 -0.5115299 1.080801
11152079.2322 0.421838 -0.5116056 1.080696
11152112.2077 0.4218097 -0.5116342 1.080754
11152145.136 0.4218602 -0.5117478 1.080715
11152179.2134 0.4216437 -0.5117336 1.080215
11152212.2361 0.4217511 -0.5117496 1.08025
11152245.1423 0.4218532 -0.5117612 1.08036
11152279.2189 0.4218496 -0.5117523 1.08037
11152312.2083 0.4216673 -0.5118076 1.080459
11152345.1309 0.421575 -0.5118316 1.080445
11152379.203 0.42171 -0.5119715 1.080569
11152412.2163 0.4217847 -0.5120373 1.080711
11152445.1466 0.4218602 -0.5120375 1.080732
11152479.2446 0.4217253 -0.5119771 1.08065
11152512.2422 0.4218263 -0.5119509 1.08055
11152545.2034 0.4218697 -0.5119037 1.08051
11152579.2303 0.4216322 -0.5118884 1.08039
11152612.2021 0.4214777 -0.5119157 1.080191
11152645.1239 0.421469 -0.5119344 1.08022
11152679.2822 0.4214656 -0.5118646 1.080115
11152712.2269 0.4215551 -0.511831 1.080164
11152745.1466 0.4215408 -0.5117555 1.080259
11152779.2889 0.4216299 -0.5117437 1.080287
11152812.1424 0.4215971 -0.5117118 1.080228
11152845.1438 0.4215991 -0.5117254 1.080214
11152879.2717 0.4216794 -0.5117977 1.080433
11152912.2838 0.4216819 -0.5117862 1.080388
11152945.1505 0.4216855 -0.5117985 1.080409
11152979.2156 0.4215902 -0.5118205 1.080397
11153012.2268 0.4216931 -0.5118413 1.080341
11153045.1174 0.4218115 -0.5119074 1.080175
11153079.2157 0.4217847 -0.5119094 1.080119
11153112.2713 0.4218889 -0.511855 1.080044
11153145.1943 0.4218839 -0.5118837 1.080044
11153179.199 0.4218692 -0.5118446 1.080045
11153212.2 0.4218381 -0.5119844 1.080085
11153245.1414 0.4218466 -0.5119771 1.080066
11153279.2123 0.4219339 -0.5120546 1.080208
11153312.2092 0.4219545 -0.5119959 1.080074
11153345.1186 0.4219423 -0.5120101 1.08003
11153379.2178 0.4219199 -0.5120485 1.080131
11153412.2171 0.4218794 -0.512049 1.080057
11153445.1454 0.4219013 -0.5119505 1.079978
11153479.2171 0.4217093 -0.5117537 1.079669
11153512.2229 0.4217466 -0.5116774 1.079672
11153545.125 0.421814 -0.5116693 1.0797
11153579.2028 0.4215072 -0.5113333 1.079367
11153612.2136 0.421567 -0.5113913 1.079498
11153645.1296 0.4216761 -0.5113364 1.07962
11153679.198 0.4216944 -0.5113974 1.079591
11153712.215 0.4214543 -0.5113715 1.079425
11153745.1322 0.4214703 -0.5114574 1.079482
11153779.2256 0.4215971 -0.511586 1.079401
11153812.2311 0.4215265 -0.5115789 1.079296
11153845.1151 0.4215385 -0.5115831 1.079219
11153879.2102 0.42146 -0.5112678 1.079332
11153912.2173 0.4215321 -0.5111793 1.079139
11153945.1398 0.4215347 -0.5111468 1.079153
11153979.1996 0.4213378 -0.5109277 1.078717
11154012.1267 0.4212973 -0.5110854 1.078809
11154045.1153 0.4214043 -0.5110942 1.078789
11154079.196 0.4215184 -0.5110728 1.078632
11154112.22 0.4215415 -0.5111319 1.078707
11154145.1274 0.4214253 -0.5110941 1.07869
11154179.2007 0.4212553 -0.5110778 1.078513
11154212.2213 0.4214984 -0.5112821 1.078993
11154245.116 0.4215794 -0.5112227 1.078982
11154279.2033 0.421642 -0.5112593 1.078832
11154312.2116 0.4216782 -0.5112908 1.079033
11154345.1251 0.4216819 -0.5112714 1.078998
11154379.2214 0.4217498 -0.5112753 1.079093
11154412.2007 0.421785 -0.5113034 1.079222
11154445.1175 0.4218338 -0.5113281 1.079281
11154479.2015 0.4218281 -0.511489 1.079247
11154512.1926 0.421651 -0.5114186 1.07903
11154545.1278 0.4216421 -0.5114289 1.079112
11154579.2451 0.4216223 -0.5113411 1.079149
11154612.198 0.4215304 -0.5113081 1.079204
11154645.1399 0.4215831 -0.5113704 1.079363
11154679.2214 0.4216056 -0.5114006 1.079378
11154712.1333 0.4214778 -0.5113574 1.079214
11154745.1297 0.421352 -0.5113492 1.079118
11154779.2207 0.4212701 -0.5113006 1.079105
11154812.1227 0.421196 -0.51139 1.079288
11154845.1319 0.4211709 -0.5114374 1.079428
11154879.2286 0.4211796 -0.5114556 1.079438
11154912.2161 0.4211802 -0.511454 1.079439
11154945.1242 0.4212692 -0.5114633 1.079493
11154979.2062 0.42143 -0.5114877 1.079623
11155012.203 0.4214809 -0.5113927 1.079439
11155045.1145 0.4215594 -0.5113415 1.079529
11155079.2207 0.4216714 -0.511457 1.079825
11155112.222 0.4215382 -0.5114296 1.079699
11155145.1204 0.4213955 -0.5113879 1.079528
11155179.2097 0.4211662 -0.5113665 1.079393
11155212.2172 0.4210569 -0.5114248 1.079392
11155245.1845 0.421205 -0.511517 1.07962
11155279.2074 0.42136 -0.5115839 1.079636
11155312.1944 0.4214201 -0.5116412 1.079669
11155345.1412 0.4214703 -0.5116433 1.079628
11155379.1886 0.4215174 -0.5116058 1.079591
11155412.1087 0.4216038 -0.5116892 1.079665
11155445.1195 0.4216113 -0.5115451 1.07967
11155479.2166 0.4216605 -0.5115272 1.079656
11155512.2061 0.4214854 -0.5115216 1.079571
11155545.1373 0.4214483 -0.5113912 1.079637
11155579.1888 0.4214562 -0.5113077 1.079539
11155612.2046 0.4214455 -0.5113077 1.079616
11155645.185 0.4214024 -0.5112587 1.079463
11155679.2181 0.4213868 -0.5112647 1.079466
11155712.1908 0.4212075 -0.51133 1.079436
11155745.1876 0.4213744 -0.511501 1.079488
11155779.2228 0.4214212 -0.511541 1.079517
11155812.2163 0.4214985 -0.5117951 1.079315
11155845.1114 0.4215252 -0.5117816 1.079224
11155879.2147 0.4213134 -0.5117624 1.079138
11155912.2091 0.4212327 -0.5117607 1.079119
11155945.1095 0.4213032 -0.511838 1.07923
11155979.2037 0.4214058 -0.5118381 1.07932
11156012.201 0.421303 -0.511904 1.079033
11156045.1281 0.4213317 -0.5120012 1.078982
11156079.1948 0.4213453 -0.5119551 1.078929
11156112.1917 0.421404 -0.5120608 1.078943
11156145.1159 0.421384 -0.512016 1.078994
11156179.199 0.421398 -0.5120428 1.079003
11156212.1984 0.4213771 -0.5119857 1.078888
11156245.1221 0.4213771 -0.512042 1.078989
11156279.2184 0.4213846 -0.5120687 1.079033
11156312.2215 0.4213893 -0.5120392 1.079015
11156345.1317 0.4213938 -0.5120437 1.079008
11156379.2609 0.421395 -0.5120304 1.07901
11156412.1978 0.4213746 -0.5120665 1.079199
11156445.1212 0.4214238 -0.5121041 1.079159
11156479.2047 0.4214218 -0.512132 1.079152
11156512.2004 0.4214085 -0.5120879 1.079135
11156545.1459 0.4214353 -0.5120702 1.079135
11156579.2008 0.4214514 -0.5121232 1.079178
11156612.2108 0.4208707 -0.5120469 1.078694
11156645.1259 0.4210238 -0.512099 1.078831
11156679.2136 0.4210545 -0.5120914 1.078923
11156712.2133 0.4208038 -0.5120433 1.078723
11156745.1322 0.4207967 -0.5120253 1.07874
11156779.2338 0.4208148 -0.5120956 1.078703
11156812.2131 0.4209294 -0.5120937 1.0787
11156845.1315 0.4209898 -0.5121285 1.078711
11156879.1905 0.4209495 -0.512016 1.078715
11156912.2202 0.4210374 -0.5120325 1.07867
11156945.1226 0.4209298 -0.51188 1.078363
11156979.193 0.4209325 -0.511969 1.078384
11157012.1887 0.4208304 -0.5119576 1.078323
11157045.1141 0.4208418 -0.511971 1.078328
11157079.1866 0.4209967 -0.5119399 1.078365
11157112.1949 0.4209294 -0.5116758 1.078048
11157145.1278 0.4209702 -0.5117075 1.078106
11157179.2031 0.4212558 -0.5116699 1.078241
11157212.2012 0.4213941 -0.5116258 1.078267
11157245.1332 0.4215384 -0.5116092 1.078282
11157279.1938 0.4216135 -0.5116546 1.078264
11157312.1061 0.421491 -0.5116379 1.07823
11157345.1071 0.4215005 -0.5116677 1.07823
11157379.2169 0.4215057 -0.5117852 1.078298
11157412.2142 0.4216654 -0.5118515 1.078481
11157445.1318 0.421788 -0.5119212 1.078693
11157479.1908 0.4217942 -0.5119377 1.078767
11157512.2082 0.4216786 -0.5118857 1.078745
11157545.1217 0.4216593 -0.511767 1.078797
11157579.1946 0.4216535 -0.5117844 1.078841
11157612.1016 0.4216729 -0.5118071 1.078867
11157645.1982 0.4217478 -0.5118196 1.078917
11157679.1951 0.4218405 -0.5118659 1.078908
11157712.1912 0.4218684 -0.5117103 1.078862
11157745.1289 0.4214633 -0.5116863 1.078738
11157779.2113 0.4214502 -0.5116924 1.078783
11157812.2172 0.4215001 -0.5117844 1.078837
11157845.1065 0.4215515 -0.5118297 1.07886
11157879.1839 0.4216571 -0.5119437 1.078924
11157912.1996 0.4217644 -0.512094 1.078944
11157945.107 0.4218816 -0.5121624 1.079182
11157979.1893 0.4219835 -0.5123276 1.079144
11158012.2626 0.4220316 -0.5123247 1.079224
11158045.1272 0.4219744 -0.5123751 1.079341
11158079.2896 0.4219792 -0.5123703 1.079358
11158112.2266 0.4219988 -0.5123426 1.079301
11158145.1138 0.4219678 -0.5123612 1.079355
11158179.2155 0.4217476 -0.512264 1.079153
11158212.2086 0.4217285 -0.5122638 1.079182
11158245.1143 0.4217162 -0.5122672 1.079202
11158279.2111 0.421701 -0.5123065 1.079289
11158312.1098 0.4218336 -0.5123552 1.079506
11158345.1054 0.421899 -0.5123687 1.07953
11158379.1853 0.4219072 -0.5123516 1.079533
11158412.2068 0.4219952 -0.5123506 1.079596
11158445.1963 0.421815 -0.5124373 1.079741
11158479.2199 0.4218152 -0.5124658 1.07975
11158512.1991 0.421825 -0.512446 1.079724
11158545.1139 0.4218263 -0.5124388 1.079735
11158579.2168 0.4217584 -0.5124962 1.079778
11158612.1882 0.4217392 -0.5125736 1.079862
11158645.105 0.4217612 -0.5125894 1.079903
11158679.1898 0.421961 -0.5126316 1.080027
11158712.1074 0.4222224 -0.5126746 1.080329
11158745.1047 0.4222147 -0.5126715 1.08037
11158779.1985 0.4222327 -0.512704 1.080367
11158812.2053 0.4222411 -0.5126973 1.080431
11158845.1249 0.4221922 -0.5124706 1.080564
11158879.1888 0.4222465 -0.5125315 1.080789
11158912.1927 0.4222915 -0.5126132 1.080998
11158945.1054 0.4224326 -0.5126516 1.08136
11158979.2324 0.4225214 -0.5125064 1.081598
11159012.1911 0.4227268 -0.5127254 1.082022
11159045.1047 0.4228816 -0.5127677 1.082392
11159079.1796 0.4230388 -0.5129376 1.083281
11159112.1075 0.4230487 -0.5127912 1.083422
11159145.1027 0.4231401 -0.5128943 1.083895
11159179.1929 0.4231373 -0.5128415 1.084087
11159212.1208 0.4231346 -0.5127152 1.084239
11159245.0963 0.4232673 -0.5127818 1.08478
11159279.1708 0.4232735 -0.5127236 1.084973
11159312.1796 0.4233009 -0.512899 1.085334
11159345.1202 0.4233841 -0.5128388 1.085406
11159379.1948 0.4233894 -0.5128237 1.085557
11159412.1058 0.4232984 -0.5127828 1.086024
11159445.1121 0.4231437 -0.5129218 1.08664
11159479.2035 0.4227547 -0.5129138 1.086927
11159512.1339 0.4227524 -0.5131945 1.087484
11159545.1118 0.422787 -0.513108 1.088241
11159579.179 0.4228552 -0.5131806 1.088596
11159612.1114 0.4229826 -0.5133256 1.089771
11159645.0964 0.423223 -0.5134655 1.090294
11159679.1832 0.4237503 -0.5135643 1.091263
11159712.1132 0.4243894 -0.5138355 1.092468
11159745.1039 0.4251307 -0.5137403 1.093721
11159779.2047 0.4259572 -0.513863 1.095324
11159812.1067 0.4270146 -0.5138441 1.097281
11159845.1204 0.4279419 -0.5138302 1.098601
11159879.179 0.4290521 -0.5132954 1.10032
11159912.1335 0.4304437 -0.5131109 1.101719
11159945.1115 0.4325586 -0.5127043 1.10307
11159979.1828 0.4348041 -0.5126187 1.104434
11160012.0983 0.4375741 -0.5126373 1.105565
11160045.11 0.4420849 -0.5125764 1.105106
11160079.1956 0.4464348 -0.5124667 1.10421
11160112.1822 0.4505938 -0.5122151 1.103609
11160145.1282 0.4544068 -0.5114811 1.102866
11160179.2064 0.4566047 -0.510397 1.102676
11160212.1877 0.4583371 -0.5084571 1.102537
11160245.1016 0.4594675 -0.5068254 1.102787
11160279.2238 0.4607879 -0.5040546 1.10259
11160312.0987 0.461509 -0.5009312 1.10241
11160345.0927 0.462444 -0.4966645 1.100144
11160379.1824 0.4628716 -0.4935118 1.099366
11160412.1066 0.4628805 -0.4890876 1.097189
11160445.0978 0.4627624 -0.4836913 1.096035
11160479.192 0.4628876 -0.4809528 1.096535
11160512.1864 0.4627811 -0.4740311 1.098233
11160545.0897 0.4627714 -0.4703774 1.099829
11160579.1741 0.4630959 -0.465471 1.099642
11160612.0888 0.46459 -0.4507335 1.093145
11160645.0988 0.4649149 -0.4456529 1.095891
11160679.1816 0.4644599 -0.4405088 1.095698
11160712.1181 0.4650216 -0.4277742 1.093386
11160745.1182 0.4627399 -0.4264984 1.099034
11160779.2006 0.4621673 -0.4197742 1.101506
11160812.1983 0.4615656 -0.4139374 1.102933
11160845.1036 0.4609687 -0.4063083 1.105077
11160879.1699 0.4607361 -0.3978517 1.105053
11160912.1007 0.4611042 -0.3903044 1.106974
11160945.1189 0.4615886 -0.3803295 1.111081
11160979.1758 0.4617177 -0.3722177 1.112848
11161012.1086 0.460513 -0.3611157 1.106031
11161045.1231 0.4600145 -0.3596961 1.106536
11161079.1804 0.459914 -0.3508949 1.107616
11161112.0919 0.4597704 -0.3385447 1.105372
11161145.113 0.462708 -0.3435553 1.1034
11161179.2134 0.4621875 -0.3423741 1.103348
11161212.113 0.4620354 -0.34066 1.105228
11161245.1148 0.4618947 -0.3398341 1.106259
11161279.1844 0.4610541 -0.3399911 1.107828
11161312.1147 0.4548554 -0.3348229 1.097064
11161345.0976 0.4543074 -0.3394848 1.104321
11161379.2071 0.4557268 -0.3367692 1.104679
11161412.0902 0.4561184 -0.3371244 1.106027
11161445.0924 0.4562266 -0.3398663 1.108997
11161479.1863 0.4564744 -0.3415169 1.111583
11161512.099 0.4567889 -0.3425342 1.112195
11161545.0966 0.4572845 -0.3424328 1.112441
11161579.1999 0.457657 -0.3423122 1.11288
11161612.1816 0.4582829 -0.343641 1.114428
11161645.1263 0.4585591 -0.3443418 1.115145
11161679.1845 0.4585773 -0.3448372 1.115652
11161712.206 0.4590309 -0.3440721 1.115504
11161745.1026 0.4594406 -0.3429781 1.115508
11161779.1973 0.4592462 -0.3435371 1.115167
11161812.1219 0.4591429 -0.3438447 1.115275
11161845.1253 0.4593545 -0.3428105 1.114712
11161879.1991 0.4590951 -0.3432355 1.114596
11161912.0884 0.4592353 -0.342747 1.114592
11161945.1049 0.4593448 -0.3423893 1.114173
11161979.1783 0.4592326 -0.3432648 1.114218
11162012.0967 0.4592859 -0.3423587 1.11312
11162045.0969 0.4594153 -0.3416925 1.11188
11162079.2014 0.4595763 -0.3411273 1.111504
11162112.087 0.4597114 -0.3405395 1.111297
11162145.0908 0.4597787 -0.3401517 1.110774
11162179.1703 0.4598659 -0.3399761 1.110628
11162212.0982 0.4599341 -0.3399946 1.110532
11162245.1 0.4599923 -0.3402087 1.110145
11162279.1942 0.4602312 -0.3400903 1.110222
11162312.0843 0.4651442 -0.3428513 1.104548
11162345.1079 0.465124 -0.3434604 1.104041
11162379.1652 0.4655024 -0.343659 1.104809
11162412.1062 0.4654941 -0.34482 1.103861
11162445.092 0.4593437 -0.3563515 1.106171
11162479.176 0.4597104 -0.3540358 1.106927
11162512.0957 0.4606118 -0.3520435 1.10749
11162545.0958 0.4605792 -0.3534203 1.109131
11162579.1696 0.4604034 -0.3553038 1.110011
11162612.0896 0.4604564 -0.356716 1.110803
11162645.0939 0.4606034 -0.3586109 1.111528
11162679.1684 0.4608086 -0.3615768 1.112745
11162712.0857 0.4610449 -0.3623439 1.11283
11162745.1236 0.4610717 -0.3638846 1.112589
11162779.1932 0.4610479 -0.3656696 1.112374
11162812.1892 0.4605691 -0.3679732 1.11117
11162845.1122 0.4594649 -0.3736785 1.110898
11162879.1913 0.4589913 -0.376012 1.10954
11162912.1081 0.4586323 -0.3775043 1.108616
11162945.1099 0.4579493 -0.3812903 1.109025
11162979.17 0.4556379 -0.3875616 1.104281
11163012.0934 0.4561805 -0.387599 1.103928
11163045.0981 0.4549253 -0.392033 1.0988
11163079.1693 0.4548525 -0.3935459 1.097617
11163112.0796 0.4549816 -0.3946995 1.096354
11163145.12 0.4551486 -0.3951063 1.096288
11163179.181 0.4559526 -0.3984633 1.096362
11163212.0818 0.4564277 -0.4033587 1.096113
11163245.0918 0.4568249 -0.4159061 1.111019
11163279.1737 0.4569874 -0.4190068 1.108613
11163312.1061 0.4572807 -0.422003 1.107265
11163345.0857 0.4560228 -0.429528 1.09932
11163379.1935 0.4576133 -0.4312805 1.096012
11163412.0923 0.4583395 -0.4337553 1.097326
11163445.0937 0.4590725 -0.4334753 1.096961
11163479.1793 0.4595084 -0.4339934 1.096889
11163512.1671 0.4601924 -0.4352254 1.096777
11163545.1586 0.4609348 -0.4374819 1.096373
11163579.1819 0.4615679 -0.4446666 1.101202
11163612.1693 0.4610204 -0.4522999 1.103522
11163645.0898 0.4602638 -0.4576863 1.100649
11163679.1886 0.4596286 -0.4625387 1.097869
11163712.1025 0.4590646 -0.4690022 1.095813
11163745.0924 0.4580795 -0.4739988 1.093307
11163779.187 0.4579491 -0.4744376 1.093606
11163812.1868 0.4577041 -0.475493 1.093993
11163845.0929 0.4575668 -0.4772275 1.095249
11163879.1917 0.4572834 -0.4786993 1.096147
11163912.0982 0.457161 -0.4804796 1.098201
11163945.0869 0.456869 -0.4823041 1.100702
11163979.1754 0.4565322 -0.4862637 1.101244
11164012.1 0.4560092 -0.4886841 1.102737
11164079.1681 0.4556531 -0.4925221 1.102857
11164112.1625 0.4553071 -0.4950516 1.102761
11164145.0863 0.4548229 -0.4968581 1.102959
11164179.1703 0.4542999 -0.4981147 1.103173
11164212.1795 0.4538786 -0.4997562 1.103219
11164245.0983 0.453293 -0.500946 1.103279
11164279.1749 0.4524833 -0.5025543 1.103443
11164312.1775 0.4514398 -0.5037782 1.103774
11164345.103 0.4500523 -0.505261 1.104686
11164379.1742 0.4496111 -0.5062082 1.104534
11164412.0898 0.4484688 -0.506785 1.104621
11164445.0838 0.4476847 -0.5074724 1.104642
11164479.1908 0.4471558 -0.5078663 1.104511
11164512.1027 0.4465379 -0.5090181 1.104423
11164545.0847 0.446054 -0.5096048 1.104236
11164579.165 0.4456032 -0.5103471 1.104419
11164612.0901 0.4452832 -0.5108548 1.104377
11164645.0783 0.4449687 -0.5112476 1.104481
11164679.1689 0.4447635 -0.5116201 1.104447
11164712.0811 0.4445211 -0.5121856 1.104518
11164745.1166 0.4443088 -0.5130326 1.104415
11164779.1833 0.4441425 -0.5132065 1.104411
11164812.0866 0.4440101 -0.5136023 1.104172
11164845.1015 0.4437215 -0.5136432 1.103805
11164879.1707 0.4435406 -0.5137814 1.103289
11164912.0933 0.4434107 -0.5141204 1.102926
11164945.1078 0.4433967 -0.5149217 1.102314
11164979.1586 0.443204 -0.5153387 1.101491
11165012.0852 0.4430198 -0.5155137 1.101022
11165045.0739 0.4427404 -0.515494 1.100559
11165079.1886 0.4425756 -0.5155253 1.100364
11165112.0911 0.4423049 -0.5154795 1.099881
11165145.0769 0.4422058 -0.5157506 1.099682
11165179.1551 0.4421371 -0.5161852 1.099536
11165212.0818 0.4420544 -0.5163227 1.099304
11165245.0766 0.4421456 -0.5167476 1.099193
11165279.1864 0.442145 -0.5168062 1.099231
11165312.0979 0.4421844 -0.5169755 1.09923
11165345.0882 0.4421246 -0.5170559 1.099298
11165379.1648 0.4420497 -0.5171145 1.099368
11165412.0849 0.441968 -0.5172554 1.099366
11165445.0817 0.441871 -0.5173284 1.099387
11165479.1592 0.4417234 -0.5175502 1.099504
11165512.0723 0.4416125 -0.5175875 1.099514
11165545.079 0.4415009 -0.5176365 1.099483
11165579.1613 0.4414401 -0.5176839 1.09936
11165612.0901 0.4413086 -0.5179067 1.099408
11165645.0762 0.4412262 -0.5181195 1.099394
11165679.1635 0.4411038 -0.5181949 1.099322
11165712.0709 0.4409161 -0.5181965 1.099212
11165745.0784 0.440708 -0.5181882 1.099098
11165779.1554 0.4404918 -0.5186402 1.098977
11165812.069 0.44029 -0.5187277 1.098881
11165845.0863 0.4400246 -0.5187988 1.098521
11165879.1863 0.4398374 -0.5187892 1.098385
11165912.0687 0.4397287 -0.5188897 1.098111
11165945.077 0.4395835 -0.5189075 1.097984
11165979.1586 0.4394332 -0.51902 1.097869
11166012.0758 0.4392609 -0.5190283 1.097625
11166045.0899 0.4391175 -0.5190893 1.097658
11166079.1513 0.4388912 -0.5191627 1.097628
11166112.096 0.4388028 -0.5191776 1.097599
11166145.0896 0.438719 -0.5192705 1.097585
11166179.1641 0.4386463 -0.5193646 1.097511
11166212.0682 0.4385568 -0.5193254 1.097394
11166245.0684 0.438428 -0.5192993 1.097353
11166279.1528 0.4382305 -0.519175 1.096935
11166312.0831 0.4382038 -0.5194649 1.096793
11166345.0972 0.438109 -0.5194667 1.096793
11166379.1595 0.4380565 -0.5195439 1.096719
11166412.1584 0.4379687 -0.5195111 1.09669
11166445.0768 0.437846 -0.5195278 1.096582
11166479.1678 0.437663 -0.519497 1.096524
11166512.0735 0.4374897 -0.5194585 1.096346
11166545.0769 0.4374254 -0.5194771 1.096375
11166579.1823 0.4373832 -0.5194845 1.096297
11166612.0786 0.4372491 -0.5194106 1.096082
11166645.1407 0.4371631 -0.5194802 1.096123
11166679.1606 0.4371219 -0.5194698 1.096082
11166712.0844 0.4369745 -0.519378 1.095851
11166745.0928 0.4369125 -0.5193275 1.095811
11166779.1694 0.4368552 -0.5192818 1.095764
11166812.094 0.4368534 -0.5192431 1.095708
11166845.0744 0.436793 -0.5191715 1.095498
11166879.1629 0.4367115 -0.5190464 1.095512
11166912.0793 0.4366589 -0.5189103 1.09526
11166945.0881 0.43659 -0.5188283 1.095315
11166979.1651 0.4365692 -0.5187544 1.095343
11167012.0774 0.436487 -0.5186385 1.095112
11167045.0792 0.4364112 -0.5184331 1.095016
11167079.1574 0.4363405 -0.5183569 1.094914
11167112.1289 0.4363397 -0.5183252 1.094803
11167145.092 0.4363208 -0.5183135 1.094801
11167179.1752 0.4362904 -0.5182572 1.094764
11167212.1532 0.4362532 -0.5182176 1.094698
11167245.0647 0.4361863 -0.5182282 1.094732
11167279.1729 0.4361682 -0.5182006 1.094675
11167312.1582 0.4361816 -0.5180874 1.094398
11167345.0952 0.4361962 -0.5181246 1.094289
11167379.164 0.4361661 -0.5180699 1.094314
11167412.0915 0.4361479 -0.518082 1.094343
11167445.0904 0.4361064 -0.5180032 1.09413
11167479.1547 0.4361135 -0.5179855 1.094098
11167512.0715 0.4360888 -0.5179735 1.094124
11167545.0782 0.4360545 -0.5178866 1.09412
11167579.1589 0.4359683 -0.5178753 1.094056
11167612.0781 0.435962 -0.5178785 1.094032
11167645.0816 0.4359641 -0.5178763 1.094018
11167679.1709 0.4359716 -0.5178719 1.093965
11167712.1649 0.4359434 -0.5178707 1.09403
11167745.0645 0.4359699 -0.5178285 1.093945
11167779.1636 0.435957 -0.5178277 1.09395
11167812.085 0.435955 -0.5178254 1.093951
11167845.0658 0.4359575 -0.5178103 1.093881
11167879.1519 0.4359518 -0.5177998 1.09387
11167912.0691 0.4359363 -0.5178136 1.093863
11167945.0811 0.435898 -0.5177401 1.093886
11167979.1598 0.4358988 -0.5177385 1.093887
11168012.0721 0.4358571 -0.5177016 1.093855
11168045.0841 0.4358423 -0.5176789 1.093796
11168079.1661 0.4358557 -0.5177348 1.093783
11168112.089 0.4358531 -0.5177471 1.093801
11168145.1409 0.4358335 -0.5176574 1.093668
11168179.1551 0.4358566 -0.5176373 1.093557
11168212.0752 0.4358456 -0.5177338 1.093678
11168245.0741 0.4358256 -0.5176991 1.093642
11168279.1478 0.4358128 -0.5176754 1.093599
11168312.1192 0.4358083 -0.5177389 1.093608
11168345.0779 0.4357619 -0.5178121 1.093743
11168379.164 0.4357469 -0.5178155 1.093751
11168412.0644 0.4357297 -0.5178089 1.093729
11168445.0883 0.4357288 -0.5178476 1.093698
11168479.1698 0.4357173 -0.5178218 1.093646
11168512.0665 0.4357035 -0.5177833 1.093696
11168545.0917 0.4356794 -0.5177324 1.093661
11168579.147 0.4356704 -0.5177037 1.093711
11168612.0954 0.4356764 -0.5176026 1.093408
11168645.0639 0.435676 -0.5175394 1.093318
11168679.1479 0.4356292 -0.5175753 1.093387
11168712.0775 0.4356211 -0.5176163 1.093415
11168745.0768 0.4356249 -0.5176658 1.093464
11168779.148 0.4355842 -0.5177069 1.093521
11168812.0751 0.4355861 -0.5177444 1.093634
11168845.0798 0.4355735 -0.5177677 1.093673
11168879.1498 0.4355773 -0.5177923 1.093665
11168912.0732 0.4355642 -0.5177769 1.093614
11168945.0873 0.4355342 -0.5178565 1.093796
11168979.1598 0.4355146 -0.5178815 1.093827
11169012.0676 0.4355161 -0.5178911 1.093826
11169045.0574 0.4354962 -0.5178571 1.093841
11169079.1829 0.4354683 -0.5178946 1.093889
11169112.0714 0.4354792 -0.5178992 1.093876
11169145.0617 0.4354717 -0.5179008 1.093881
11169179.1543 0.4354395 -0.5179666 1.094012
11169212.0723 0.4353944 -0.5178532 1.093871
11169245.0618 0.4353665 -0.5178184 1.093826
11169279.2258 0.4353724 -0.5178405 1.093828
11169312.0827 0.4353086 -0.5178272 1.093837
11169345.0853 0.4352947 -0.5178083 1.093848
11169379.1529 0.4352941 -0.5178094 1.09385
11169412.0693 0.4352912 -0.5178013 1.093843
11169445.0719 0.4352619 -0.5177306 1.093721
11169479.1649 0.4352507 -0.5177104 1.09373
11169512.1318 0.4351711 -0.5176124 1.093622
11169545.0671 0.4351335 -0.5176481 1.093672
11169579.172 0.4351248 -0.5177221 1.093619
11169612.0728 0.4350982 -0.5176815 1.093592
11169645.0758 0.4350685 -0.5175954 1.093382
11169679.1664 0.4350329 -0.5176107 1.093403
11169712.0647 0.4350133 -0.5175795 1.093328
11169745.062 0.4350022 -0.517584 1.093401
11169779.1731 0.4349707 -0.5176257 1.093493
11169812.0583 0.4349511 -0.5175994 1.093408
11169845.0904 0.4349259 -0.5175893 1.093378
11169879.1687 0.4349159 -0.5175827 1.093365
11169912.0986 0.4348947 -0.5175563 1.093285
11169945.0721 0.4348926 -0.5175266 1.093273
11169979.159 0.4348929 -0.5175209 1.093282
11170012.0655 0.4348964 -0.5175859 1.093173
11170045.0739 0.4348316 -0.5177207 1.093386
11170079.1537 0.4348164 -0.517714 1.093363
11170112.0529 0.4346807 -0.5175971 1.093226
11170145.0588 0.4346309 -0.517567 1.093123
11170179.1572 0.4346183 -0.5175018 1.093121
11170212.1454 0.4345539 -0.5174505 1.09306
11170245.0536 0.4345234 -0.5174608 1.093051
11170279.1667 0.4344994 -0.5174384 1.09309
11170312.0655 0.4344766 -0.5174268 1.093066
11170345.0582 0.4344309 -0.5175049 1.093132
11170379.1566 0.4344145 -0.5175148 1.093122
11170412.0824 0.4343989 -0.517574 1.093025
11170445.0563 0.4343771 -0.5175848 1.092996
11170479.1764 0.434337 -0.5175131 1.092779
11170512.0797 0.4342778 -0.5174266 1.092838
11170545.1361 0.434246 -0.5173987 1.092807
11170579.2155 0.4341579 -0.5175144 1.092938
11170612.0515 0.4341514 -0.5175037 1.092961
11170645.13 0.4341633 -0.5175355 1.092948
11170679.145 0.4341452 -0.5175067 1.092876
