11206144.9459 0.4343727 -0.5042626 1.065424
11206179.0348 0.4343556 -0.5043322 1.065393
11206211.9442 0.4343582 -0.5043265 1.065315
11206244.9986 0.4343551 -0.5043612 1.065256
11206279.0099 0.4343536 -0.5043762 1.065228
11206311.9366 0.4343174 -0.504409 1.065064
11206344.9548 0.4342859 -0.5044391 1.064942
11206379.0108 0.4342788 -0.5044402 1.064963
11206411.9453 0.4342481 -0.5041795 1.064978
11206444.9364 0.4342055 -0.5042428 1.064917
11206479.0278 0.4341421 -0.5042055 1.064884
11206511.9401 0.4341143 -0.5042027 1.064855
11206544.9505 0.434047 -0.5041302 1.064833
11206579.0156 0.4340524 -0.5041674 1.064825
11206611.934 0.4340158 -0.5041685 1.064813
11206644.9256 0.4339863 -0.5041667 1.064735
11206679.0149 0.4339427 -0.5041685 1.06477
11206711.9231 0.4338992 -0.504144 1.064605
11206744.9335 0.4338239 -0.504039 1.064611
11206779.0183 0.4338032 -0.5040552 1.064535
11206811.9363 0.4337647 -0.5040009 1.064478
11206844.9225 0.4337552 -0.5039939 1.064494
11206879.0291 0.4337527 -0.5040058 1.064478
11206911.9205 0.4337367 -0.504096 1.064502
11206944.9186 0.4337192 -0.504101 1.064508
11206979.0424 0.4336873 -0.5040088 1.064523
11207011.9354 0.4336274 -0.504059 1.064435
11207044.9396 0.4335358 -0.5037483 1.064528
11207079.0154 0.4334937 -0.5035901 1.064587
11207111.9351 0.4334372 -0.5035124 1.064612
11207144.9422 0.433368 -0.5033981 1.064633
11207179.0303 0.4332911 -0.5034032 1.064648
11207211.9368 0.4332154 -0.5032206 1.064672
11207244.9895 0.4331488 -0.5032417 1.064646
11207278.9984 0.4330289 -0.5033488 1.064595
11207311.9513 0.432988 -0.5033672 1.064602
11207344.9338 0.4328991 -0.5034154 1.064721
11207379.0133 0.4328393 -0.5034338 1.064729
11207411.9387 0.4327823 -0.5034438 1.06474
11207444.9368 0.4327432 -0.5033955 1.064761
11207478.9966 0.4326382 -0.5030612 1.064857
11207511.9167 0.4325563 -0.5030617 1.064926
11207544.9238 0.4324426 -0.5027367 1.064947
11207579.0411 0.4323241 -0.5025309 1.064967
11207611.9283 0.4321362 -0.5025152 1.064818
11207644.9313 0.4320539 -0.5023298 1.064851
11207679.0112 0.4319735 -0.5021858 1.064916
11207711.9518 0.4318693 -0.5021868 1.064902
11207744.9319 0.4318072 -0.5021514 1.064896
11207779.0007 0.4317469 -0.5021437 1.064878
11207811.9175 0.4316881 -0.502139 1.064892
11207844.9188 0.4316191 -0.5020282 1.064946
11207879.0078 0.431562 -0.5020505 1.064919
11207911.9283 0.4314971 -0.5019603 1.06493
11207944.9321 0.4314213 -0.5019513 1.064788
11207979.012 0.4313949 -0.5019819 1.064764
11208011.9198 0.4313384 -0.5020164 1.064753
11208044.9285 0.4312688 -0.5019915 1.064804
11208079.022 0.4311848 -0.502004 1.06474
11208111.91 0.4311117 -0.5020359 1.064725
11208145.0391 0.4310399 -0.5019243 1.064785
11208179.0135 0.4309639 -0.5019605 1.064721
11208211.9167 0.4308859 -0.5020494 1.064692
11208244.9555 0.4308468 -0.5020534 1.064718
11208279.0177 0.4308068 -0.5021728 1.06465
11208311.955 0.4307261 -0.5021528 1.064638
11208344.9149 0.4306389 -0.5021729 1.064617
11208378.9948 0.4305544 -0.502194 1.064607
11208412.0015 0.4304641 -0.5021279 1.064613
11208444.9118 0.4304191 -0.5021756 1.064563
11208479.0196 0.4303525 -0.5023128 1.064422
11208511.943 0.4302398 -0.5023839 1.064436
11208544.9098 0.4301128 -0.5021911 1.064397
11208579.0033 0.4300365 -0.5021372 1.06436
11208611.916 0.4299831 -0.5019851 1.064373
11208644.9178 0.4299083 -0.5020162 1.064321
11208678.9931 0.4298536 -0.502037 1.064276
11208711.9239 0.4298058 -0.5019807 1.064268
11208744.9388 0.4297387 -0.5019731 1.064248
11208779.0204 0.4296994 -0.501921 1.064275
11208811.9384 0.4296341 -0.5020615 1.064163
11208844.9874 0.4295385 -0.5021517 1.064036
11208879.0225 0.4294753 -0.5022963 1.063933
11208911.9356 0.4294277 -0.5023291 1.063913
11208944.9584 0.4293866 -0.5024046 1.063907
11208979.0202 0.4293147 -0.5024115 1.063875
11209011.9399 0.429295 -0.5024065 1.063871
11209044.9503 0.4292423 -0.5024008 1.063904
11209079.0659 0.4291669 -0.5024001 1.063842
11209111.9334 0.4291188 -0.5025506 1.063834
11209144.9241 0.4290906 -0.502616 1.063811
11209178.9892 0.4290176 -0.5025844 1.063754
11209211.9081 0.4289714 -0.5024698 1.063812
11209244.9468 0.4289174 -0.5024763 1.063803
11209278.9939 0.4287905 -0.5024739 1.06354
11209311.9337 0.4287436 -0.5024549 1.063553
11209344.9437 0.4287179 -0.5024548 1.063558
11209379.0236 0.4287049 -0.502482 1.063547
11209411.9437 0.428684 -0.502444 1.063605
11209444.9089 0.4286544 -0.5024067 1.063638
11209478.9949 0.428593 -0.5024283 1.063712
11209511.9196 0.4285923 -0.5024104 1.063717
11209544.932 0.4285538 -0.5024058 1.063818
11209579.0283 0.428544 -0.5023967 1.063816
11209611.9061 0.4285064 -0.5023802 1.063778
11209644.9338 0.4285066 -0.5024016 1.063733
11209679.0133 0.4284988 -0.5023946 1.063735
11209711.9194 0.4284697 -0.5024451 1.063734
11209744.9171 0.4284506 -0.5024416 1.063752
11209779.0027 0.4284449 -0.5024259 1.063767
11209811.922 0.428454 -0.5025841 1.063735
11209844.9422 0.4284619 -0.5025931 1.063718
11209878.9963 0.4284652 -0.5026747 1.063706
11209911.9118 0.4284554 -0.5024233 1.063765
11209944.9563 0.4284504 -0.5023752 1.063774
11209979.0169 0.428451 -0.502407 1.063776
11210011.9317 0.4284436 -0.5023885 1.063777
11210044.9339 0.428436 -0.5023952 1.063776
11210078.9912 0.4284388 -0.5023982 1.063772
11210111.9162 0.4284601 -0.502332 1.063742
11210144.9352 0.4284243 -0.5022835 1.063792
11210179.0143 0.4284283 -0.502382 1.063759
11210211.9036 0.4284265 -0.502384 1.063754
11210244.9218 0.4284275 -0.5024502 1.063736
11210279.0661 0.428429 -0.5024032 1.063767
11210311.9095 0.4284208 -0.5025735 1.063735
11210344.9667 0.4284112 -0.502522 1.063761
11210379.0548 0.4283675 -0.5024424 1.063718
11210411.9354 0.4283558 -0.502422 1.06369
11210444.9344 0.4283781 -0.5024329 1.063667
11210479.0643 0.4283825 -0.5023056 1.063649
11210511.9204 0.4283846 -0.5023107 1.063646
11210544.9296 0.4283903 -0.5024042 1.063622
11210579.0218 0.428395 -0.5023664 1.063576
11210611.9328 0.4283983 -0.5024264 1.06356
11210644.9289 0.4283962 -0.5024837 1.063559
11210679.0592 0.4284022 -0.5024858 1.063591
11210711.9124 0.4283993 -0.5025858 1.063635
11210744.9097 0.428383 -0.5025159 1.063642
11210779.0109 0.4283785 -0.5025744 1.063658
11210811.9117 0.4283741 -0.502572 1.063653
11210844.9451 0.4283461 -0.502586 1.06362
11210879.0123 0.4283293 -0.502441 1.063663
11210911.9073 0.4283296 -0.5025578 1.063631
11210944.9095 0.4283013 -0.5025411 1.063616
11210978.9943 0.4282813 -0.5024334 1.063649
11211011.9243 0.4282675 -0.5024421 1.063611
11211044.9294 0.4282417 -0.5024214 1.063577
11211078.9842 0.4282285 -0.5024257 1.063594
11211112.0176 0.4282175 -0.5024253 1.063612
11211144.9114 0.4282122 -0.5024632 1.063603
11211178.9954 0.4281938 -0.5024606 1.063566
11211211.9036 0.4281583 -0.5025716 1.063507
11211244.9247 0.4281465 -0.5025461 1.063491
11211278.9869 0.4281407 -0.5026248 1.063499
11211311.916 0.4281445 -0.5027497 1.063473
11211344.9047 0.428131 -0.5025827 1.063517
11211378.9903 0.4281337 -0.5027047 1.063563
11211411.9264 0.4281188 -0.5026644 1.063573
11211444.9282 0.4281156 -0.502655 1.063565
11211478.9982 0.4280922 -0.5026674 1.06353
11211511.9196 0.4280824 -0.5026298 1.063539
11211544.909 0.4280729 -0.5025598 1.063475
11211578.9934 0.4280688 -0.5025274 1.063482
11211611.9369 0.4280607 -0.5024431 1.063479
11211644.9096 0.4280577 -0.5024443 1.063479
11211678.9968 0.4280478 -0.5023757 1.063424
11211711.9284 0.4280444 -0.5024544 1.063401
11211744.9261 0.4280339 -0.5024766 1.063432
11211778.9904 0.4280366 -0.5025403 1.063415
11211811.9035 0.4280441 -0.5025201 1.063417
11211844.9377 0.4280364 -0.5024963 1.063418
11211878.9946 0.4280278 -0.502499 1.063442
11211911.8995 0.4280256 -0.5025521 1.063428
11211944.9075 0.4280378 -0.5026963 1.063377
11211978.9857 0.4280196 -0.5026548 1.063391
11212011.9165 0.4279937 -0.5026031 1.063437
11212044.901 0.4279865 -0.5026667 1.063391
11212078.9899 0.4279889 -0.5026978 1.063386
11212111.9297 0.4279544 -0.5026948 1.06337
11212144.9077 0.4279369 -0.5026612 1.06336
11212179.0131 0.4279422 -0.502714 1.063325
11212211.9102 0.427935 -0.5027965 1.063426
11212244.9419 0.4279304 -0.5027842 1.063431
11212278.9836 0.4279054 -0.5027785 1.063443
11212311.9292 0.4279054 -0.5027755 1.063447
11212344.9227 0.4279036 -0.5028299 1.06344
11212378.9796 0.4278533 -0.5027544 1.063386
11212411.917 0.4277871 -0.5027376 1.063351
11212444.9089 0.4277848 -0.5028828 1.063291
11212479.052 0.4277764 -0.5028377 1.063291
11212511.9208 0.4277327 -0.5029004 1.06326
11212544.916 0.4277337 -0.5029132 1.063259
11212578.9786 0.4277294 -0.5029522 1.063239
11212611.9008 0.4277164 -0.5030837 1.063176
11212644.9112 0.4277224 -0.5031559 1.063141
11212678.9981 0.4276962 -0.503089 1.063049
11212711.8948 0.4276714 -0.5030085 1.063016
11212744.9171 0.4276507 -0.5029728 1.063019
11212778.9933 0.4276437 -0.5029663 1.063027
11212811.908 0.4276434 -0.5029558 1.062981
11212844.9139 0.4276315 -0.5029355 1.062994
11212879.0102 0.4276175 -0.5029115 1.06299
11212911.9036 0.4276192 -0.5029275 1.062982
11212944.9358 0.4276383 -0.5029745 1.06296
11212978.9976 0.4276462 -0.5029359 1.062917
11213011.9152 0.4276662 -0.5030267 1.062891
11213044.9203 0.4276712 -0.5030357 1.062896
11213078.983 0.4276815 -0.5029649 1.062866
11213111.9232 0.427665 -0.5027422 1.062924
11213144.9069 0.427682 -0.5028258 1.062864
11213178.9827 0.4276807 -0.5028128 1.062861
11213211.8991 0.4276905 -0.5028413 1.062852
11213244.9025 0.427703 -0.5028543 1.062904
11213278.9787 0.4277268 -0.5028663 1.062886
11213311.9 0.4277297 -0.5029076 1.062869
11213344.9018 0.4277321 -0.5030416 1.06282
11213378.9747 0.4277479 -0.5030208 1.062855
11213411.972 0.4277478 -0.5029579 1.062864
11213444.9027 0.427736 -0.5029369 1.062862
11213478.9962 0.4277284 -0.5028668 1.062879
11213511.9019 0.4277841 -0.5029896 1.062872
11213544.909 0.4278415 -0.5030719 1.062848
11213578.975 0.4278632 -0.5030377 1.062848
11213611.9287 0.4279158 -0.5030368 1.062802
11213644.9133 0.4279485 -0.5032043 1.062707
11213678.9816 0.4279817 -0.5033891 1.062633
11213711.9079 0.4280369 -0.5036411 1.062565
11213744.9035 0.4280749 -0.5039709 1.062471
11213778.9768 0.4281577 -0.5044009 1.062364
11213811.938 0.4281827 -0.5044296 1.06241
11213844.8979 0.4282122 -0.5044602 1.0624
11213878.9798 0.4282197 -0.5043718 1.062418
11213911.8954 0.4282711 -0.5043104 1.062509
11213944.9087 0.4282793 -0.5041763 1.062534
11213979.0005 0.4282762 -0.5041065 1.062579
11214011.8857 0.4282784 -0.5041252 1.062556
11214044.8969 0.4282649 -0.5040028 1.062584
11214078.9772 0.4282602 -0.5039687 1.062558
11214111.9039 0.428273 -0.5039641 1.062573
11214144.9077 0.4282615 -0.5040156 1.062547
11214178.9761 0.4282521 -0.5039501 1.062581
11214211.8929 0.4282508 -0.5039333 1.062582
11214244.891 0.4282843 -0.5041022 1.062509
11214278.9758 0.428285 -0.5040187 1.062523
11214311.9222 0.4282884 -0.5040155 1.062535
11214344.9022 0.4282898 -0.5039625 1.062561
11214378.9669 0.4282852 -0.5039747 1.06257
11214411.9235 0.428273 -0.5039953 1.062536
11214444.8995 0.4282579 -0.5039371 1.062546
11214478.9826 0.4282779 -0.5039634 1.062517
11214511.8892 0.42827 -0.5038592 1.06256
11214544.8984 0.4282706 -0.5038819 1.06258
11214578.9844 0.4282669 -0.5038761 1.062579
11214611.9197 0.4282666 -0.5038577 1.062547
11214644.8964 0.4282655 -0.5039256 1.062525
11214678.9845 0.428245 -0.5038638 1.062459
11214711.9087 0.4282465 -0.5038605 1.062429
11214744.938 0.4282373 -0.5038008 1.062443
11214778.9871 0.4282368 -0.5039379 1.062364
11214811.8883 0.428239 -0.5039547 1.062373
11214844.8922 0.4282397 -0.5039518 1.062345
11214878.9794 0.4282307 -0.5039747 1.062338
11214911.8897 0.4282086 -0.503948 1.062381
11214944.8956 0.4281643 -0.5040352 1.062408
11214978.9853 0.4281166 -0.5041906 1.062453
11215011.9136 0.428102 -0.504185 1.062472
11215044.9133 0.4281412 -0.5043312 1.062563
11215078.978 0.428146 -0.5044568 1.062725
11215111.9215 0.4282952 -0.5045831 1.062863
11215144.8888 0.4285086 -0.504779 1.062981
11215178.9716 0.4286857 -0.5047976 1.063142
11215211.9204 0.4288282 -0.5048703 1.063381
11215244.9238 0.4289229 -0.5048752 1.063499
11215278.9676 0.429062 -0.5050415 1.063686
11215311.9271 0.4292088 -0.5052123 1.063929
11215344.8911 0.4293803 -0.505394 1.064012
11215378.9924 0.4295408 -0.5055786 1.064248
11215411.8878 0.4296812 -0.5057342 1.064432
11215444.9134 0.4299096 -0.5058369 1.064959
11215478.9995 0.4302257 -0.5060472 1.065389
11215511.9118 0.4304253 -0.5063105 1.065535
11215544.9115 0.4307063 -0.5065635 1.065739
11215578.9721 0.4308902 -0.5066593 1.066141
11215611.8971 0.4309654 -0.5068367 1.066324
11215644.8981 0.431111 -0.5070443 1.066551
11215678.973 0.4311444 -0.5070475 1.066609
11215711.8853 0.431193 -0.5071731 1.066622
11215744.9019 0.431339 -0.5073149 1.066768
11215778.983 0.4314528 -0.5072016 1.066915
11215811.8842 0.4318191 -0.507328 1.0674
11215844.8893 0.4322408 -0.5072824 1.067727
11215879.0427 0.4328544 -0.5073527 1.068005
11215911.893 0.4335904 -0.5073518 1.068412
11215944.8988 0.4346033 -0.5071338 1.069081
11215979.0436 0.4359637 -0.5070459 1.069553
11216011.9103 0.4373757 -0.5067472 1.070064
11216044.9105 0.4387206 -0.506731 1.070622
11216078.9764 0.4399225 -0.506689 1.071133
11216111.8981 0.4411336 -0.5056005 1.071749
11216144.8933 0.4424006 -0.5055047 1.07258
11216178.9938 0.4434707 -0.5045405 1.073716
11216211.8855 0.444707 -0.5042677 1.074349
11216244.891 0.445876 -0.5035724 1.075363
11216278.9869 0.4472738 -0.5041577 1.076608
11216311.9041 0.4485492 -0.5040824 1.077643
11216344.9002 0.4495193 -0.5038996 1.078646
11216378.9751 0.4507735 -0.5049872 1.079601
11216411.8948 0.4518318 -0.5065999 1.080022
11216444.8888 0.452563 -0.5059166 1.081272
11216478.972 0.4532771 -0.5064248 1.081839
11216511.9068 0.4540301 -0.5057985 1.082792
11216544.9066 0.454769 -0.503743 1.084569
11216578.9667 0.4554007 -0.5023466 1.085952
11216611.9197 0.456066 -0.5002559 1.087478
11216644.8853 0.4562611 -0.498455 1.088641
11216678.966 0.4565354 -0.4960093 1.090352
11216711.8964 0.4565568 -0.4960104 1.09037
11216744.8896 0.4565797 -0.4956975 1.089573
11216778.9777 0.4565183 -0.4959106 1.087862
11216811.8969 0.4568245 -0.4939445 1.085526
11216844.9008 0.4571432 -0.4910913 1.083368
11216878.9725 0.4571867 -0.4871615 1.081332
11216911.9012 0.4574101 -0.4807099 1.079586
11216944.9584 0.4583857 -0.4702627 1.078662
11216978.9652 0.4601429 -0.4552191 1.075922
11217011.8927 0.4594978 -0.4486674 1.076194
11217044.9051 0.4598017 -0.4357472 1.077956
11217078.962 0.4591535 -0.4300042 1.078213
11217111.9018 0.4576629 -0.4167525 1.077072
11217144.8946 0.4571225 -0.4113942 1.080538
11217178.972 0.4554228 -0.4040569 1.080054
11217211.8806 0.4529962 -0.3950954 1.078151
11217244.9058 0.4512725 -0.3922041 1.081012
11217278.9836 0.449609 -0.3894709 1.082118
11217311.9583 0.4473348 -0.3856157 1.083387
11217344.8784 0.4456703 -0.3816851 1.083616
11217378.9862 0.4439055 -0.3774575 1.084233
11217411.8882 0.4435385 -0.3728599 1.086211
11217444.8806 0.4431613 -0.3700648 1.087453
11217478.99 0.4418397 -0.3664767 1.088063
11217511.8863 0.4411091 -0.3645621 1.089018
11217544.891 0.4409288 -0.3628263 1.090282
11217578.961 0.4404206 -0.3615801 1.091209
11217611.8766 0.440109 -0.3609317 1.091929
11217644.8923 0.4398238 -0.3604466 1.092536
11217678.9858 0.439552 -0.3601722 1.093055
11217711.8874 0.4394078 -0.359761 1.093387
11217744.9548 0.4392459 -0.3594578 1.093464
11217778.9859 0.4390203 -0.3594724 1.093864
11217811.8916 0.4388276 -0.3592429 1.094013
11217844.9624 0.4387084 -0.3591307 1.094313
11217878.9831 0.4385681 -0.3590724 1.094571
11217911.8905 0.4384093 -0.3589871 1.09458
11217944.8865 0.4383773 -0.358921 1.094626
11217978.9754 0.438318 -0.3589304 1.094724
11218011.8795 0.4383376 -0.3588281 1.094917
11218044.8789 0.4383054 -0.3588861 1.094997
11218078.9674 0.4382912 -0.3589351 1.09502
11218111.892 0.4382971 -0.3591712 1.09534
11218144.8942 0.4382632 -0.3592709 1.095257
11218178.9691 0.4381708 -0.3600744 1.094431
11218211.9015 0.438158 -0.3607378 1.094302
11218244.9082 0.4378599 -0.3617649 1.093575
11218278.9532 0.4377449 -0.3638517 1.092073
11218311.8996 0.437631 -0.3651432 1.091718
11218344.894 0.4371675 -0.3671398 1.090423
11218378.985 0.4370381 -0.3683909 1.089667
11218411.8804 0.4393934 -0.3843626 1.065699
11218444.8859 0.4399613 -0.3757501 1.091052
11218478.9609 0.4407845 -0.3752436 1.088362
11218511.89 0.440192 -0.3776456 1.088907
11218544.8848 0.4417174 -0.378741 1.080692
11218579.0406 0.4419931 -0.379322 1.081595
11218611.8942 0.4424778 -0.3825501 1.085384
11218644.88 0.4422963 -0.3864031 1.08349
11218678.9816 0.4419492 -0.3901988 1.081257
11218711.8722 0.4423087 -0.3936824 1.081137
11218744.8875 0.44266 -0.3976867 1.081036
11218778.9883 0.4431452 -0.4009448 1.080463
11218811.8764 0.4436926 -0.4063786 1.079252
11218844.8774 0.4439996 -0.4121878 1.076643
11218878.9646 0.4446715 -0.4161642 1.074955
11218911.8958 0.4446335 -0.4221255 1.071663
11218944.8988 0.4456912 -0.4267365 1.070179
11218978.9635 0.4457256 -0.4403429 1.068963
11219011.8812 0.446307 -0.4425593 1.067578
11219044.9211 0.4463815 -0.4523344 1.067667
11219078.9575 0.4471532 -0.4541692 1.066427
11219111.9051 0.4479044 -0.4631855 1.067392
11219144.8806 0.4485594 -0.4683592 1.069111
11219178.9621 0.4493877 -0.4747092 1.070353
11219211.8892 0.4494579 -0.4794933 1.071657
11219244.8869 0.4495862 -0.4849168 1.074338
11219278.9795 0.4500159 -0.4883589 1.076979
11219311.8852 0.450291 -0.491063 1.079493
11219344.8948 0.4506955 -0.4921854 1.08201
11219378.9673 0.4514011 -0.492625 1.084593
11219411.8747 0.4516034 -0.4941902 1.087156
11219444.8859 0.4517416 -0.4948832 1.089598
11219478.9793 0.4516764 -0.4966177 1.090728
11219511.9068 0.451669 -0.4981899 1.091217
11219544.87 0.451667 -0.4995438 1.09188
11219578.9532 0.4517047 -0.5030854 1.090893
11219611.8786 0.4517363 -0.5062617 1.090765
11219644.8697 0.4517707 -0.5089973 1.090303
11219678.9603 0.4515117 -0.5106195 1.09041
11219711.8746 0.4512283 -0.5128148 1.09013
11219744.8719 0.450781 -0.5139444 1.089947
11219778.9797 0.4499228 -0.514768 1.089678
11219811.8908 0.4494359 -0.5157899 1.089128
11219844.8852 0.4491167 -0.5165542 1.088743
11219878.9499 0.4488414 -0.5173786 1.088215
11219911.8888 0.4487028 -0.5180773 1.087804
11219944.882 0.4482572 -0.5182351 1.087166
11219978.9915 0.4479911 -0.5185093 1.086807
11220011.8742 0.4474809 -0.5188467 1.085869
11220044.8727 0.4470378 -0.5190533 1.08537
11220078.9542 0.446413 -0.5190787 1.084462
11220111.864 0.445798 -0.5191815 1.083641
11220144.8745 0.445108 -0.5192347 1.082777
11220178.9835 0.4445934 -0.5194732 1.082356
11220211.8679 0.4441048 -0.5199193 1.081591
11220244.8828 0.4435853 -0.5196403 1.081157
11220278.9578 0.443173 -0.5196783 1.08067
11220311.87 0.4429623 -0.5197375 1.080351
11220344.8751 0.4428496 -0.5197532 1.080269
11220379.0018 0.4427308 -0.51982 1.080109
11220411.8911 0.4425994 -0.5198511 1.079958
11220444.89 0.4421784 -0.5197071 1.0795
11220478.9748 0.4418711 -0.5196834 1.079365
11220511.892 0.441678 -0.5194852 1.079355
11220544.8864 0.4415087 -0.5194029 1.079164
11220578.9655 0.4414224 -0.5196174 1.078998
11220611.8708 0.4412482 -0.5195607 1.078835
11220644.8706 0.4411085 -0.5195814 1.07878
11220678.955 0.4409758 -0.5197965 1.078598
11220711.8615 0.4408882 -0.5200657 1.078429
11220744.8801 0.4407052 -0.5200365 1.078293
11220778.9666 0.4405465 -0.5200107 1.078129
11220811.9015 0.440468 -0.5200512 1.07807
11220844.8917 0.4402247 -0.5199779 1.077873
11220878.9482 0.4400372 -0.519844 1.077647
11220911.8769 0.4399546 -0.5196533 1.07761
11220944.9165 0.4398313 -0.5195634 1.077513
11220978.966 0.4396741 -0.5194645 1.077343
11221011.8684 0.4394999 -0.5193315 1.077269
11221044.869 0.439349 -0.5192869 1.077083
11221078.9575 0.4392753 -0.5191554 1.077052
11221111.9072 0.4392341 -0.5191314 1.076939
11221144.874 0.4391802 -0.5190793 1.076833
11221178.9552 0.4391125 -0.5188598 1.076677
11221211.8625 0.4390604 -0.5188124 1.076548
11221244.891 0.4390038 -0.5187067 1.076394
11221278.9684 0.4388731 -0.5186141 1.076241
11221311.8754 0.4387857 -0.5185551 1.076107
11221344.8661 0.4387191 -0.5184314 1.076116
11221378.9464 0.4386528 -0.5183893 1.07599
11221411.8615 0.4386061 -0.5183717 1.075941
11221444.8876 0.4385594 -0.5182808 1.075947
11221478.974 0.4384852 -0.5181543 1.07594
11221511.8752 0.4384034 -0.5181142 1.075799
11221544.8901 0.4383649 -0.5181075 1.075619
11221578.9462 0.4382676 -0.5180359 1.075546
11221611.8749 0.4381998 -0.5179893 1.075392
11221644.8775 0.4381682 -0.5178899 1.075386
11221678.9743 0.4380911 -0.5178859 1.075238
11221711.8783 0.4380468 -0.5178658 1.075216
11221744.8797 0.4379806 -0.5178919 1.075157
11221778.951 0.4379461 -0.5178925 1.075063
11221811.8637 0.437865 -0.5177562 1.074976
11221844.8679 0.4378172 -0.5174489 1.075058
11221878.9581 0.4377437 -0.5174227 1.074966
11221911.8716 0.4376922 -0.5173671 1.074889
11221944.8726 0.4376139 -0.517324 1.074855
11221978.9705 0.4375606 -0.5173079 1.074788
11222011.8709 0.4375036 -0.517318 1.074782
11222044.8768 0.4374405 -0.5172717 1.074733
11222078.9542 0.4374069 -0.5173381 1.074715
11222111.8903 0.4373374 -0.5172014 1.074733
11222144.8802 0.4372909 -0.5171855 1.074752
11222178.9564 0.4372507 -0.5171714 1.07474
11222211.8642 0.4372006 -0.5171155 1.074701
11222244.8672 0.4371624 -0.5170954 1.074633
11222278.9578 0.4371381 -0.5170978 1.074625
11222311.8659 0.4371155 -0.5170988 1.074643
11222344.8653 0.4370888 -0.517054 1.074654
11222378.9505 0.4370702 -0.5171666 1.074612
11222411.8862 0.4370415 -0.5171248 1.074602
11222444.9027 0.4369754 -0.5171036 1.074584
11222478.9568 0.4369592 -0.5171673 1.074513
11222511.8732 0.4368899 -0.5171051 1.074472
11222544.8926 0.4368163 -0.5170677 1.074306
11222578.9507 0.436818 -0.5170864 1.074323
11222611.8745 0.4368006 -0.5172063 1.074245
11222644.8706 0.4367992 -0.5173079 1.074241
11222678.9558 0.4367876 -0.5173001 1.074241
11222711.8759 0.436775 -0.5172923 1.074242
11222744.8892 0.4367611 -0.5173917 1.074206
11222778.9403 0.4367147 -0.517346 1.074205
11222811.901 0.4366647 -0.5172497 1.074139
11222844.8597 0.4366504 -0.517242 1.074153
11222878.9548 0.4366456 -0.5172437 1.074134
11222911.8605 0.4365793 -0.5171962 1.074051
11222944.8738 0.4365461 -0.5171649 1.073972
11222978.9393 0.4365008 -0.5171329 1.073987
11223011.8693 0.4364986 -0.5172924 1.073935
11223044.8825 0.4364351 -0.5172868 1.073835
11223078.9555 0.4363867 -0.5172065 1.073822
11223111.871 0.4363566 -0.5171786 1.073769
11223144.8584 0.4363474 -0.5171857 1.073752
11223178.9806 0.4363242 -0.5171666 1.073749
11223211.8642 0.436298 -0.5172008 1.073658
11223244.8865 0.4362715 -0.51718 1.073648
11223278.95 0.4362477 -0.5171716 1.073598
11223311.8618 0.4362181 -0.5172941 1.073555
11223344.8632 0.4362091 -0.5173094 1.073545
11223378.9558 0.436165 -0.5172732 1.073475
11223411.8689 0.4361401 -0.5171829 1.073444
11223444.881 0.4360659 -0.5169638 1.073421
11223478.9687 0.4360195 -0.5168952 1.073407
11223511.8896 0.4359805 -0.5168691 1.073371
11223544.9127 0.435914 -0.5168592 1.073326
11223578.9536 0.435899 -0.5169033 1.073318
11223611.8569 0.4358798 -0.5169075 1.07334
11223644.8656 0.4358587 -0.5169074 1.073347
11223678.9517 0.43581 -0.5168855 1.073222
11223711.8685 0.4357547 -0.5168443 1.073093
11223744.8851 0.4357042 -0.5167964 1.073018
11223778.9621 0.4356602 -0.5167405 1.073043
11223811.8756 0.4356286 -0.5167519 1.073035
11223844.8815 0.4355917 -0.5167533 1.073049
11223879.018 0.4355696 -0.5167649 1.073026
11223911.8741 0.4355268 -0.5167584 1.073002
11223944.8705 0.4355125 -0.5167397 1.072987
11223978.9541 0.4354477 -0.5168884 1.0729
11224011.8561 0.4354043 -0.5168799 1.072905
11224044.8559 0.4353506 -0.5168511 1.072852
11224078.9399 0.43529 -0.5167648 1.072827
11224111.8636 0.4352463 -0.51674 1.072815
11224144.8568 0.4351936 -0.5167395 1.07281
11224178.9511 0.4351611 -0.5167429 1.072814
11224211.8773 0.4351264 -0.516745 1.07283
11224244.8746 0.4351133 -0.516742 1.072822
11224278.943 0.4350973 -0.5167129 1.072784
11224311.8631 0.4350682 -0.5167078 1.072775
11224344.8558 0.4350672 -0.5166837 1.072759
11224378.9406 0.435061 -0.5165012 1.072818
11224411.8808 0.4350607 -0.5165007 1.072779
11224444.8757 0.4350473 -0.5164913 1.072786
11224478.9391 0.4350443 -0.5164754 1.072789
11224511.8522 0.4350335 -0.5165477 1.072721
11224544.8532 0.4350124 -0.5163776 1.072773
11224578.9622 0.4350357 -0.5164964 1.072777
11224611.8519 0.4350237 -0.5164923 1.072765
11224644.8669 0.4350225 -0.516456 1.072782
11224678.9394 0.4349793 -0.5164726 1.072827
11224711.8771 0.43495 -0.516473 1.07283
11224744.8756 0.4348856 -0.5163208 1.072857
11224778.9378 0.4348646 -0.5163096 1.072849
11224811.9232 0.4348239 -0.5162998 1.072803
11224844.9287 0.4348002 -0.5161818 1.072794
11224878.9515 0.4347484 -0.5161669 1.072693
11224911.8601 0.4347238 -0.5161589 1.072671
