486502982.1453 0.4666709 -0.3825946 1.208066
486503015.0436 0.4658159 -0.3825759 1.207446
486503048.1115 0.4647409 -0.3834164 1.208286
486503082.1319 0.4644915 -0.3864534 1.209119
486503115.0569 0.4641663 -0.3879691 1.209953
486503148.1351 0.4638157 -0.3953507 1.211806
486503182.1386 0.4636256 -0.3974032 1.21208
486503215.0866 0.4635049 -0.3930226 1.212344
486503248.1143 0.4634257 -0.3935729 1.212369
486503282.1166 0.4635412 -0.3946081 1.212541
486503315.047 0.4638174 -0.3947045 1.212386
486503348.1083 0.4641318 -0.3961017 1.211895
486503382.118 0.4643539 -0.3989153 1.211536
486503415.0669 0.4646358 -0.4012938 1.211409
486503448.1093 0.4641231 -0.4070015 1.208223
486503482.1161 0.4646533 -0.4028253 1.209756
486503515.0416 0.4645817 -0.4035363 1.209389
486503548.1218 0.463874 -0.4041375 1.207814
486503582.1237 0.4626995 -0.4054855 1.213133
486503615.0467 0.4628895 -0.4064784 1.210626
486503648.1137 0.4630836 -0.4071612 1.210926
486503682.123 0.4639699 -0.407488 1.212297
486503715.0513 0.4642591 -0.4083652 1.212437
486503748.1472 0.4622917 -0.4090454 1.210192
486503782.1285 0.4602278 -0.4420848 1.206975
486503815.0416 0.4583249 -0.4210233 1.225323
486503848.1087 0.4584117 -0.4186939 1.225108
486503882.1262 0.4592133 -0.4162053 1.223906
486503915.0439 0.4615538 -0.4143096 1.218139
486503948.1011 0.4592469 -0.4138772 1.220363
486503982.1161 0.4619478 -0.4130855 1.21885
486504015.0485 0.4606875 -0.4130471 1.217572
486504048.1205 0.4630867 -0.4128855 1.219551
486504082.1208 0.4624642 -0.3935878 1.21846
486504115.0405 0.4771076 -0.4424569 1.22381
486504148.0977 0.4508707 -0.471129 1.196722
486504182.1156 0.4626206 -0.4255929 1.211004
486504215.0456 0.4655 -0.4217148 1.214311
486504248.1049 0.4650587 -0.4196691 1.214063
486504282.1191 0.4630869 -0.4206148 1.209905
486504315.0347 0.4628146 -0.4197877 1.209866
486504348.1026 0.4651545 -0.4095998 1.211553
486504382.118 0.4657453 -0.4077688 1.21175
486504415.0586 0.4624695 -0.4716102 1.195701
486504448.1175 0.4627461 -0.401969 1.212578
486504482.128 0.4640181 -0.4016495 1.212574
486504515.0448 0.4654196 -0.4435055 1.211906
486504548.1041 0.4663805 -0.4435662 1.211966
486504582.1155 0.4620481 -0.4435758 1.209592
486504615.0438 0.4623818 -0.4208754 1.211196
486504648.1096 0.461889 -0.4389593 1.206436
486504682.1596 0.4557702 -0.4794851 1.20353
486504715.046 0.4696571 -0.396528 1.213549
486504748.118 0.469756 -0.4017239 1.213577
486504782.1142 0.469771 -0.4031818 1.213632
486504815.0421 0.4684982 -0.4045212 1.212328
486504848.0981 0.4610016 -0.4414366 1.207732
486504882.1225 0.4611685 -0.4180145 1.207785
486504915.0422 0.4652687 -0.3809159 1.210337
486504948.0986 0.4665167 -0.3809137 1.210313
486504982.1145 0.4515898 -0.4767879 1.200616
486505015.0305 0.4626897 -0.3825761 1.208563
486505048.0959 0.4607865 -0.4429721 1.197036
486505082.1249 0.4577904 -0.4728607 1.192775
486505115.0586 0.4657287 -0.3925957 1.209659
486505148.101 0.4649064 -0.406808 1.209416
486505182.107 0.4616261 -0.4154893 1.204194
486505215.0427 0.4624276 -0.3944758 1.208179
486505248.0983 0.4632932 -0.384515 1.208694
486505282.1215 0.4645032 -0.4417743 1.197617
486505315.0449 0.4673325 -0.4034452 1.210805
486505348.1128 0.4673527 -0.4013614 1.21171
486505382.1184 0.4672953 -0.4060186 1.211533
486505415.0348 0.4664335 -0.4437392 1.209136
486505448.0958 0.4663465 -0.4436531 1.20909
486505482.1436 0.4630153 -0.443477 1.205001
486505515.0346 0.463126 -0.4433366 1.202869
486505548.0976 0.465392 -0.4435266 1.205204
486505582.1508 0.4643191 -0.4432124 1.202103
486505615.0393 0.4650485 -0.418532 1.205226
486505648.0948 0.4645545 -0.4350931 1.204148
486505682.1214 0.4649431 -0.4718605 1.193733
486505715.0472 0.4644358 -0.4387534 1.196994
486505748.1036 0.4656034 -0.4401358 1.200132
486505782.1244 0.4640448 -0.4410891 1.201438
486505815.0396 0.4668001 -0.4417449 1.204007
486505848.096 0.4676363 -0.4053866 1.206461
486505882.1049 0.4644912 -0.4432717 1.203103
486505915.0377 0.4654185 -0.443374 1.203906
486505948.1114 0.4651043 -0.443264 1.202507
486505982.1063 0.4685492 -0.4435731 1.206182
486506015.0403 0.4680742 -0.4435302 1.205527
486506048.1058 0.4684392 -0.4435436 1.205554
486506082.1224 0.4687741 -0.4435221 1.206124
486506115.0421 0.464745 -0.4431624 1.20196
486506148.0924 0.4646747 -0.4430752 1.201861
486506182.1448 0.4635536 -0.4431092 1.202973
486506215.0468 0.4644428 -0.4431959 1.203603
486506248.1086 0.4668811 -0.4431949 1.203081
486506282.122 0.4585162 -0.4782799 1.194712
486506315.0306 0.4584761 -0.4781864 1.194818
486506348.1116 0.4597892 -0.4769036 1.194223
486506382.1028 0.4626671 -0.442795 1.200697
486506415.0365 0.4690768 -0.4428922 1.200528
486506448.1015 0.4735641 -0.4425248 1.197181
486506482.0997 0.4675205 -0.4513156 1.200415
486506515.0346 0.4642356 -0.4618143 1.200043
486506548.1078 0.4619058 -0.4670266 1.197852
486506582.1064 0.4609223 -0.4692797 1.197148
486506615.0434 0.4604316 -0.4706303 1.197233
486506648.0985 0.4602928 -0.4421654 1.19771
486506682.116 0.4679838 -0.4426398 1.19914
486506715.0505 0.4786055 -0.4421554 1.196862
486506748.1155 0.4747562 -0.4425305 1.199467
486506782.1072 0.4709744 -0.4547618 1.195458
486506815.0359 0.4642879 -0.4424465 1.200216
486506848.1022 0.4632483 -0.4421293 1.198287
486506882.1119 0.4624567 -0.4421785 1.199749
486506915.0233 0.4618474 -0.4419693 1.198632
486506948.0925 0.4641632 -0.4424254 1.200792
486506982.1013 0.4621565 -0.4426154 1.204147
486507015.0309 0.4621601 -0.4425658 1.203404
486507048.1029 0.4612615 -0.4424913 1.202868
486507082.1052 0.4617102 -0.4804849 1.19763
486507115.0327 0.4662759 -0.4431035 1.208243
486507148.0928 0.466372 -0.4429668 1.206622
486507182.1033 0.4630751 -0.4428074 1.206808
486507215.0263 0.4636827 -0.4427638 1.206326
486507248.0954 0.4631976 -0.4427305 1.206856
486507282.1084 0.4626422 -0.4426092 1.205771
486507315.0301 0.4666753 -0.460499 1.196705
486507348.0894 0.4632656 -0.4423019 1.202132
486507382.1775 0.462733 -0.4422045 1.201854
486507415.0311 0.4626945 -0.3799253 1.212466
486507448.1052 0.4605396 -0.442321 1.20573
486507482.1178 0.461175 -0.4422601 1.204949
486507515.0223 0.4601275 -0.4421221 1.205108
486507548.1066 0.4610023 -0.4421966 1.206457
486507582.1114 0.460613 -0.4421273 1.206079
486507615.0397 0.4608001 -0.4420776 1.204671
486507648.0932 0.4606164 -0.4420318 1.204445
486507682.1115 0.4624683 -0.4425487 1.210855
486507715.0275 0.4577341 -0.4767549 1.20745
486507748.0917 0.4607401 -0.4758997 1.203381
486507782.1072 0.4703886 -0.4421195 1.198099
486507815.0252 0.4694029 -0.4246903 1.200256
486507848.0972 0.4670771 -0.4412139 1.195861
486507882.0983 0.4660771 -0.4319568 1.192742
486507915.0406 0.4612036 -0.4398242 1.194701
486507948.152 0.4600872 -0.4403813 1.195204
486507982.1046 0.4600154 -0.4371283 1.195875
486508015.0198 0.4603392 -0.4202699 1.19647
486508048.0971 0.4627565 -0.4163028 1.19434
486508082.1003 0.4396146 -0.407215 1.198529
486508115.0237 0.4298717 -0.4006477 1.20131
486508148.1022 0.425589 -0.394374 1.203312
486508182.1169 0.4170261 -0.3861767 1.208797
486508215.0366 0.4049331 -0.3700944 1.213855
486508248.1213 0.3991178 -0.3678609 1.213353
486508282.1137 0.3793918 -0.3573521 1.217549
486508315.0301 0.3259219 -0.3082703 1.230067
486508348.1022 0.3161975 -0.3025453 1.233255
486508382.1082 0.3096106 -0.2988618 1.236215
486508415.0332 0.2949795 -0.2757575 1.243463
486508448.1019 0.2896051 -0.2694853 1.247206
486508482.1001 0.2872491 -0.2681685 1.248058
486508515.0313 0.2859898 -0.2660795 1.249042
486508548.0893 0.2860305 -0.265104 1.250028
486508582.0995 0.2870655 -0.2661088 1.250615
486508615.0204 0.2943667 -0.2771893 1.250013
486508648.1051 0.2889904 -0.2512355 1.255847
486508682.1115 0.2934681 -0.252638 1.252185
486508715.0715 0.3480202 -0.3114145 1.228519
486508748.0958 0.3549444 -0.3089803 1.22758
486508782.1051 0.3655918 -0.3214708 1.226753
486508815.0351 0.3990916 -0.3502214 1.22412
486508848.1038 0.4004003 -0.350802 1.223149
486508882.1102 0.4081886 -0.3549204 1.220452
486508915.0221 0.4146258 -0.3576814 1.217786
486508948.0888 0.4172609 -0.3597204 1.213343
486508982.1395 0.3718639 -0.4062333 1.202336
486509015.0256 0.4377413 -0.3705516 1.208287
486509048.0889 0.423414 -0.3868119 1.204724
486509082.099 0.4063936 -0.4283276 1.201862
486509115.0602 0.4410917 -0.3807968 1.202933
486509148.0973 0.440432 -0.3827652 1.203329
486509182.1074 0.4403918 -0.3834814 1.203161
486509215.0197 0.4558242 -0.4044428 1.209637
486509248.0815 0.4524119 -0.39645 1.200478
486509282.0891 0.4531005 -0.3965577 1.200098
486509315.0343 0.4543694 -0.3992064 1.202465
486509348.0903 0.4633394 -0.3614047 1.198505
486509382.1287 0.4865734 -0.3356067 1.220767
486509415.0291 0.4858625 -0.3349878 1.221433
486509448.0916 0.4858018 -0.3355348 1.222516
486509482.0931 0.4826087 -0.3353515 1.220055
486509515.0256 0.4776209 -0.3392865 1.215888
486509548.0935 0.4770728 -0.3385261 1.215453
486509582.1052 0.6668109 -0.4217417 1.256692
486509615.0204 0.6753156 -0.4259436 1.276373
486509648.0842 0.6756517 -0.4220165 1.259744
486509682.1017 0.6752023 -0.4249698 1.269419
486509715.0267 0.6755097 -0.4256292 1.272502
486509748.0942 0.6714426 -0.4185825 1.256604
486509782.0965 0.6736215 -0.4175937 1.256938
486509815.026 0.6721908 -0.4203984 1.25575
486509848.0861 0.6553507 -0.4208473 1.248033
486509882.0991 0.6554349 -0.4210597 1.247934
486509915.0143 0.6760459 -0.4225167 1.261596
486509948.1068 0.6762165 -0.4228877 1.261791
486509982.0993 0.6558456 -0.4225384 1.250145
486510015.0169 0.6579445 -0.4232076 1.251509
486510048.0947 0.6580209 -0.4242144 1.251463
486510082.09 0.6578201 -0.4239562 1.250848
486510115.0261 0.6726526 -0.4261445 1.261968
486510148.0969 0.6558406 -0.4240297 1.247592
486510182.0955 0.6559693 -0.4240896 1.247206
486510215.0308 0.6559017 -0.424025 1.246429
486510248.0946 0.6563223 -0.4250591 1.247891
486510282.0961 0.678586 -0.4307629 1.280046
486510315.026 0.6696371 -0.4262774 1.255086
486510348.0882 0.6716974 -0.426306 1.256141
486510382.0942 0.671183 -0.4261526 1.256002
486510415.0217 0.6712835 -0.426035 1.256067
486510448.0826 0.6711886 -0.4262041 1.255786
486510482.1009 0.6780551 -0.4302605 1.275751
486510515.0194 0.6781822 -0.4306166 1.275705
486510548.0959 0.6629349 -0.4259371 1.250981
486510582.0953 0.678086 -0.4232372 1.25015
486510615.0216 0.6789082 -0.4240643 1.253308
486510648.0891 0.6786049 -0.4315692 1.279756
486510682.1025 0.6686969 -0.4281775 1.258005
486510715.032 0.6777349 -0.431805 1.278505
486510748.0823 0.6769098 -0.4309675 1.274126
486510782.0957 0.6768402 -0.4306841 1.274122
486510815.015 0.6774646 -0.4293379 1.269806
486510848.0783 0.6779451 -0.4301811 1.27267
486510882.1016 0.6775958 -0.4254933 1.277151
486510915.0722 0.6598987 -0.4259626 1.251542
486510948.0806 0.6768534 -0.4278829 1.265726
486510982.0935 0.6769841 -0.4242333 1.266878
486511015.0194 0.7080079 -0.4190623 1.281634
486511048.0873 0.6790176 -0.4275678 1.28002
486511082.0995 0.6567923 -0.4218482 1.249109
486511115.022 0.6571074 -0.4209432 1.250181
486511148.0797 0.6900877 -0.4146908 1.24837
486511182.098 0.6577048 -0.4184847 1.249361
486511215.0144 0.6575467 -0.4217372 1.246821
486511248.0794 0.6586084 -0.4238935 1.247832
486511282.0928 0.6592752 -0.4250137 1.248729
486511315.0228 0.6590573 -0.42514 1.248335
486511348.0808 0.6789839 -0.4337971 1.278239
486511382.1012 0.6790558 -0.433362 1.278407
486511415.0143 0.6583545 -0.4276606 1.247224
486511448.0789 0.6583999 -0.4274907 1.247146
486511482.0964 0.6577122 -0.4266587 1.244682
486511515.0161 0.6579107 -0.4267066 1.244952
486511548.0893 0.6579236 -0.4269591 1.245078
486511582.0921 0.6787085 -0.4282624 1.259132
486511615.0183 0.6792173 -0.430876 1.276737
486511648.0731 0.6690689 -0.4265188 1.255865
486511682.0873 0.6735047 -0.4292785 1.267232
486511715.0078 0.6753173 -0.4269505 1.275307
486511748.0769 0.6575335 -0.4242319 1.248159
486511782.0949 0.6760836 -0.4256753 1.256426
486511815.0187 0.6585176 -0.4252883 1.246591
486511848.0788 0.6585223 -0.4250196 1.246654
486511882.1036 0.6585625 -0.4249078 1.246637
486511915.0229 0.6718551 -0.4262604 1.255727
486511948.0843 0.6579417 -0.4249429 1.24657
486511982.0808 0.6579352 -0.4248552 1.246553
486512015.0112 0.6578442 -0.4251615 1.246007
486512048.0791 0.6719609 -0.4260969 1.254645
486512082.0847 0.6581275 -0.4237998 1.242341
486512115.0081 0.6583019 -0.423185 1.242685
486512148.0842 0.6581132 -0.4233466 1.24192
486512182.0848 0.6581793 -0.4228318 1.242194
486512215.007 0.6944659 -0.4177244 1.271457
486512248.0839 0.6935952 -0.4164177 1.270384
486512282.0907 0.6939006 -0.4174056 1.26902
486512315.0125 0.6943705 -0.4179111 1.26798
486512348.0927 0.6958778 -0.4181983 1.267128
486512382.0963 0.6951191 -0.416335 1.266659
486512415.0168 0.6948215 -0.4154505 1.266653
486512448.0867 0.6952844 -0.4145668 1.266261
486512482.0845 0.6950803 -0.4141986 1.266174
486512515.0067 0.7335021 -0.410059 1.347994
486512548.0713 0.692708 -0.4176682 1.265441
486512582.0859 0.6924507 -0.4165369 1.265753
486512615.0196 0.6935624 -0.4179724 1.265636
486512648.076 0.6943161 -0.4164011 1.265529
486512682.0918 0.6943564 -0.4152901 1.265411
486512715.0111 0.695431 -0.4170409 1.26523
486512748.0876 0.6944529 -0.4159971 1.265519
486512782.085 0.6945791 -0.4150393 1.265345
486512815.0158 0.6942793 -0.4145609 1.265456
486512848.0718 0.6940978 -0.4140695 1.265604
486512882.0938 0.6953442 -0.4167263 1.265499
486512915.0217 0.694551 -0.4157972 1.265772
486512948.0748 0.6955398 -0.4173798 1.265596
486512982.082 0.6946584 -0.4160474 1.265774
