486643214.5895 0.4170626 -0.5196221 1.223087
486643247.6808 0.4170879 -0.5195518 1.223094
486643281.649 0.4168942 -0.5193828 1.222972
486643314.6007 0.4168993 -0.5194314 1.222888
486643347.6547 0.416849 -0.5193143 1.222898
486643381.6561 0.4166122 -0.5209097 1.222484
486643414.5684 0.416008 -0.5215581 1.218103
486643447.647 0.4160063 -0.5226132 1.219025
486643481.6604 0.416611 -0.5229832 1.220835
486643781.6535 0.4159232 -0.527017 1.216791
486643814.5769 0.4157121 -0.5276057 1.221261
486643847.6485 0.4157856 -0.5279061 1.221625
486643881.6422 0.4157787 -0.5280536 1.222664
486643914.5869 0.422236 -0.5261644 1.221563
486643947.6368 0.421169 -0.5930377 1.222251
486643981.6637 0.4166779 -0.5273699 1.227592
486644014.59 0.417311 -0.5282397 1.226762
486644047.6357 0.3777097 -0.5202317 1.203915
486644081.6503 0.419048 -0.5292982 1.218869
486644381.657 0.4157896 -0.5252925 1.217152
486644414.5857 0.4162393 -0.5253181 1.219056
486644447.6511 0.4046361 -0.5248942 1.22206
486644481.6616 0.4049565 -0.5247369 1.221313
486644514.5764 0.405288 -0.5248359 1.220927
486644547.6357 0.4055191 -0.5253277 1.219694
486644581.6487 0.4061102 -0.5254114 1.218673
486644614.5782 0.4168983 -0.5267305 1.219235
486644647.6461 0.4078957 -0.5256088 1.214394
486644681.6423 0.382033 -0.5181416 1.195703
486644714.5673 0.4084513 -0.5255097 1.214179
486644747.6414 0.3901013 -0.5197362 1.194861
486644781.6683 0.38968 -0.5196592 1.194927
486644814.5806 0.4082732 -0.5250106 1.21212
486644847.6407 0.418004 -0.5265633 1.219207
486644881.6545 0.4090026 -0.5254147 1.215025
486644914.5853 0.4178871 -0.5265597 1.221526
486644947.6372 0.4077714 -0.5253729 1.212648
486644981.6514 0.4078811 -0.5253621 1.212991
486645014.5723 0.4199055 -0.5267932 1.220088
486645047.641 0.3824273 -0.5181342 1.196274
486645081.6466 0.4195378 -0.5266156 1.222109
486645114.5782 0.4192822 -0.5269405 1.222106
486645147.6387 0.4236163 -0.5932181 1.217973
486645181.6566 0.423631 -0.5932354 1.217942
486645214.5817 0.4239039 -0.5931823 1.218083
486645247.6496 0.423928 -0.5931175 1.218193
486645281.64 0.4239023 -0.59328 1.21804
486645314.5806 0.4238966 -0.5935368 1.218267
486645347.6403 0.4182241 -0.5281241 1.226987
486645381.6446 0.4229003 -0.531767 1.223913
486645414.5804 0.4215198 -0.5172742 1.21896
486645447.6511 0.4233686 -0.511372 1.219427
486645481.6818 0.4273604 -0.5062877 1.219397
486645514.5908 0.4276858 -0.4964585 1.221167
486645547.6316 0.4258083 -0.4912673 1.225873
486645581.6491 0.4194053 -0.4823574 1.222629
486645614.5733 0.4128627 -0.4732503 1.220843
486645647.6519 0.3968699 -0.4538359 1.224807
486645681.6538 0.3818099 -0.4373413 1.217567
486645714.5891 0.3668509 -0.4198679 1.212758
486645747.719 0.3340913 -0.3698636 1.215284
486645781.6387 0.3226641 -0.356965 1.212442
486645814.5687 0.2615146 -0.3395649 1.206782
486645847.6514 0.2161026 -0.249191 1.162019
486645881.6574 0.2045117 -0.2316828 1.168212
486645914.5828 0.2082744 -0.1870957 1.137313
486645947.6466 0.1871034 -0.1797813 1.191282
486645981.646 0.1838679 -0.1813482 1.19863
486646014.5768 0.1819387 -0.182972 1.208509
486646047.6398 0.1820133 -0.183341 1.210199
486646081.6528 0.1835473 -0.1798036 1.202686
486646114.5663 0.246927 -0.2138042 1.215334
486646147.635 0.1808096 -0.2054825 1.184297
486646181.6419 0.2127507 -0.2124376 1.155274
486646214.5698 0.2243753 -0.264865 1.178064
486646247.7231 0.2754165 -0.3060355 1.20686
486646281.6469 0.2829328 -0.3140981 1.207595
486646314.5662 0.2726444 -0.3376206 1.204097
486646347.6321 0.2767665 -0.3805899 1.202383
486646381.657 0.2940215 -0.4170942 1.200644
486646414.5799 0.3222702 -0.4399556 1.204423
486646447.624 0.342527 -0.4481428 1.205189
486646481.6419 0.354751 -0.4576712 1.204467
486646514.5744 0.3700009 -0.4698511 1.206457
486646547.6332 0.3782862 -0.4824045 1.207587
486646581.645 0.3911449 -0.4794273 1.211133
486646614.5721 0.4069772 -0.4778018 1.210513
486646647.6231 0.4106273 -0.4800647 1.209001
486646681.6378 0.4157055 -0.48213 1.209731
486646714.5702 0.4229809 -0.4841898 1.212506
486646747.6385 0.4266052 -0.4848358 1.212289
486646781.6486 0.4318517 -0.4835514 1.213977
486646814.5654 0.433999 -0.4848844 1.213481
486646847.6296 0.4357842 -0.4839239 1.214002
486646881.6467 0.4370364 -0.4838392 1.214115
486646914.5709 0.4382026 -0.4837776 1.215509
486646947.6351 0.4384823 -0.4838391 1.216213
486646981.6448 0.4385524 -0.4840159 1.217058
486647014.5616 0.4378399 -0.4845407 1.218001
486647047.641 0.434588 -0.4853317 1.222419
486647081.6446 0.4325702 -0.4860687 1.224712
486647114.5688 0.4316208 -0.4867002 1.225478
486647147.6416 0.4300762 -0.4877007 1.226885
486647181.6497 0.428866 -0.4883024 1.227815
486647214.564 0.4278682 -0.4891203 1.228438
486647247.6253 0.4270982 -0.4895826 1.228891
486647281.6474 0.4266897 -0.4899149 1.229063
486647314.5609 0.4263162 -0.4903337 1.229013
486647347.6333 0.4259374 -0.4909075 1.229075
486647381.6492 0.4250731 -0.4915178 1.229515
486647414.5799 0.4248179 -0.4920183 1.229496
486647447.6561 0.424746 -0.4924304 1.229462
486647481.6362 0.424641 -0.492645 1.229477
486647514.5694 0.424419 -0.4931169 1.229619
486647547.6299 0.4241522 -0.4940163 1.229538
486647581.6442 0.4238726 -0.4946661 1.229485
486647614.5618 0.4236935 -0.4949265 1.22963
486647647.6281 0.4235673 -0.4950683 1.229882
486647681.6456 0.4234443 -0.4951995 1.229888
486647714.5919 0.4234047 -0.4955784 1.229994
486647747.6368 0.4233812 -0.4962005 1.230173
486647781.6519 0.4233274 -0.4966313 1.23015
486647814.5605 0.4233321 -0.4970438 1.230201
486647847.6292 0.4232997 -0.4974039 1.230147
486648147.6268 0.4203951 -0.4995469 1.232417
486648181.6398 0.4199931 -0.4998782 1.232337
486648214.5636 0.4199197 -0.5003281 1.232239
486648247.6315 0.4196159 -0.5007537 1.232453
486648281.635 0.4191635 -0.5011377 1.232101
486648314.5584 0.4184827 -0.5013809 1.231499
486648347.6288 0.4172265 -0.5014713 1.231138
486648381.6533 0.4171388 -0.5017055 1.231045
486648414.5606 0.4162891 -0.5018038 1.230377
486648447.6249 0.4162321 -0.5021901 1.230451
486648481.6415 0.4161916 -0.5025072 1.23049
486648514.5974 0.4154458 -0.5026088 1.229918
486648547.6213 0.4154491 -0.5028214 1.229956
486648581.6483 0.415139 -0.5029532 1.229507
486648614.5643 0.4148385 -0.5029433 1.229301
486648647.6281 0.4150845 -0.5030082 1.229167
486648681.6341 0.4161272 -0.5033123 1.228873
486648714.5525 0.4146781 -0.50312 1.228531
486648747.6397 0.4134198 -0.502992 1.227837
486648781.6424 0.4131101 -0.5029855 1.2276
486648814.5855 0.412746 -0.5031939 1.227666
486648847.6202 0.4076684 -0.5211362 1.22823
486648881.6373 0.4128571 -0.5035977 1.227615
486648914.5631 0.410428 -0.5101277 1.228271
486648947.6347 0.4208354 -0.5572212 1.190748
486648981.6292 0.4117632 -0.5038887 1.228012
486649014.5686 0.4116325 -0.5040076 1.227835
486649047.6332 0.411378 -0.5039611 1.227583
486649081.6372 0.4068537 -0.5208787 1.225937
486649114.5684 0.4112472 -0.5041135 1.226452
486649147.6281 0.4110285 -0.5041865 1.226365
486649181.6279 0.4110191 -0.5044104 1.226312
486649214.5521 0.4055454 -0.5206841 1.224984
486649247.6225 0.4109394 -0.5047151 1.226362
486649281.6293 0.4081347 -0.5129476 1.226904
486649314.5515 0.410684 -0.5053777 1.226898
486649347.628 0.4083592 -0.5109739 1.227051
486649381.6393 0.4070719 -0.5148849 1.226337
486649414.557 0.4068049 -0.5156608 1.226054
486649447.6203 0.4241682 -0.5851414 1.223324
486649481.6448 0.4239971 -0.587205 1.22308
486649514.5555 0.4241011 -0.5875794 1.223095
486649547.6263 0.4079253 -0.5077718 1.226869
486649581.6318 0.4079892 -0.5077742 1.226828
486649614.5524 0.4037306 -0.5195251 1.224421
486649647.6338 0.4104185 -0.5083968 1.22715
486649681.6267 0.4244405 -0.5834998 1.222038
486649714.5529 0.4244067 -0.5837471 1.222165
486649747.6475 0.4242985 -0.5851884 1.221714
486649781.6424 0.4243108 -0.5864838 1.221659
486649814.5597 0.424332 -0.587094 1.221818
486649847.6333 0.4244876 -0.5879586 1.221929
486649881.641 0.4244691 -0.5881732 1.221859
486649914.5693 0.4242996 -0.5900519 1.222197
486649947.6187 0.4247537 -0.5768104 1.224439
486649981.6362 0.4320098 -0.5964288 1.218641
486650014.5485 0.4281482 -0.5978066 1.233567
486650047.6299 0.4248094 -0.5949992 1.224211
486650081.6458 0.4248485 -0.5948918 1.22466
486650114.5618 0.4246914 -0.5949169 1.225107
486650147.6215 0.4247096 -0.5948009 1.224488
486650181.6529 0.4244893 -0.5935237 1.224362
486650214.5652 0.4247416 -0.5895338 1.224068
486650247.6397 0.4247229 -0.5895237 1.223879
486650281.6646 0.424712 -0.5898312 1.223704
