486669747.5564 0.4221118 -0.6113375 1.215162
486669781.5669 0.4134474 -0.5482603 1.227014
486669814.487 0.4216455 -0.6151999 1.21251
486669847.5475 0.4216522 -0.6032682 1.217008
486669881.5679 0.4216962 -0.6047899 1.216379
486669914.4859 0.4149618 -0.5487785 1.225798
486669947.5649 0.4218958 -0.6142088 1.212516
486669981.5845 0.4211465 -0.6074311 1.215167
486670014.491 0.4173565 -0.5799522 1.222189
486670047.5519 0.4211538 -0.6132197 1.212525
486670081.562 0.4212274 -0.6132436 1.212623
486670114.4863 0.4212373 -0.6131092 1.212565
486670147.5525 0.4213346 -0.6132029 1.212678
486670181.5778 0.4213814 -0.6131736 1.212842
486670214.4955 0.4215989 -0.6131316 1.213157
486670247.5519 0.4216767 -0.6132261 1.213296
486670281.5636 0.4217187 -0.6132426 1.213338
486670314.4907 0.421694 -0.6132118 1.213313
486670347.5508 0.4217031 -0.6131643 1.213415
486670381.5703 0.421733 -0.613144 1.213505
486670414.4888 0.4217225 -0.612204 1.213645
486670447.5481 0.4217419 -0.6122961 1.213593
486670481.5561 0.4217159 -0.6123351 1.213674
486670514.4836 0.4217289 -0.6126335 1.213736
486670547.5478 0.4218577 -0.6126907 1.213775
486670581.56 0.42184 -0.6126339 1.213727
486670614.5285 0.4217772 -0.6126184 1.213756
486670647.5751 0.4217911 -0.6125667 1.21371
486670681.5996 0.4198278 -0.5767476 1.216603
486670714.4856 0.4196123 -0.5744269 1.217043
486670747.5527 0.4192957 -0.5744194 1.217364
486670781.5595 0.4221407 -0.6117188 1.214493
486670814.4997 0.4172624 -0.550724 1.222676
486670847.5615 0.4216456 -0.6132123 1.213504
486670881.5593 0.4207144 -0.5811253 1.22029
486670914.4958 0.4217041 -0.5858047 1.219357
486670947.5436 0.4204344 -0.5852589 1.218827
486670981.5537 0.4172097 -0.5913578 1.216859
486671014.4955 0.4129068 -0.5526754 1.222739
486671047.5487 0.4233723 -0.613691 1.215456
486671081.5645 0.4161113 -0.6419789 1.219042
486671114.4883 0.4243525 -0.5536239 1.225592
486671147.5648 0.4233155 -0.5922647 1.225082
486671181.5593 0.4233817 -0.5923748 1.224883
486671214.4881 0.4251242 -0.6007891 1.218474
486671247.5535 0.4262758 -0.5908017 1.219674
486671281.5648 0.4278171 -0.5425788 1.222429
486671314.4895 0.4281217 -0.5419636 1.222913
486671347.5565 0.4282174 -0.5420772 1.22291
486671381.5625 0.4178981 -0.5419707 1.224817
486671414.4835 0.4168701 -0.5420474 1.226386
486671447.5583 0.4151396 -0.5410705 1.228297
486671481.5627 0.4136314 -0.5401895 1.228829
486671514.4849 0.4131882 -0.5402211 1.229365
486671547.5519 0.4124281 -0.5398722 1.230033
486671581.5752 0.412146 -0.5396128 1.230377
486671614.4838 0.4120067 -0.5395966 1.231238
486671647.5472 0.4120494 -0.5396274 1.23165
486671681.5684 0.4122938 -0.5400143 1.232275
486671714.486 0.4125423 -0.5401994 1.232496
486671747.551 0.4143948 -0.5416246 1.224827
486671781.5652 0.4143604 -0.5422362 1.225723
486671814.4792 0.4145921 -0.5423805 1.226288
486671847.5442 0.4164563 -0.5414143 1.222465
486671881.5716 0.4289592 -0.5468138 1.228761
486671914.4826 0.4235572 -0.5421649 1.222525
486671947.5719 0.4234917 -0.540814 1.22137
486671981.5611 0.4228278 -0.5433797 1.224001
486672014.4799 0.4282769 -0.5468366 1.227767
486672047.554 0.4252643 -0.5467017 1.228001
486672081.5596 0.4297392 -0.5464302 1.226664
486672114.4978 0.4270693 -0.5466994 1.226452
486672147.5501 0.4277243 -0.5454112 1.224137
486672181.5536 0.426809 -0.5470192 1.226483
486672214.4835 0.4273394 -0.5457069 1.224088
486672247.5535 0.4272061 -0.545086 1.223189
486672281.5636 0.4273633 -0.5445278 1.22221
486672314.4932 0.4262389 -0.54701 1.225941
486672347.5475 0.4265931 -0.5442158 1.223576
486672381.556 0.4269927 -0.542361 1.221874
486672414.4839 0.4299926 -0.5420271 1.224445
486672447.5538 0.429921 -0.5418517 1.224608
486672481.5643 0.4284772 -0.5453663 1.226535
486672514.4877 0.4172474 -0.5431048 1.226444
486672547.5725 0.4177031 -0.5411174 1.22276
486672581.5629 0.4160978 -0.5413296 1.225689
486672614.4785 0.4143872 -0.5412153 1.22755
486672647.5427 0.4150128 -0.5389668 1.223184
486672681.5618 0.4132602 -0.5393584 1.225728
486672714.4762 0.412838 -0.5398406 1.226151
486672747.5436 0.4128725 -0.5402268 1.226174
486672781.5648 0.4113615 -0.5402549 1.226332
486672814.4821 0.4093117 -0.5389002 1.227836
486672847.5442 0.4094076 -0.5388511 1.227743
486673114.4756 0.4102077 -0.5410844 1.229959
486673147.5472 0.40896 -0.5408546 1.229536
486673181.5556 0.4081306 -0.5405466 1.229759
486673214.479 0.4081257 -0.5408787 1.230329
486673247.5379 0.4079651 -0.5407017 1.23049
486673281.5546 0.4080037 -0.5407463 1.230397
486673314.4792 0.4078272 -0.5405303 1.230706
486673347.5401 0.4075582 -0.5408009 1.230531
486673381.5646 0.4069493 -0.5402387 1.23042
486673414.4847 0.4069421 -0.5398083 1.23055
486673447.5407 0.4066279 -0.5395581 1.230012
486673481.5763 0.4065734 -0.5391093 1.229081
486673514.4771 0.4068012 -0.5377404 1.22833
486673547.5388 0.4082754 -0.5374454 1.226454
486673581.5489 0.4143351 -0.5379757 1.221046
486673614.4838 0.4159484 -0.5331835 1.220552
486673647.5439 0.4186244 -0.5267016 1.219526
486673681.5663 0.422184 -0.5196696 1.219867
486673714.4897 0.427056 -0.5126954 1.221557
486673747.5469 0.4301006 -0.5069147 1.223795
486673781.5505 0.4300228 -0.5012863 1.225371
486673814.4886 0.4304588 -0.4943595 1.22773
486673847.545 0.4234295 -0.4884662 1.229677
486673881.5552 0.4050141 -0.4763573 1.228763
486673914.4695 0.3898467 -0.4625385 1.227537
486673947.5427 0.3490709 -0.4388617 1.228621
486673981.5512 0.3320394 -0.4182243 1.227363
486674014.4803 0.2843301 -0.4077218 1.229818
486674047.5396 0.2616046 -0.3641703 1.230901
486674081.5526 0.2499039 -0.3415984 1.233976
486674114.4822 0.2365671 -0.3106531 1.240062
486674147.541 0.2396701 -0.2886209 1.2456
486674181.5618 0.1969498 -0.2407717 1.233986
486674214.4778 0.1893001 -0.2072029 1.185581
486674247.5592 0.1880743 -0.1918762 1.226349
486674281.555 0.1852791 -0.1902809 1.236487
486674314.4808 0.184764 -0.1896342 1.238414
486674347.5368 0.1845926 -0.189322 1.239104
486674381.5539 0.1843243 -0.1887315 1.235804
486674414.4675 0.1822981 -0.1945946 1.165274
486674681.5573 0.2829509 -0.4218964 1.2185
486674714.4679 0.3154081 -0.4494388 1.225312
486674747.5313 0.3188963 -0.4636087 1.224015
486674781.5579 0.3552277 -0.4630664 1.219976
486674814.48 0.365122 -0.4742158 1.220205
486674847.5446 0.3781514 -0.493168 1.216916
486674881.563 0.4010449 -0.47817 1.225724
486674914.4769 0.4096939 -0.4775558 1.222093
486674947.5464 0.4131857 -0.476404 1.222353
486674981.5487 0.41693 -0.4777127 1.223264
486675014.4816 0.4208682 -0.4787377 1.224109
486675047.5335 0.4247432 -0.4800161 1.226174
486675081.5477 0.4278839 -0.4814075 1.227219
486675114.4764 0.4302566 -0.4828858 1.228609
486675147.5459 0.4326266 -0.4842801 1.22959
486675181.5569 0.4336751 -0.484948 1.229715
486675214.4794 0.4344733 -0.4856782 1.229687
486675247.5551 0.4345655 -0.4863868 1.229812
486675281.5439 0.4345149 -0.4871313 1.229932
486675314.4849 0.4343579 -0.4881725 1.229697
486675347.5319 0.4339762 -0.48883 1.22978
486675381.5666 0.4337664 -0.4896967 1.229674
486675414.4777 0.4332704 -0.4900908 1.229429
486675447.5399 0.433219 -0.4904206 1.229413
486675481.5627 0.4332069 -0.4908063 1.229667
486675514.4767 0.4331726 -0.4911283 1.229621
486675547.5372 0.4331509 -0.4914508 1.229873
486675581.5436 0.4330491 -0.491748 1.230179
486675614.4744 0.4328521 -0.4919141 1.230235
486675647.5484 0.4325072 -0.4921627 1.230497
486675681.5655 0.4322408 -0.4922987 1.230514
486675714.4766 0.4316944 -0.4926067 1.230776
486675747.542 0.4314392 -0.4929662 1.23074
486675781.5501 0.4309098 -0.4933643 1.230478
486675814.4722 0.4304288 -0.4936279 1.230318
486675847.5475 0.4301399 -0.4938253 1.230316
486675881.5556 0.4299768 -0.4939427 1.230273
486675914.4687 0.4297951 -0.4942276 1.230199
486675947.5518 0.4296897 -0.494329 1.23017
486675981.5438 0.429597 -0.4944132 1.230238
486676014.4738 0.4295921 -0.4945946 1.230391
486676047.529 0.4295308 -0.4948234 1.230528
486676081.562 0.4294077 -0.495131 1.230535
486676114.4629 0.4293097 -0.4952985 1.230663
486676147.541 0.4292628 -0.4955445 1.230634
486676181.5737 0.4292504 -0.4959297 1.230848
486676214.4757 0.429258 -0.4962023 1.230877
486676247.528 0.4290886 -0.4974768 1.230621
486676281.5439 0.429156 -0.4976684 1.231163
486676314.478 0.4291626 -0.4978368 1.231227
486676347.5356 0.4291508 -0.4981194 1.231297
486676381.5773 0.4292004 -0.4983636 1.231305
486676414.4748 0.4292527 -0.4985358 1.231158
486676447.5284 0.4292732 -0.4985841 1.231172
486676481.5541 0.4293482 -0.4986905 1.231247
486676514.5058 0.429406 -0.4988453 1.231385
486676547.5696 0.429574 -0.4988568 1.231578
486676581.5501 0.4295782 -0.4989683 1.23159
486676614.4752 0.4295905 -0.4990339 1.231563
486676647.5345 0.4294916 -0.4997439 1.231423
486676681.5388 0.429498 -0.4998775 1.231388
486676714.5554 0.4294115 -0.5005565 1.231271
486676747.5313 0.4294355 -0.5005529 1.231374
486676781.5451 0.429459 -0.5005786 1.231341
486676814.4698 0.4294573 -0.500626 1.231364
486676847.5286 0.4294824 -0.500567 1.231405
486676881.5359 0.4294042 -0.5009952 1.231314
486676914.4687 0.4294268 -0.5012403 1.231421
486676947.6146 0.4293897 -0.5012311 1.231485
486676981.559 0.4294148 -0.5010756 1.231509
486677014.473 0.4294592 -0.5010492 1.231597
486677047.5425 0.4294564 -0.5010406 1.231569
486677081.5399 0.4296127 -0.5011051 1.231806
486677114.4719 0.4296826 -0.5009774 1.231829
486677147.523 0.4298401 -0.500837 1.232023
486677181.5372 0.4299237 -0.5007759 1.232049
486677214.4708 0.4301571 -0.5005503 1.232116
486677247.5473 0.4310085 -0.5006336 1.232494
486677281.541 0.4324657 -0.5003411 1.232288
486677314.4628 0.4356468 -0.5002435 1.233369
486677347.5274 0.4378515 -0.5003181 1.232311
486677381.5379 0.4401336 -0.4999237 1.23106
486677414.4687 0.4425057 -0.4994814 1.230725
486677447.5292 0.4459126 -0.4996245 1.231776
486677481.5623 0.4501167 -0.5000393 1.234201
486677514.4836 0.4564475 -0.5013605 1.23874
486677547.5647 0.4614311 -0.5025666 1.243348
486677581.5477 0.4634092 -0.5030598 1.244613
486677614.4629 0.4604795 -0.5552585 1.237717
486677647.5262 0.4605114 -0.5552849 1.237802
486677681.5322 0.4693414 -0.540503 1.243968
486677714.463 0.4729229 -0.5380548 1.246139
