486691147.486 0.424163 -0.6106273 1.254202
486691181.5232 0.4240221 -0.6205668 1.259855
486691214.5028 0.4238485 -0.6094381 1.25792
486691247.4763 0.4238011 -0.6086869 1.260153
486691281.4885 0.423546 -0.6087071 1.259628
486691314.418 0.4235667 -0.6102941 1.260361
486691347.4937 0.4235374 -0.6100317 1.260399
486691381.4936 0.4235446 -0.6095684 1.260532
486691414.4248 0.4244414 -0.609125 1.258112
486691447.4918 0.4220856 -0.6072282 1.263887
486691481.488 0.4229802 -0.6097947 1.261332
486691514.4249 0.4236873 -0.610415 1.259801
486691547.4895 0.4248347 -0.6544154 1.270311
486691581.4923 0.4238943 -0.6060416 1.260241
486691614.4177 0.423243 -0.6058584 1.26094
486691647.4827 0.4231231 -0.6066498 1.26089
486691681.4973 0.4232013 -0.6070077 1.261244
486691714.4392 0.4238811 -0.6068948 1.259667
486691747.4915 0.4242244 -0.6074319 1.257724
486691781.4946 0.42423 -0.6073139 1.257907
486691814.4201 0.4241896 -0.6072212 1.258235
486691847.4863 0.4239919 -0.60688 1.259508
486691881.5022 0.4247855 -0.6192896 1.263599
486691914.4124 0.424416 -0.6061386 1.263456
486691947.4738 0.4232508 -0.6000488 1.281967
486691981.5015 0.4318444 -0.6032646 1.190893
486692014.4155 0.4327562 -0.608981 1.191382
486692047.4858 0.4329023 -0.609743 1.191433
486692081.4947 0.4328892 -0.6100386 1.191206
486692114.4206 0.4329775 -0.6102686 1.191183
486692147.4881 0.4330481 -0.6097693 1.191358
486692181.4973 0.4333141 -0.6111189 1.191768
486692214.4088 0.4332914 -0.6111244 1.191746
486692247.4821 0.4331847 -0.6103542 1.191767
486692281.5115 0.4333152 -0.6104859 1.19213
486692314.4349 0.4332035 -0.6097724 1.191725
486692347.4863 0.4332092 -0.6098018 1.191703
486692381.4936 0.4332921 -0.6099477 1.191712
486692414.417 0.4331186 -0.6104708 1.191517
486692447.4898 0.4332405 -0.6111678 1.191673
486692481.5011 0.4332901 -0.6104957 1.191815
486692514.489 0.4333724 -0.6100599 1.191916
486692547.4764 0.4324447 -0.5498693 1.198146
486692581.4808 0.4341505 -0.6123336 1.191864
486692614.414 0.4332871 -0.5494289 1.19818
486692647.477 0.4332685 -0.6159291 1.191899
486692681.4961 0.4333695 -0.6158972 1.192275
486692714.4335 0.4334854 -0.6148601 1.192124
486692747.4747 0.4335132 -0.6135757 1.192404
486692781.4811 0.4334916 -0.6134065 1.19231
486692814.4123 0.4334688 -0.6133317 1.192069
486692847.4851 0.4335729 -0.6122043 1.192342
486692881.4866 0.4335124 -0.6120813 1.192318
486692914.4165 0.4334119 -0.6119097 1.192353
486692947.551 0.4334041 -0.6119072 1.192397
486692981.4954 0.4334352 -0.6111909 1.192456
486693014.4126 0.4334346 -0.6111754 1.192463
486693047.4752 0.4334195 -0.6112351 1.192586
486693081.4795 0.4332231 -0.6103964 1.192368
486693114.4046 0.4331411 -0.6098777 1.192219
486693147.4704 0.4330426 -0.6107485 1.191903
486693181.5076 0.4331778 -0.6109729 1.191971
486693214.4179 0.4334358 -0.551259 1.196855
486693247.5034 0.4331626 -0.6123424 1.190887
486693281.4831 0.4333508 -0.6124097 1.191021
486693314.4164 0.4328949 -0.5520317 1.197907
486693347.4839 0.4338861 -0.6172813 1.192814
486693381.4849 0.4337861 -0.6167781 1.192917
486693414.4161 0.4336423 -0.6139815 1.192682
486693447.4816 0.4336153 -0.6138611 1.192581
486693481.4872 0.43325 -0.5510597 1.196781
486693514.4147 0.4334225 -0.6053998 1.191912
486693547.4813 0.4320742 -0.5330074 1.197278
486693581.6195 0.4324938 -0.5391487 1.197801
486693614.4091 0.4330649 -0.548616 1.197696
486693647.4852 0.4334084 -0.6133325 1.190879
486693681.4863 0.4292719 -0.5483057 1.209005
486693714.4142 0.429882 -0.5470991 1.206073
486693747.4944 0.4307655 -0.5561631 1.204495
486693781.495 0.4307847 -0.5533149 1.203711
486693814.4057 0.4326839 -0.6049125 1.190937
486693847.4765 0.4300594 -0.5535953 1.213255
486693881.5125 0.4336588 -0.6123412 1.190884
486693914.4219 0.4333406 -0.6110572 1.190735
486693947.4766 0.4325798 -0.556308 1.197968
486693981.4822 0.4320604 -0.5697032 1.200342
486694014.4196 0.4319881 -0.5694355 1.200049
486694047.4895 0.4335805 -0.6074271 1.19217
486694081.4902 0.4324338 -0.6004629 1.191966
486694114.4062 0.4317808 -0.5650523 1.19638
486694147.4696 0.4318605 -0.5642784 1.196774
486694181.4978 0.4326657 -0.6083414 1.191307
486694214.4105 0.4316136 -0.5520854 1.196468
486694247.4804 0.4319477 -0.6034344 1.189969
486694281.4823 0.4320842 -0.6042758 1.190521
486694314.423 0.4313023 -0.5776678 1.194574
486694347.4826 0.4313001 -0.5595558 1.196142
486694381.4776 0.4312769 -0.5585485 1.196566
486694414.4124 0.431059 -0.6383299 1.231455
486694447.4881 0.4312609 -0.5662319 1.196097
486694481.495 0.4312664 -0.5662207 1.196118
486694514.4056 0.4301096 -0.5595575 1.201901
486694547.476 0.4302285 -0.5608615 1.200845
486694581.4877 0.4302488 -0.5574024 1.199873
486694614.4017 0.4331494 -0.5830746 1.196294
486694647.4716 0.430813 -0.5610146 1.197921
486694681.4904 0.4309529 -0.5629686 1.19725
486694714.4228 0.4314176 -0.6087893 1.189303
486694747.4714 0.4314937 -0.5735335 1.194995
486694781.4934 0.433085 -0.5907799 1.19431
486694814.4074 0.4313968 -0.5892968 1.192768
486694847.4679 0.4257759 -0.6549252 1.270128
486694881.4776 0.4272247 -0.6153372 1.259939
486694914.4092 0.4268906 -0.6152964 1.259385
486694947.4762 0.4307835 -0.5513433 1.199134
486694981.4868 0.4304437 -0.5579059 1.201445
486695014.4992 0.4303842 -0.558028 1.20103
486695047.4793 0.4302102 -0.5577783 1.203378
486695081.4795 0.4306641 -0.5738602 1.196361
486695114.4005 0.430286 -0.5708889 1.198392
486695147.479 0.4302504 -0.5699996 1.198219
486695181.5158 0.4302463 -0.5709369 1.198605
486695214.401 0.430289 -0.5727752 1.198671
486695247.4644 0.430478 -0.5744312 1.197558
486695281.4766 0.4304399 -0.5727055 1.197101
486695314.4024 0.4304483 -0.5720003 1.197098
486695347.4695 0.4299291 -0.559927 1.198236
486695381.4891 0.4296871 -0.5596012 1.199729
486695414.4034 0.4299875 -0.5607979 1.198656
486695447.4647 0.4298538 -0.5596372 1.198783
486695481.4773 0.4296018 -0.5582486 1.201754
486695514.4069 0.429306 -0.5577486 1.204048
486695547.467 0.4295088 -0.5575539 1.201869
486695581.4767 0.4299092 -0.5584036 1.201579
486695614.4041 0.4300179 -0.5613371 1.19881
486695647.4618 0.4299239 -0.5616897 1.201009
486695681.483 0.4305342 -0.5675087 1.196814
486695714.399 0.4307133 -0.5707161 1.19611
486695747.4788 0.4307069 -0.5706999 1.196062
486695781.4823 0.4307105 -0.5890674 1.192376
486695814.3991 0.4308751 -0.5877861 1.192644
486695847.4642 0.4308218 -0.5757548 1.194828
486695881.4948 0.4288965 -0.5606083 1.198852
486695914.4067 0.4303603 -0.5593944 1.198868
486695947.4598 0.4306215 -0.5613566 1.198748
486695981.479 0.4326575 -0.6068273 1.191242
486696014.4175 0.4315561 -0.5916757 1.195389
486696047.4752 0.4306533 -0.5755711 1.200329
486696081.4738 0.4246624 -0.5613278 1.207014
486696114.3968 0.430376 -0.5601026 1.204902
486696147.4597 0.430142 -0.552407 1.205742
486696181.4768 0.4324204 -0.5999252 1.191128
486696214.3994 0.419769 -0.5345596 1.197141
486696247.4652 0.4232647 -0.5342764 1.199839
486696281.4901 0.4278078 -0.531274 1.199455
486696314.4024 0.4306471 -0.5256158 1.200556
486696347.4699 0.4323834 -0.5291475 1.204575
486696381.4919 0.4322709 -0.5316208 1.205241
486696414.4133 0.4327855 -0.510218 1.213172
486696447.4668 0.4265409 -0.5029516 1.21364
486696481.4872 0.4064919 -0.4820714 1.21356
486696514.4007 0.392814 -0.4665871 1.212132
486696547.4731 0.3636585 -0.4430285 1.212307
486696581.489 0.3500917 -0.4214493 1.21176
486696614.4119 0.3301137 -0.3880835 1.213928
486696647.4844 0.3221264 -0.372233 1.220519
486696681.476 0.307449 -0.343038 1.223621
486696714.4195 0.2968147 -0.3266879 1.226228
486696747.4698 0.2339463 -0.270657 1.208436
486696781.4684 0.2486073 -0.2677876 1.235243
486696814.4028 0.2270551 -0.2274813 1.196897
486696847.4654 0.2338147 -0.226638 1.223772
486696881.5018 0.2370147 -0.2269651 1.229593
486696914.419 0.238887 -0.2263684 1.231216
486696947.4668 0.2393473 -0.2260959 1.231189
486696981.4732 0.2256006 -0.2128446 1.166218
486697014.3929 0.2252708 -0.2147112 1.165563
486697047.4645 0.2251329 -0.2214368 1.162173
486697081.4857 0.2326697 -0.2595736 1.191747
486697114.4025 0.2492489 -0.2849319 1.22008
486697147.4606 0.2486831 -0.3032511 1.217437
486697181.4735 0.2514834 -0.3241114 1.198736
486697214.4133 0.2557246 -0.3618738 1.204964
486697247.4632 0.2709156 -0.3868555 1.202769
486697281.4774 0.2903967 -0.4256731 1.207085
486697314.3926 0.3114918 -0.4442058 1.203033
486697347.4617 0.3318545 -0.4618602 1.212654
486697381.4665 0.3141458 -0.5260422 1.202057
486697414.3944 0.3786755 -0.4659925 1.215373
486697447.468 0.3885412 -0.4765031 1.213275
486697481.4728 0.4031231 -0.4751258 1.215612
486697514.3991 0.4108769 -0.4780599 1.216334
486697547.4665 0.4181835 -0.4803552 1.215865
486697581.4676 0.424637 -0.4823749 1.215837
486697614.391 0.4283583 -0.4836071 1.215472
486697647.4614 0.4313804 -0.4844458 1.215094
486697681.4764 0.4342144 -0.4854923 1.214941
486697714.4105 0.4363723 -0.4863589 1.215308
486697747.4661 0.4384664 -0.4871652 1.215689
486697781.4762 0.4416342 -0.4885902 1.217835
486697814.4078 0.4418879 -0.4887474 1.217721
486697847.4601 0.4419759 -0.4894725 1.217441
486697881.4718 0.4418065 -0.4905378 1.216679
486697914.4059 0.4412051 -0.4917297 1.216823
486697947.5095 0.441255 -0.493375 1.216581
486697981.4831 0.4413865 -0.4958418 1.216268
486698014.4142 0.4430898 -0.4989532 1.216791
486698047.4661 0.4430203 -0.4982913 1.21671
486698081.4853 0.4430337 -0.4992578 1.216643
486698114.3992 0.4446847 -0.5041004 1.219805
486698147.4684 0.4400412 -0.5015979 1.219502
486698181.4785 0.4397159 -0.5039949 1.217811
486698214.3916 0.4383928 -0.5060579 1.219291
486698247.4611 0.4379782 -0.5061837 1.215977
486698281.4675 0.4378545 -0.507511 1.21526
486698314.4008 0.4373127 -0.5426953 1.212396
486698347.4572 0.439932 -0.5097726 1.214507
486698381.4808 0.4398783 -0.5115198 1.214103
486698414.4321 0.4389062 -0.5124808 1.212765
486698447.4619 0.4388518 -0.5137657 1.212617
486698481.4954 0.438307 -0.5147157 1.211722
486698514.4052 0.4383185 -0.5223277 1.210775
486698547.4649 0.4368434 -0.5332825 1.212697
486698581.4619 0.4366715 -0.5336634 1.21243
486698614.4013 0.4364619 -0.5348875 1.212273
486698647.456 0.4363535 -0.5350872 1.212251
486698681.4768 0.4371662 -0.5277646 1.213684
486698714.3912 0.4365859 -0.5316471 1.213331
486698747.4665 0.4355636 -0.5290502 1.211535
486698781.4823 0.435381 -0.5305942 1.211491
486698814.3971 0.4358616 -0.5188607 1.21256
486698847.4539 0.4358544 -0.5300894 1.211841
486698881.4866 0.4357559 -0.5314583 1.212424
486698914.387 0.4356473 -0.5320037 1.212323
486698947.482 0.4355363 -0.5325484 1.212179
486698981.4716 0.4355171 -0.5218721 1.213215
486699014.3986 0.4353366 -0.5218067 1.212496
486699047.4702 0.4354001 -0.5217988 1.212324
486699081.4664 0.4354738 -0.5217229 1.21107
486699114.3885 0.4354372 -0.5240961 1.210711
486699147.4597 0.4354189 -0.5331967 1.211498
486699181.4707 0.4354341 -0.5246939 1.212724
486699214.3945 0.4350478 -0.5267634 1.21253
486699247.4919 0.4361656 -0.5274182 1.211916
486699281.4622 0.4358313 -0.5276297 1.211743
486699314.3823 0.43564 -0.5285296 1.211139
486699347.4482 0.4354695 -0.5289307 1.210957
486699381.4673 0.4350771 -0.5300419 1.21108
486699414.3911 0.434703 -0.5308631 1.210952
486699447.4672 0.434725 -0.5313755 1.210566
486699481.4638 0.4346935 -0.5315239 1.21136
486699514.3851 0.4344732 -0.5314525 1.210467
486699547.4637 0.4344791 -0.5324948 1.210979
486699581.4615 0.4345444 -0.5320661 1.210988
486699614.3988 0.4355261 -0.5323903 1.212038
486699647.454 0.4348778 -0.5323039 1.211693
486699681.4608 0.4349034 -0.5322756 1.211664
486699714.4302 0.434524 -0.5326438 1.21191
486699747.4899 0.4345537 -0.532568 1.211903
486699781.5349 0.4345854 -0.5319096 1.211992
486699814.4008 0.4352305 -0.5319422 1.212184
486699847.4617 0.4352423 -0.5318801 1.21211
486699881.4615 0.4344235 -0.5336804 1.212142
486699914.3825 0.4344457 -0.5334862 1.212134
486699947.4524 0.4344154 -0.5347754 1.212108
486699981.4909 0.4342453 -0.5346563 1.212032
486700014.3958 0.4355139 -0.5347528 1.214087
486700047.453 0.4354742 -0.5347121 1.213762
