486803081.1187 0.4270575 -0.4947415 1.208178
486803114.0494 0.4248083 -0.5018228 1.209992
486803147.1104 0.4236792 -0.5037184 1.212164
486803181.1307 0.4233784 -0.5069486 1.21258
486803214.0471 0.4270392 -0.4957319 1.208897
486803247.136 0.4241151 -0.4999419 1.211951
486803281.1412 0.422771 -0.5028493 1.214103
486803314.0436 0.4265531 -0.4928488 1.208793
486803347.1082 0.4243481 -0.5042703 1.21122
486803381.1315 0.4237486 -0.5055659 1.21133
486803414.0544 0.4233238 -0.5067215 1.211414
486803447.126 0.4231674 -0.5084631 1.211866
486803481.1271 0.421816 -0.5134559 1.21312
486803514.0419 0.4218031 -0.5134794 1.213114
486803547.1143 0.4216385 -0.523573 1.2156
486803581.1174 0.4216143 -0.5219003 1.215273
486803614.0498 0.421599 -0.5209258 1.215069
486803647.1157 0.4216692 -0.5203283 1.215038
486803681.125 0.4232287 -0.4895822 1.207314
486803714.0512 0.4201207 -0.5160538 1.21701
486803747.1081 0.4202123 -0.5159147 1.216863
486803781.1157 0.4202548 -0.5159153 1.216827
486803814.0432 0.4270822 -0.4946946 1.209529
486803847.1263 0.4245465 -0.506222 1.213597
486803881.1294 0.4236932 -0.5086307 1.213865
486803914.0462 0.4222538 -0.512167 1.214661
486803947.1162 0.4217062 -0.5110797 1.215002
486803981.123 0.4217339 -0.5115456 1.214981
486804014.0464 0.4217199 -0.5117253 1.21491
486804047.1196 0.42166 -0.5118665 1.21478
486804081.1182 0.4214744 -0.5116601 1.215039
486804114.0425 0.4207122 -0.5139009 1.215626
486804147.1128 0.4207228 -0.5139019 1.21561
486804181.1147 0.4207821 -0.5140493 1.215676
486804214.0471 0.4204121 -0.5160656 1.216294
486804247.1011 0.4201552 -0.5175476 1.216896
486804281.1128 0.4196745 -0.5155674 1.217276
486804314.0436 0.4197713 -0.5152476 1.217057
486804347.1008 0.419827 -0.5151142 1.216815
486804381.1167 0.4199662 -0.51519 1.216755
486804414.0499 0.4196809 -0.5165443 1.216912
486804447.1035 0.4197643 -0.5163833 1.216674
486804481.1185 0.4198374 -0.516004 1.216398
486804514.0394 0.4198849 -0.5159812 1.216333
486804547.102 0.4199003 -0.51706 1.216246
486804581.1215 0.4198712 -0.5151412 1.216948
486804614.0408 0.4201009 -0.5149946 1.216675
486804647.1063 0.4199952 -0.5154226 1.216492
486804681.1344 0.4205097 -0.5152243 1.215722
486804714.0471 0.4212916 -0.5151011 1.214597
486804747.1146 0.422815 -0.5146554 1.212974
486804781.11 0.4251489 -0.5266497 1.211374
486804814.0436 0.4254589 -0.52731 1.211178
486804847.1086 0.4256682 -0.5277305 1.209595
486804881.113 0.4248041 -0.5280205 1.209895
486804914.0495 0.422449 -0.4871334 1.214028
486804947.1133 0.3897256 -0.5156258 1.213963
486804981.1152 0.37457 -0.5067058 1.220005
486805014.0452 0.3489781 -0.4775285 1.222816
486805047.1065 0.3376604 -0.4365537 1.214362
486805081.1146 0.3308709 -0.4118791 1.227222
486805114.0482 0.3155537 -0.3900534 1.22408
486805147.112 0.2935136 -0.3724504 1.227821
486805181.1184 0.255548 -0.3182531 1.231209
486805214.0533 0.2470098 -0.3125326 1.23578
486805247.138 0.2254648 -0.2990597 1.236127
486805281.1169 0.1778525 -0.2138212 1.242603
486805314.0494 0.177901 -0.2062447 1.243763
486805347.1066 0.1796828 -0.1942867 1.248133
486805381.106 0.1774003 -0.1826758 1.250258
486805414.0421 0.1781258 -0.1783701 1.251511
486805447.1022 0.1793403 -0.1787504 1.251985
486805481.1427 0.1806121 -0.1794652 1.25173
486805514.0402 0.2067171 -0.2165061 1.246009
486805547.1155 0.2131104 -0.2229768 1.245299
486805581.1137 0.1898072 -0.2292582 1.232506
486805614.0732 0.1916451 -0.2366431 1.229849
486805647.1075 0.2357121 -0.3042544 1.23863
486805681.1389 0.2646122 -0.3137284 1.234275
486805714.057 0.2397055 -0.3508408 1.228731
486805747.1278 0.246396 -0.3697672 1.229641
486805781.1136 0.2663756 -0.4114908 1.23911
486805814.0444 0.282684 -0.4340924 1.232427
486805847.1156 0.3047161 -0.4597787 1.231268
486805881.1085 0.3202282 -0.4777956 1.232782
486805914.0717 0.3503115 -0.4679323 1.233121
486805947.1088 0.3614944 -0.4897346 1.218158
486805981.0376 0.3708502 -0.4979492 1.222583
486806014.0505 0.3821346 -0.5381925 1.222937
486806047.1032 0.3869362 -0.5401973 1.226517
486806081.1166 0.402237 -0.5401883 1.222661
486806114.031 0.4074325 -0.5430918 1.223608
486806147.1301 0.4114308 -0.5445217 1.222842
486806181.1159 0.416289 -0.5432724 1.222416
486806214.0365 0.4293835 -0.5225003 1.221171
486806247.1101 0.4311807 -0.51976 1.222043
486806281.1116 0.4357162 -0.5027055 1.222427
486806314.0387 0.4359073 -0.5040748 1.222127
486806347.0967 0.4357626 -0.5043117 1.221927
486806381.1146 0.4352207 -0.5066882 1.222738
486806414.0725 0.4294174 -0.4870796 1.224848
486806447.1154 0.4315624 -0.4906816 1.223275
486806481.1205 0.4311169 -0.5027682 1.221984
486806514.0394 0.4272774 -0.4891116 1.222457
486806547.0983 0.4269506 -0.4893179 1.222834
486806581.1158 0.4268151 -0.4897365 1.222847
486806614.0367 0.4265318 -0.4897865 1.22295
486806647.1063 0.4265351 -0.4902113 1.222629
486806681.0297 0.4264334 -0.4903196 1.222713
486806714.0332 0.4258112 -0.4901713 1.222533
486806747.0998 0.4286561 -0.5158783 1.222602
486806781.1095 0.4219924 -0.4902927 1.223689
486806814.0366 0.4221771 -0.4894979 1.223691
486806847.1053 0.4274147 -0.5163766 1.222605
486806881.0342 0.4274195 -0.5163766 1.222605
486806914.0368 0.4279242 -0.5122662 1.222345
486806947.1076 0.4280556 -0.510741 1.222402
486806981.0483 0.4279529 -0.511388 1.222538
486807014.0443 0.4281877 -0.5095432 1.222565
486807047.1061 0.4286813 -0.5076001 1.222589
486807081.17 0.4284732 -0.5085397 1.222457
486807114.0486 0.4284193 -0.5090148 1.222377
486807147.112 0.4283974 -0.5093999 1.222312
486807181.031 0.4283033 -0.5102372 1.222224
486807214.0328 0.4282458 -0.5104435 1.22225
486807247.0986 0.4282124 -0.5105322 1.222097
486807281.112 0.4281501 -0.5108348 1.222137
486807314.0444 0.4281181 -0.5109267 1.222116
486807347.1 0.4281835 -0.5111132 1.222085
486807381.1233 0.428158 -0.5111551 1.221962
486807414.0232 0.4281591 -0.5116127 1.221835
486807447.101 0.4281711 -0.5116096 1.221832
486807481.0602 0.4282055 -0.5118378 1.221749
486807514.0304 0.4207827 -0.4894001 1.221929
486807547.0962 0.4207596 -0.4894961 1.221898
486807581.0402 0.4286655 -0.5158896 1.22064
486807614.0429 0.4206921 -0.4890924 1.223423
486807647.0956 0.4206749 -0.4890404 1.223354
486807681.1192 0.4206744 -0.4890052 1.22324
486807714.0324 0.4206861 -0.4889807 1.223213
486807747.1085 0.4271809 -0.5139093 1.220659
486807781.0369 0.4272006 -0.5139224 1.220633
486807814.0309 0.4272031 -0.5139169 1.220633
486807847.0963 0.4272081 -0.5139276 1.220612
486807881.0411 0.4272075 -0.5139003 1.220587
486807914.0499 0.4192025 -0.487701 1.219454
486807947.0944 0.4192292 -0.487801 1.219362
486807981.1296 0.4276798 -0.5149056 1.21967
486808014.032 0.4276794 -0.5149052 1.219747
486808047.0921 0.4276514 -0.5150138 1.21985
486808081.0382 0.4262617 -0.5167736 1.220223
486808114.0396 0.426329 -0.5167075 1.22029
486808147.0952 0.4105748 -0.4871079 1.221697
486808181.0219 0.4271816 -0.5158982 1.219667
486808214.0319 0.4271502 -0.5158978 1.219749
486808247.1093 0.4271604 -0.5158974 1.21982
486808281.1034 0.4271609 -0.5158719 1.219841
486808314.0276 0.427146 -0.5157797 1.220014
486808347.0947 0.4271396 -0.5157384 1.220034
486808381.0198 0.4271004 -0.5157734 1.220174
486808414.0286 0.4271026 -0.5157925 1.22022
486808447.0879 0.4271297 -0.5157114 1.220606
